  0.99899999999123257     
  0.36221578606527682     
  0.18695411312472801     
   5.4031216302768220E-002
   5.3451681069216711E-003
   1.3779314320117640E-002
   5.6912713350836974E-002
   5.9197093953401850E-002
   2.4753446343299085E-002
   8.0116510124417679E-003
  -6.1837577099433348E-002
  -3.0271782760533779E-002
   5.1089510018639686E-003
  -6.0960995506382952E-003
  -1.1764709517747236E-002
   4.2790087336215074E-002
   7.9955150543520925E-002
   7.4496788746774003E-003
   1.1118248679769323E-002
   2.9215013522218784E-002
   2.7464940028232881E-002
  -8.3318227291974706E-003
  -3.5975852004972990E-002
   1.4408805729035832E-002
   2.9773137034646575E-002
   5.0865323555877050E-002
   3.6637049374043627E-002
   5.5669068959751385E-002
   4.0222687089506527E-002
   1.1215522364261300E-002
  -1.2130509710713205E-002
  -1.3725357839997647E-002
  -2.3115338602701197E-002
  -4.2453095775689995E-002
  -5.4695456016395409E-002
  -1.1548948405638877E-002
   1.6441238896450943E-003
  -9.2676762809999289E-003
  -4.3842044435988242E-002
  -5.0010280817976965E-003
   2.1433639166198531E-002
   1.2646824685795095E-002
   2.5984300204969130E-002
   3.4978736477747553E-002
   2.8218517558697472E-002
   2.9960994249304547E-002
   3.3491107887232398E-002
   4.3713776444490586E-002
   6.3567822614056030E-003
  -6.0040214915101746E-003
  -1.1442831994420798E-002
  -1.9503410815003331E-002
   1.7522544044480198E-002
   3.2655867215347315E-002
   3.0734755674710283E-002
   1.1192265398343899E-002
   1.4266614667972180E-002
  -3.9781824196042100E-002
  -5.6528971595871703E-002
  -4.2163926063249244E-002
  -3.8627087664053297E-003
  -1.6713966218173341E-002
  -2.2091222719819524E-002
   4.3353625539588030E-003
  -1.9683108518621598E-002
   6.8967566949818065E-002
   4.2498383669704619E-002
   6.2492874464221269E-002
   2.4572427574021293E-002
   1.8359103730280973E-002
  -7.2858453063449666E-002
  -5.6668408894614948E-002
  -4.3920233409736704E-003
  -4.5915349194579737E-003
  -5.8928054565910451E-002
  -9.7205535094926188E-002
  -8.5562536676208528E-002
  -6.3181400321571157E-002
  -3.3132287742174339E-002
  -8.0337987083542953E-003
  -2.0148330743344684E-003
   1.0476892219176496E-002
   3.8761300349479865E-003
   8.4809963243714752E-003
   5.9471457891972310E-003
   1.2011219982650983E-002
  -1.7733238353922636E-002
  -1.9608097675460675E-002
  -1.7381445413952482E-002
  -3.4847389355111412E-002
  -3.9685041468294310E-002
  -6.1615223791288164E-002
  -1.4912358920660330E-002
   3.4616758677548220E-003
   1.2414749860384076E-002
   2.0367472908761557E-002
   3.6396069455137507E-002
   1.6135625677628333E-002
   4.1327945546598202E-003
   8.2886665429725767E-003
   1.7717259523377150E-002
   1.7071787579431149E-003
   4.4539568950842039E-002
   2.4733811354859830E-002
   3.5104050146765792E-002
   6.3187621044091008E-002
   4.3887957062614155E-002
   3.0119958694074356E-002
   6.9074798131426890E-002
   7.5328911916788352E-002
   4.8550837053965019E-002
   2.1448318094077948E-002
   2.8541774856089084E-002
   2.7568422598512630E-002
   9.6928177171328889E-003
  -1.4011131369479396E-002
  -1.2642610927270551E-002
  -3.1245650577953841E-002
   1.4073394108038682E-002
  -3.8076346494035893E-002
  -3.3484143702620948E-002
  -3.1305054949075900E-002
  -1.5328850036359079E-002
  -1.2734992733208655E-003
  -2.5217081601584296E-003
   2.8759629554768087E-002
  -1.3586021485386235E-002
   2.6711754824533317E-003
  -3.3954961148827872E-002
  -1.0491604521584577E-002
   1.7405284167190904E-002
   6.6286683082227058E-002
   6.9997055143426495E-002
   3.7377470632653148E-002
  -1.5748830647773547E-003
  -8.0743692212380688E-002
  -6.5275073277422796E-002
  -1.1693511559607043E-002
   4.5368725527982760E-002
  -1.3347543748148762E-002
  -4.2476898380466990E-002
  -5.6283130241944195E-002
  -8.0915381831743363E-002
  -8.2292102766616707E-002
  -3.3933727479863465E-002
   3.1589785025063967E-002
   1.0998143017032527E-002
   4.0984702397830371E-002
   2.8018180311181404E-002
   9.1941875962017680E-002
   8.8130765520543192E-002
   9.2973366036275901E-002
   9.7901652057284599E-002
   5.7163036322576501E-002
   3.1556869472117610E-002
  -2.9497996570629646E-002
  -1.6100288499546020E-002
  -1.1706962226445485E-002
  -4.2773386560316214E-002
  -3.0115914036268857E-002
  -3.4862828655400475E-002
  -3.2126731808405654E-002
   2.3336701187828768E-002
   4.1015579854959190E-002
   6.2383784894036329E-002
   3.8646807409005425E-002
   9.9100544401323318E-004
  -6.6842138236444899E-003
  -5.7312775650723612E-003
  -2.1117162486941878E-002
  -2.7309977573544367E-002
  -1.5803723539610900E-002
  -1.7238336712578239E-002
  -1.1363121571048816E-002
  -5.6770203908760045E-002
  -5.7209794867553440E-002
  -4.2612185343049842E-002
  -1.0911535154568289E-002
   2.5806429010290812E-002
   4.0766517520965294E-002
   1.4344617634093677E-002
  -1.4150132138350537E-002
  -7.7254769000542040E-002
  -6.1517340797677587E-002
  -9.6608461123353029E-002
  -6.9188287889964131E-002
  -9.7216725116050590E-002
  -8.4375835055754078E-002
  -7.6127355086883008E-002
  -9.2493463078171897E-002
  -8.6163112483084614E-002
  -1.9051320082456153E-002
  -1.5425556173274037E-002
  -5.7311578717816065E-002
  -4.3665805228431144E-002
  -2.1522674576771355E-002
  -5.4141291224865648E-002
  -1.7792108214710615E-002
  -9.5076598690621173E-003
   3.2494862538337520E-002
  -3.5605416087196848E-002
  -1.5481765610882494E-002
  -5.6542441604640004E-002
  -3.6114580691501703E-002
  -3.2359318080592482E-002
  -2.4078715453131887E-002
  -2.1529709490845945E-002
   6.6080111927003138E-004
  -6.0438503154446224E-002
  -7.2868055217226363E-002
  -3.6348250958686788E-002
  -3.4854719673631435E-002
  -7.4121668726860133E-003
  -3.6576224767999911E-002
   1.5286660519098506E-002
   2.9885920249802383E-002
   4.0407587615852607E-002
   4.0620381493646149E-002
   5.9570895530268550E-002
   6.3097689396128448E-002
   1.7307957237728159E-002
   2.0270045019722436E-002
   1.2448386062625707E-002
  -7.5776897040580413E-003
  -2.8502690003795728E-002
  -5.3839749382539416E-002
   8.5574649072541354E-003
   2.9564943414735591E-003
  -1.4455586028689873E-002
   6.6551303167424695E-004
  -2.0777802098422379E-002
   3.3959352151398878E-002
   5.1807684290960720E-002
   5.1160695405305448E-002
   3.0408364447092471E-002
   3.2995029948216383E-002
  -6.4931688591493078E-002
 -0.11080704281421482     
  -8.3962241384913053E-002
  -4.8744859953951947E-002
  -3.5357497905033702E-002
   7.9872402315424081E-003
  -6.0879436784519033E-003
  -3.9433876574097387E-002
  -1.4351777099569366E-002
  -7.6223758473293228E-003
   4.4775167702893533E-002
   9.9724914575180498E-002
   7.2565122196778242E-002
   1.1805857772002762E-002
   4.3029356083025437E-003
   1.1551835770206497E-002
   1.7324831998914874E-003
  -9.3334793280447734E-002
  -1.6351174012446432E-002
  -1.9548711009600418E-002
  -3.2654888896318436E-002
   2.9281049925900041E-002
   3.2562728655796951E-002
   7.4645480783023785E-002
   2.3388160458670579E-002
   5.2809024541211995E-003
   1.8702580148447897E-004
  -1.6092832416935141E-002
   1.8386793425183484E-002
  -2.6759853432934758E-002
  -1.2938818432548370E-002
  -1.4300690815551196E-002
   2.9430726025754285E-002
  -1.4197706338872922E-002
   4.3609095577080474E-002
   3.0482458291465828E-002
   5.0932416011984560E-002
   1.0389502819260732E-002
   4.6732735380094509E-002
   9.6519776570112181E-002
  0.10488890819937492     
   9.9120344980373018E-002
   8.5962439252819295E-002
   5.1678706171063848E-002
  -3.3058253347218340E-002
  -2.8710340788289247E-002
  -2.2089616127764208E-002
   2.0683043055027626E-002
   1.7641295910110460E-002
  -2.4673619427876440E-002
   2.8192363871071942E-002
   3.4322782557299480E-002
   1.7707055029905592E-003
  -3.9910307588332188E-002
  -5.4135510332576964E-002
  -6.1600235537857088E-002
  -5.8651557452857682E-002
  -4.2653278652447779E-002
   3.6917165410073893E-002
   1.4218858361512021E-002
   5.9765655022451349E-003
  -3.1418913010970002E-002
  -8.9064519943180594E-003
  -4.5886259312042293E-002
   8.0798405942469325E-003
   5.5456389500933151E-002
   3.1483576429096258E-002
   6.9141602108860278E-002
   5.9228165539615227E-002
  -4.6877977873017243E-003
  -2.0988139025152931E-002
  -2.8609118215247996E-002
  -8.9540453596834241E-002
  -1.5923116995125993E-002
   3.0914601685390676E-003
   3.5806895566727372E-002
   3.7421073136256630E-002
   6.5862555112978186E-002
   2.4169941299094558E-002
   5.5138438486493489E-002
   1.2056553760551101E-002
   4.2368236363667336E-002
   3.3864870316930522E-002
   1.9266778996819219E-002
   2.4210357362296948E-002
   3.2785685096554783E-003
  -2.0581506523874905E-002
   6.2413148199103388E-003
  -3.0002340991463565E-003
   2.5691337651948181E-002
   5.3420974333203829E-002
   1.0721210003043874E-002
   4.5234978908327797E-002
   2.6271599779061697E-002
   2.7712485211108195E-002
   3.4137919677191354E-002
   1.2208424401857236E-002
   7.3638516143022439E-003
  -3.0501339919557710E-002
  -7.1344896945802844E-002
  -6.2674082379111332E-002
  -1.6550631130207025E-002
  -5.6384897371318875E-002
   1.5231338076529847E-003
  -7.3691802578898097E-003
  -3.0800098383079184E-002
   8.5953297715310167E-003
  -2.2942541835567691E-003
   3.1361826046054586E-002
  -2.7806257487629434E-002
  -5.2255644845088670E-002
  -6.7872748725733872E-002
  -4.2020275537357370E-002
  -1.4190224102077329E-002
  -5.7061993593477654E-002
  -2.6140249477820801E-002
  -2.6566406607339933E-002
  -4.3493727432986740E-002
  -8.2298861879113441E-004
  -8.4958173887066963E-003
  -1.1786852425884895E-002
   1.6037802339178838E-002
   6.6084267508973909E-003
   1.4625795551736836E-003
  -1.0040456962191420E-002
  -2.7390196305463622E-002
  -3.0589338643021650E-002
   7.6114106390575151E-003
   1.0443902201591710E-002
   2.4012567904569772E-002
   3.9238853788722029E-002
  -4.4315749704760599E-002
  -3.5752974297352920E-002
  -1.5419261628890808E-002
   1.4183252219431879E-002
   7.5461844444059151E-002
   9.8488304657573481E-002
   5.2976494910519187E-002
   3.1802489352226938E-002
   1.0837379561340878E-002
   8.2742332621771521E-003
   3.3796746159378284E-002
   9.0553024774423438E-002
   9.0151816633840004E-002
   6.9805922854777436E-002
   1.9204385784712393E-002
   4.6458507827086756E-002
   2.4570453996865117E-002
   6.9420637288468173E-002
   3.4056115571406892E-002
   4.2427296359292405E-002
  -3.5570556256273297E-002
  -3.6744181280326416E-002
  -1.6774138459856681E-002
   1.1183217256137256E-002
  -9.3646166642152619E-003
  -2.4600494967013713E-002
  -1.9155013820326063E-002
  -2.8039155511101917E-002
   2.8740888093449898E-003
  -2.0482091749355169E-002
   5.7332855663680231E-002
   7.4526628271958315E-002
   9.3571633543279853E-002
   2.7147015058107644E-002
  -2.4293043683834482E-002
  -5.3305933092319548E-002
 -0.10037738468020949     
  -5.7943592775260996E-002
  -2.4831898055537996E-002
   2.9914867596035132E-002
   1.4323730475609788E-003
   3.6844169745398517E-002
   7.5083860682658710E-002
   3.5505815147889828E-002
   3.6088768393847372E-002
  -1.1579364984346325E-002
   1.1507537574030884E-002
  -2.7703741308228662E-002
   3.2231970100995316E-003
  -3.0208201784706009E-002
  -3.9772611416738338E-002
  -1.0976001829130616E-002
  -2.9701217038860570E-002
   1.9220398752188284E-002
   4.1310546552772533E-002
  -2.1212785429182625E-002
   1.4721830975471313E-002
   3.2523116784540680E-002
   7.1912020964303672E-002
   7.2965200318548473E-002
   5.3787895220428171E-002
   1.5442032042552888E-002
  -6.0351346229664746E-002
  -5.8073611923026631E-002
  -6.6287816519920356E-002
  -2.4637615209994718E-002
  -2.2126248560327362E-002
   1.0777689368754813E-002
  -2.6485788719348063E-002
  -1.1807090612550438E-002
  -4.6539078258805440E-002
   5.4984421429203042E-003
   1.4953439907088037E-002
  -7.7168223267381569E-002
  -4.7346974732264319E-002
  -7.4739408495434229E-002
  -5.3208082727515427E-002
  -2.3015548724663902E-002
  -1.6224603839927220E-003
  -4.2159236831788946E-002
  -3.1387233466574807E-002
  -4.1269300149843979E-002
  -3.3328360121084061E-002
  -2.7757994976126837E-002
   2.6514691370013211E-002
  -3.4082534660268733E-002
   1.2985047377213633E-002
   5.7049454891172581E-004
  -3.7037228795931500E-002
  -7.8504791799567694E-002
  -1.1608036647420324E-002
  -5.4299597002333957E-002
  -6.6633402081765228E-002
  -6.7202597436308312E-002
  -5.1127780117766031E-002
  -2.7623192374829606E-002
   1.3902251361653815E-002
   5.6507853831258541E-003
  -1.5487211011790661E-002
  -1.5340487023544477E-002
   1.9620788081405015E-002
  -4.3425806060524631E-002
  -1.6668298319674479E-002
  -2.3484419687083449E-002
  -2.4071716700628493E-002
  -3.5048347332741314E-002
   3.8230050878137007E-003
   4.8285413439290922E-002
   4.4978495998010466E-002
   1.8471695854600997E-002
   2.7941096330327930E-002
  -2.2107450279658096E-002
  -4.8354165390700372E-003
   1.5001987926304534E-002
   3.1343973831870334E-002
   1.5072891383843700E-002
  -2.7412529874306767E-002
  -6.9939794452034118E-002
  -7.1221441843848043E-002
  -1.0407619918353889E-002
  -5.7066349701307091E-002
  -4.9989879557370109E-002
   4.5923149602189019E-003
   7.0861395558909385E-002
   3.9831911208911941E-002
  -1.3219960728026923E-002
   6.2401331163446844E-002
  -2.5709582059107044E-002
  -1.2324442880618527E-002
   7.4960571496569305E-003
  -3.3821141237715714E-002
  -2.6001299666949741E-002
  -3.8892336409589161E-002
  -8.9862879602625484E-002
  -3.0734926136915496E-002
   1.1573927466901366E-002
  -3.1477887512681865E-002
   5.5160022165976407E-003
  -2.4430587767196373E-002
   2.0529218032110857E-002
  -3.4101309123648837E-002
  -4.1942031488057405E-002
  -6.8052669824625031E-002
  -8.0476302310233713E-002
  -4.3115689360751316E-002
  -8.3458004091315277E-002
  -5.2621555404662824E-002
  -9.2301917126333760E-002
 -0.12541394069637651     
  -1.6699926704721813E-002
   4.2260835085570762E-002
   3.1386364671260707E-002
  -1.6087214782277509E-002
   7.8633122051844292E-002
  -1.2367898964838539E-002
   7.9500248937512660E-002
   1.2156389927696456E-002
  -6.3102522650306473E-003
  -2.3814874591403818E-002
   2.4572221641060262E-002
   1.6174376577202526E-002
  -3.7223543929477262E-003
   2.4542617809390505E-002
  -1.9040312291946072E-002
  -2.3656215884335786E-002
  -2.5269103004657512E-002
  -2.7349990868208579E-003
  -8.5933560209519311E-003
   5.3195676801051729E-002
   4.0241764350771238E-002
  -7.4255547555328446E-003
  -1.4760704951396229E-002
  -3.8957684974184698E-002
  -3.3616085555030130E-002
  -3.4978622536920335E-002
  -2.8892936111250007E-002
   2.7819300008017772E-002
   3.5859951862849113E-002
   9.5517214291244157E-003
   3.0927306568145501E-002
   7.0312563836837181E-003
  -3.3342414262165630E-002
  -2.6648987105064068E-002
   5.0677604406975107E-003
   5.8568700911290732E-002
   6.4883853066141944E-002
   4.6470325813149228E-002
   2.0059697668997886E-002
   3.0347592911316515E-002
   1.2394845966284831E-002
  -1.0545268932432466E-002
   5.6065830503586309E-002
   8.1450607902696912E-002
   5.0059204252787308E-002
   2.9932327406696203E-002
   7.1908035807734083E-002
   8.6090667907030072E-002
   4.4966481868614861E-003
   3.0091981447209589E-002
  -3.4044300404780181E-002
  -1.2125552496585355E-003
  -7.9124182066914572E-002
   2.0735678927130966E-002
   6.9494543177376716E-002
   2.3470877063319410E-002
   5.4056422109422284E-002
   3.0570020586870021E-002
   3.3106820099347747E-002
   8.2705833038056967E-002
   1.5163775938607876E-002
   1.3577087051252915E-002
   3.7418305183479890E-002
  -1.1874488244051922E-002
  -2.3915487558247642E-002
  -9.3745810913722794E-003
  -2.2895082905041216E-002
  -5.3742379067433406E-002
  -8.2231623307289961E-002
   1.1996938252921793E-002
  -4.6149958387753081E-003
   4.0904817983334237E-003
  -9.8167822865922686E-003
   5.3136390675863836E-002
  0.10029235633469548     
   3.5833093579248521E-002
   4.8839663724426004E-002
   1.4620124284762219E-002
   4.9264305231453163E-002
   1.6007752188787361E-002
   5.2185682420354852E-002
  -2.2029409254531260E-002
   3.4052137419970069E-002
   1.3872460836864496E-002
   1.9826239474905770E-002
   3.5321500784978407E-002
   6.8986131829631113E-003
   2.0916121457572753E-002
   1.6433030064202811E-002
   1.9484371650883150E-002
   3.6907535693210924E-002
  -5.8893539766660032E-003
  -5.4846974177697336E-002
  -7.8920051164103749E-002
  -9.7896731757417310E-002
  -8.0332387449540493E-002
   4.6194408275860827E-002
   1.7391224605703290E-002
  -2.2714985371677172E-002
  -2.2162204320935540E-002
   8.5260381751950720E-002
   3.8518225592277848E-002
   8.1147826848539648E-002
  0.11997865392036595     
   7.5127662590181443E-002
   6.8594502927867645E-002
   1.4601235793883454E-002
  -1.3601894490215281E-002
   4.1078764843260944E-002
   5.4939995089668396E-002
   3.9748537740178100E-002
   6.7836834976653507E-002
   8.1004172899479893E-002
   4.3648621255232965E-002
   2.0988618658199797E-002
  -5.6433184329618595E-003
   1.8087539158540542E-002
   1.6341343913859607E-002
   4.5853852452951177E-002
   9.0016916152335757E-002
   1.6170890237552957E-002
  -1.4998855353874558E-002
  -3.1836448299304043E-002
  -2.3256159766189083E-002
   3.6880598342260422E-002
   1.0480303566457424E-002
   5.4164651153288376E-002
   7.1946360727103642E-002
   6.4838761766602887E-002
   3.9298565104306869E-002
   6.1361049903508498E-003
   4.7782212425588437E-003
  -4.4827288987324869E-003
   7.6268694703127372E-003
   2.6917594112754545E-002
   1.7703177749991150E-002
   7.6292248781118760E-002
   7.0392920033761311E-002
   5.8398317077091699E-002
   3.7583177213549590E-002
   1.6093356901688550E-002
  -2.2665015104169402E-002
   4.5968848385863799E-002
   6.7586589424514204E-002
   6.8235449505902629E-002
  -2.2102606634027133E-003
  -7.5049459207534058E-002
  -6.3330499801547896E-002
 -0.11695792222215176     
  -5.8133936899414068E-002
 -0.10359162680937570     
   1.5818453480175262E-003
   3.4805723924316870E-002
  -5.2578810204903584E-003
  -6.9556635947296414E-002
  -9.5813553080098757E-002
  -9.1262736680684277E-003
  -5.7827023178893017E-002
   6.5910439473964855E-002
  0.11866813974621622     
   3.0216519962648403E-002
  -1.2477619312163117E-002
  -6.6686110060487039E-002
  -3.0914218285365246E-002
   1.0005430630776255E-002
   3.7684717447870920E-002
   3.8659853939478327E-004
  0.13046566588684766     
  0.13675327312445884     
  0.12426087046319101     
  -1.1381355442450258E-002
  -3.3635093795398668E-002
   7.8345058658487263E-003
  -4.3697043402534129E-002
   1.6370398026914462E-002
  -7.0449285130480836E-004
   2.4821480638113357E-002
   2.0060120416044654E-002
  -1.7203567760443138E-002
   2.3636880804262458E-002
  -2.1094543358872006E-004
  -5.5802893778618681E-003
  -1.1891439471704611E-002
  -2.3212502388452166E-002
   4.4118020952587780E-002
  -6.3288276055095169E-002
  -2.7393038040907428E-002
   7.2518567506940509E-002
   1.3551324595579874E-002
   2.7794579468054019E-002
  -5.3528370181965275E-002
  -2.2374433359246979E-002
   3.6490709243281294E-002
  -1.7590321857562957E-002
  -8.5376260634550463E-003
   1.1613483501808830E-002
   5.7579143897931333E-002
  -9.5114202390724448E-002
  -6.7859438179106030E-002
  -4.5641155138682367E-002
  -2.0683000845935294E-002
  -7.3881763374620976E-002
  -5.0391194086066189E-002
  -6.2172865940068314E-003
  -3.5060362594731484E-003
   7.5237320666549409E-002
   7.5605053888135640E-002
  0.13371640083243605     
   6.4779205606459667E-002
   8.2413220773797383E-002
   1.6883749528170330E-002
   5.5600653070598235E-002
   7.7987270448527074E-002
  -8.6849528914081070E-002
  -5.9262053119681773E-002
  -9.9212730057417639E-002
  -4.6527186238147410E-002
 -0.12109909920533932     
   8.0540665973578736E-003
   2.5139363255213518E-002
  -4.8537914907799934E-002
   1.1290558860356873E-002
  -9.0177431328819044E-002
  -2.0426582445771335E-002
   2.6265217568311287E-002
   3.8795843576413337E-002
  -7.6444560441687737E-002
  -1.5932710998119298E-002
  -7.8817539005804252E-002
  -4.4774937935356814E-002
  -3.3934986721188755E-002
   2.6450082494109045E-002
   3.0948136153991970E-002
   1.4720138045103678E-002
   1.2950454654327887E-002
  -8.7941271727596609E-002
  -5.8463654892693367E-002
  -5.4251750582792599E-003
  -5.1130103326298262E-002
   2.0663703179509579E-002
  -6.9965783045490032E-002
  -1.9498567984166177E-002
  -8.7141874405982103E-002
  -8.7646070636664089E-002
  -7.6817215780641504E-002
  -2.0996865398991808E-002
  -1.3411142500039684E-002
   3.1199260411163218E-002
   9.1678994976837930E-002
  0.10398345930643924     
  -9.5248490977670342E-003
  -1.9234347664016955E-002
  0.10970905497228098     
   2.8463894409715799E-002
   5.0855437442380282E-002
  -3.2764883532870964E-002
   3.1497612193178374E-003
  -4.0231783034334716E-002
  -9.3701476291043681E-002
 -0.12234090636881982     
  -7.5308722210029808E-002
   5.4753844407301723E-002
  -2.9829435710005431E-002
 -0.10287353789662061     
  -9.4351328696100648E-002
  -8.8757475320303342E-002
 -0.20982204668965151     
  -5.0893075527218737E-002
   5.1068206584585288E-002
   7.5348237555835969E-003
  -2.4373879571468735E-002
  -6.3328137567213741E-002
  -5.2147690874795795E-002
   2.1490428086877789E-002
   7.1756371030088681E-002
   2.8215547766209402E-002
   6.0691698211372824E-002
  -4.0011704473057373E-002
  -7.0362264602073482E-002
 -0.11427840094026943     
  -1.8661260991897743E-002
   3.6682594663652278E-002
  -8.6075350778038792E-003
   3.8874597939083717E-002
   2.3406150808159339E-002
   1.9830359284579060E-002
  -3.6235457729245565E-002
  -9.0969526780883159E-002
  -8.3930719979510932E-002
  -9.1645777812054532E-002
  -6.5208905283875823E-002
  -4.3313812885976591E-002
   3.3548231918359157E-002
 -0.11718320702540883     
  -6.6421723503761049E-002
 -0.16117831848381872     
  -7.5023239735718256E-002
   2.5019572951064339E-002
  -4.3103367215700739E-002
 -0.11935422065618326     
 -0.14466797104815615     
 -0.11905655909000513     
 -0.23154996849609458     
 -0.19096875377687331     
 -0.11306463396858775     
  -3.5134797174187160E-002
  -6.0352939023269353E-002
  -5.0941784283275372E-002
  -3.2542000700007699E-002
 -0.16686672223253959     
 -0.13928586595619669     
 -0.17239896200558386     
 -0.15602217497350840     
   1.6065660359410455E-002
  -4.8498308077709010E-002
  -5.1639566552525273E-002
 -0.10333973882681895     
  -8.3122039432715053E-002
 -0.14941867635566072     
  -1.2628178482342464E-003
   6.2264174056508310E-002
  0.14012305961335075     
   5.9251051484876860E-002
   5.8240248620755105E-003
   7.3711341802558021E-003
   8.0391550335027318E-002
   4.7888187177671224E-002
   6.4950611160065714E-003
   2.1686353233985472E-002
   1.5071691695948318E-002
  -7.5994312431684655E-002
 -0.11459737153555674     
 -0.13440937872661121     
 -0.19997000338016102     
 -0.10271278283103139     
 -0.10609085606170396     
  -5.5221761146230348E-002
   5.5739423921861032E-003
  -5.6285321526544446E-002
 -0.17160356967094470     
 -0.13137128321680688     
  -1.6025854891713563E-002
 -0.14646449995534594     
  -4.1905817241976173E-002
  -9.8208370477772436E-002
  -6.9124098445404500E-002
  -9.5172806918694647E-002
  -5.2837309104239970E-003
   6.7053136934819277E-002
  -1.2538539351421404E-002
   7.0139744270660331E-002
   5.9962257248945487E-002
  0.12542317101275649     
   2.4631112714004491E-002
  -2.1967525403912398E-002
  -8.0141790024140930E-002
   5.5729863047121526E-002
  0.11500349589731301     
   7.6440240956779343E-002
   7.3079402764669496E-002
   6.9984181994220976E-002
  -1.1343877615881647E-002
  -7.1799750181047450E-002
  -7.4061864560002952E-002
  -4.1341691605952038E-002
 -0.18035757612773393     
 -0.16862745978964616     
 -0.23356024362230696     
 -0.14297833298756304     
 -0.16389082555386481     
 -0.14556644308765168     
 -0.14843686406721060     
  -5.8856935290443772E-002
  -7.4124324831246924E-002
 -0.12334482236468008     
 -0.11637205260797266     
  -8.8862176907713739E-002
 -0.11551451288592733     
   2.4794542249295389E-002
   2.5651804262777890E-002
  -3.1289441745087049E-002
  -3.9993114464920203E-002
  -4.6287754558025231E-002
   6.5209591598767283E-002
   4.0363741697803004E-002
  -1.9348376247516744E-002
   4.4311620347036486E-002
   8.0338417596630251E-003
   1.5739203766482229E-003
  -5.8462237340606099E-002
   2.5426748057823162E-002
   1.1323809742056105E-002
 -0.22539858709238214     
 -0.16941655408570291     
 -0.24527283043510670     
  -6.4345568678235557E-002
  -2.6058929159004714E-002
  -6.3350528138404028E-002
  -9.1879565845719227E-002
 -0.18677346945240902     
 -0.12638233423549175     
  0.12228202148527623     
   9.1869617346429844E-002
   4.7178895411886114E-002
 -0.23590728288997764     
 -0.18958317411572811     
 -0.10654149827354259     
  -8.6509818080987344E-002
   2.3574364970317715E-002
  -6.4171208265460758E-002
   2.0853651561685033E-002
 -0.11500139878253203     
  -7.9045000673015398E-002
   5.1425654633900392E-002
   7.6664257538501521E-002
   6.1470554254722025E-002
  0.10425202875593269     
 -0.14006906380191053     
 -0.20383942687848661     
 -0.11906326175152547     
  -6.7732738555694380E-002
   9.7471285551818262E-002
   9.5112662361752795E-002
  0.18421191487918592     
  0.16771873171275697     
  0.23200760509733850     
  0.12156083694173980     
  -4.0631753584163231E-002
  0.11806551335534417     
 -0.10027064725771198     
  -1.9626633938186457E-002
   5.1714283820190637E-002
  -1.7722789874833528E-002
   1.5509596447610852E-002
  -4.8630731048103386E-002
  -9.5541985162591214E-002
 -0.11135315388226415     
   5.1079893296778034E-002
  0.10263135864514854     
  0.10497256523062562     
   3.6732350677740090E-002
 -0.23235191858667001     
 -0.34374982017248407     
 -0.30726172704437277     
 -0.20585280585633142     
 -0.11679184058413561     
   2.5024527683102041E-002
   8.6803332165293363E-003
 -0.12050549253079088     
 -0.28185718343819754     
 -0.14485910323493764     
  -2.8808444845174735E-002
  -6.3838071136520250E-002
   6.2707628517700120E-002
 -0.16472690459919281     
   7.6599481926313467E-002
  0.13863240461635545     
  0.36572333495125825     
  0.24972676260349033     
  0.26188439496478400     
  0.35214371433739755     
  -1.7856153994648963E-002
  0.31618678153621438     
  0.43321734076761298     
  -3.5685016424244841E-002
  -5.3484844998630189E-002
 -0.18432858099243921     
 -0.58167739618417691     
 -0.22012021852136032     
  -5.1819353434327926E-002
 -0.17620018292099041     
  -6.8704094976235128E-002
 -0.42060065541577291     
 -0.76635826400985019     
 -0.58431466949566835     
 -0.30549093128529659     
 -0.16504051181471865     
 -0.44984072388889312     
 -0.27940715975618718     
 -0.27260071599738606     
 -0.37470034904337940     
   6.3073901885957642E-002
  -4.0463598170912718E-002
 -0.53650115343373483     
