  0.62625313676897620             (1.2452484476113885,-4.81410966983097932E-002)               (0.0000000000000000,0.0000000000000000)               (0.0000000000000000,0.0000000000000000)
  0.63926912058785457              (1.7633710986531830,2.66923162628460338E-003)               (0.0000000000000000,0.0000000000000000)               (0.0000000000000000,0.0000000000000000)
  0.63089124497677840              (2.0045486982713179,5.35597922428410200E-004)               (0.0000000000000000,0.0000000000000000)               (0.0000000000000000,0.0000000000000000)
  0.63306715913032274             (1.6120952072367380,-1.79868852626582140E-003)               (0.0000000000000000,0.0000000000000000)               (0.0000000000000000,0.0000000000000000)
  0.62928714601629498             (1.6059877544376255,-6.55224144953132359E-002)               (0.0000000000000000,0.0000000000000000)               (0.0000000000000000,0.0000000000000000)
  0.63188346464430545              (1.4899941974381608,3.29262615803771058E-002)               (0.0000000000000000,0.0000000000000000)               (0.0000000000000000,0.0000000000000000)
  0.64373667996687611             (1.2636989614612260,-3.32287553928372059E-002)               (0.0000000000000000,0.0000000000000000)               (0.0000000000000000,0.0000000000000000)
  0.62710990078576490             (0.72918638801307256,5.56906768266725478E-003)               (0.0000000000000000,0.0000000000000000)               (0.0000000000000000,0.0000000000000000)
  0.65813946266705026            (0.44051850182375352,-5.43868098664005827E-003)               (0.0000000000000000,0.0000000000000000)               (0.0000000000000000,0.0000000000000000)
  0.64224007517770110            (0.39063227122582522,-2.64091219150162544E-002)               (0.0000000000000000,0.0000000000000000)               (0.0000000000000000,0.0000000000000000)
  0.62979527725116358             (0.22044567565499104,1.69768154424640022E-002)               (0.0000000000000000,0.0000000000000000)               (0.0000000000000000,0.0000000000000000)
  0.62449921828578547             (0.15154748145292121,4.10686399455351559E-003)               (0.0000000000000000,0.0000000000000000)               (0.0000000000000000,0.0000000000000000)
  0.63859470113689654             (0.38656856895892378,4.41902153227316102E-002)               (0.0000000000000000,0.0000000000000000)               (0.0000000000000000,0.0000000000000000)
  0.63579490150384455             (0.77623506980541224,4.81490037021677086E-002)               (0.0000000000000000,0.0000000000000000)               (0.0000000000000000,0.0000000000000000)
  0.62580585117804910                  (0.25155995766701494,0.10323661471250828)               (0.0000000000000000,0.0000000000000000)               (0.0000000000000000,0.0000000000000000)
  0.62006635307239544             (0.67027370832017874,6.48561973215826537E-002)               (0.0000000000000000,0.0000000000000000)               (0.0000000000000000,0.0000000000000000)
  0.63278388394656393            (0.50580161815065117,-2.00660830196363951E-002)               (0.0000000000000000,0.0000000000000000)               (0.0000000000000000,0.0000000000000000)
  0.62267877618580891            (0.57282238662379559,-3.96408469009126851E-002)               (0.0000000000000000,0.0000000000000000)               (0.0000000000000000,0.0000000000000000)
  0.64826938557877978            (0.41790109766854289,-1.30472668445607634E-002)               (0.0000000000000000,0.0000000000000000)               (0.0000000000000000,0.0000000000000000)
  0.64395785808736494        (9.78258954615311843E-002,2.23707984794080245E-002)               (0.0000000000000000,0.0000000000000000)               (0.0000000000000000,0.0000000000000000)
  0.62440600969560900             (0.37141443987185319,6.88198320677635839E-002)               (0.0000000000000000,0.0000000000000000)               (0.0000000000000000,0.0000000000000000)
  0.62401987820894633             (0.50104575126023987,4.49797847501474182E-002)               (0.0000000000000000,0.0000000000000000)               (0.0000000000000000,0.0000000000000000)
  0.63891113478630390            (0.35566856919527062,-2.20377538770922254E-002)               (0.0000000000000000,0.0000000000000000)               (0.0000000000000000,0.0000000000000000)
  0.64000487782995419            (0.46582971598846934,-5.11494499208313934E-003)               (0.0000000000000000,0.0000000000000000)               (0.0000000000000000,0.0000000000000000)
  0.61873372916358238             (0.46006185065566130,1.93874253180434976E-002)               (0.0000000000000000,0.0000000000000000)               (0.0000000000000000,0.0000000000000000)
  0.62495509586200138            (0.32144032190801169,-3.42861664269169392E-002)               (0.0000000000000000,0.0000000000000000)               (0.0000000000000000,0.0000000000000000)
  0.63156456763336521            (0.88409571743328408,-6.10666016494760960E-002)               (0.0000000000000000,0.0000000000000000)               (0.0000000000000000,0.0000000000000000)
  0.63230123558457241            (0.99420799255855219,-1.56428925457249290E-002)               (0.0000000000000000,0.0000000000000000)               (0.0000000000000000,0.0000000000000000)
  0.62853720266374458             (0.56909808705679932,2.84160767443972992E-002)               (0.0000000000000000,0.0000000000000000)               (0.0000000000000000,0.0000000000000000)
  0.64036544089400216            (0.81299658398609254,-6.70768973804478363E-002)               (0.0000000000000000,0.0000000000000000)               (0.0000000000000000,0.0000000000000000)
  0.64203957368676057            (0.93143070104619030,-1.01997129615247796E-002)               (0.0000000000000000,0.0000000000000000)               (0.0000000000000000,0.0000000000000000)
  0.64863899675983117            (0.59888694593310177,-3.41145248855820871E-002)               (0.0000000000000000,0.0000000000000000)               (0.0000000000000000,0.0000000000000000)
  0.63100358604673135             (0.59772161544856950,1.32434356950654648E-002)               (0.0000000000000000,0.0000000000000000)               (0.0000000000000000,0.0000000000000000)
  0.63256776962617378             (0.72207368298992425,9.06449838907519428E-002)               (0.0000000000000000,0.0000000000000000)               (0.0000000000000000,0.0000000000000000)
  0.63400621219959807            (0.99735066650052551,-3.44481356526031221E-002)               (0.0000000000000000,0.0000000000000000)               (0.0000000000000000,0.0000000000000000)
  0.64339552901087749            (0.42945772348592959,-3.96758516592233476E-002)               (0.0000000000000000,0.0000000000000000)               (0.0000000000000000,0.0000000000000000)
  0.64005058134918169            (0.29972439997995498,-7.07278637983658753E-002)               (0.0000000000000000,0.0000000000000000)               (0.0000000000000000,0.0000000000000000)
  0.63971221036774617                  (0.21303208493969630,0.11657910847889716)               (0.0000000000000000,0.0000000000000000)               (0.0000000000000000,0.0000000000000000)
  0.62034576958322341            (0.56648286066739395,-1.27113135164902379E-002)               (0.0000000000000000,0.0000000000000000)               (0.0000000000000000,0.0000000000000000)
  0.62850825207565131            (0.35274553567909511,-2.57379885707598108E-002)               (0.0000000000000000,0.0000000000000000)               (0.0000000000000000,0.0000000000000000)
  0.63539710588117326             (0.39494055198805800,2.30714412226608713E-003)               (0.0000000000000000,0.0000000000000000)               (0.0000000000000000,0.0000000000000000)
  0.64805557144179082             (0.57189664760014147,4.50078947719794453E-002)               (0.0000000000000000,0.0000000000000000)               (0.0000000000000000,0.0000000000000000)
  0.64820104534231560            (0.52778476807346220,-1.27345564378528522E-002)               (0.0000000000000000,0.0000000000000000)               (0.0000000000000000,0.0000000000000000)
  0.63614001148384569             (0.57524041596697228,4.96984694078843811E-002)               (0.0000000000000000,0.0000000000000000)               (0.0000000000000000,0.0000000000000000)
  0.65552104738446149              (1.0986015001343599,4.96327263269839922E-003)               (0.0000000000000000,0.0000000000000000)               (0.0000000000000000,0.0000000000000000)
  0.64558326229686103              (1.0198491007343913,1.90514997964835210E-002)               (0.0000000000000000,0.0000000000000000)               (0.0000000000000000,0.0000000000000000)
  0.63903650891597719            (0.97201899279551041,-1.32608974157556771E-002)               (0.0000000000000000,0.0000000000000000)               (0.0000000000000000,0.0000000000000000)
  0.61829937750257202             (1.2336627043777750,-1.13384799277981060E-002)               (0.0000000000000000,0.0000000000000000)               (0.0000000000000000,0.0000000000000000)
  0.65132535735932329              (1.4306288564840095,4.21009483939943988E-003)               (0.0000000000000000,0.0000000000000000)               (0.0000000000000000,0.0000000000000000)
  0.65554865176133470             (2.0302096967094041,-1.57366652362827195E-002)               (0.0000000000000000,0.0000000000000000)               (0.0000000000000000,0.0000000000000000)
  0.66320685302552784             (2.6616702390791427,-8.87159320449319895E-003)               (0.0000000000000000,0.0000000000000000)               (0.0000000000000000,0.0000000000000000)
  0.63354252231801322             (2.5952804842692139,-3.51107363155899674E-002)               (0.0000000000000000,0.0000000000000000)               (0.0000000000000000,0.0000000000000000)
  0.63576502593410689              (2.1745925042268599,2.56211020723863675E-002)               (0.0000000000000000,0.0000000000000000)               (0.0000000000000000,0.0000000000000000)
  0.62801828358625844             (1.1750246635449855,-5.05655053921755422E-003)               (0.0000000000000000,0.0000000000000000)               (0.0000000000000000,0.0000000000000000)
  0.65359664311765964             (2.1738415253317069,-7.31233540823599329E-003)               (0.0000000000000000,0.0000000000000000)               (0.0000000000000000,0.0000000000000000)
  0.62944587838765753             (2.1893325352175488,-2.98438435505155759E-002)               (0.0000000000000000,0.0000000000000000)               (0.0000000000000000,0.0000000000000000)
  0.63439435247234777             (2.6615737345010335,-1.78748588386932993E-002)               (0.0000000000000000,0.0000000000000000)               (0.0000000000000000,0.0000000000000000)
  0.65289254899716487             (2.2368175063342459,-2.74003322684865814E-003)               (0.0000000000000000,0.0000000000000000)               (0.0000000000000000,0.0000000000000000)
  0.64152347145266075             (1.9788874215579118,-6.04518666573991472E-003)               (0.0000000000000000,0.0000000000000000)               (0.0000000000000000,0.0000000000000000)
  0.64043746123353140              (1.9576881703151108,1.30529466163737465E-002)               (0.0000000000000000,0.0000000000000000)               (0.0000000000000000,0.0000000000000000)
  0.63361255249771331             (2.3533538456703709,-8.06001934549789578E-003)               (0.0000000000000000,0.0000000000000000)               (0.0000000000000000,0.0000000000000000)
  0.61517275155385531              (1.6534095974227108,5.02109239146616010E-002)               (0.0000000000000000,0.0000000000000000)               (0.0000000000000000,0.0000000000000000)
  0.63258234057731755              (1.4867814187136403,2.37155868780679624E-002)               (0.0000000000000000,0.0000000000000000)               (0.0000000000000000,0.0000000000000000)
  0.64460331954681327              (1.0890793643511032,1.42272684621786360E-003)               (0.0000000000000000,0.0000000000000000)               (0.0000000000000000,0.0000000000000000)
  0.63803443812781191             (1.0849396238871740,-4.62307468080645906E-002)               (0.0000000000000000,0.0000000000000000)               (0.0000000000000000,0.0000000000000000)
  0.62421760790922465            (0.85131336519935108,-6.57328569834228910E-002)               (0.0000000000000000,0.0000000000000000)               (0.0000000000000000,0.0000000000000000)
  0.62396255323264582            (0.93931535227506313,-3.06633527032969568E-002)               (0.0000000000000000,0.0000000000000000)               (0.0000000000000000,0.0000000000000000)
  0.62860063563844881              (1.0796442096611556,6.22383380009346315E-002)               (0.0000000000000000,0.0000000000000000)               (0.0000000000000000,0.0000000000000000)
  0.64172104671920371             (1.0509465492287682,-9.47920258501317170E-002)               (0.0000000000000000,0.0000000000000000)               (0.0000000000000000,0.0000000000000000)
  0.61440972561983165            (0.74170164203536582,-6.76297685240548731E-004)               (0.0000000000000000,0.0000000000000000)               (0.0000000000000000,0.0000000000000000)
  0.62834199175530148             (0.13043816502583042,2.65881516650414498E-002)               (0.0000000000000000,0.0000000000000000)               (0.0000000000000000,0.0000000000000000)
  0.65581035432145218             (0.29971385579118803,1.43864666261182432E-004)               (0.0000000000000000,0.0000000000000000)               (0.0000000000000000,0.0000000000000000)
  0.65382454240682941             (0.28734911342483282,2.79311507147009010E-002)               (0.0000000000000000,0.0000000000000000)               (0.0000000000000000,0.0000000000000000)
  0.64336947103703934            (0.45129930696125964,-1.43574311035007847E-002)               (0.0000000000000000,0.0000000000000000)               (0.0000000000000000,0.0000000000000000)
  0.63352617061126704             (0.34040391977270906,5.26854672204397287E-002)               (0.0000000000000000,0.0000000000000000)               (0.0000000000000000,0.0000000000000000)
  0.63904200183872839            (0.50183981510264697,-4.71400312354238512E-003)               (0.0000000000000000,0.0000000000000000)               (0.0000000000000000,0.0000000000000000)
  0.62653663835866846            (0.39752023718302676,-3.95900929120198766E-002)               (0.0000000000000000,0.0000000000000000)               (0.0000000000000000,0.0000000000000000)
  0.63840821158837469            (0.60411109880317515,-6.00536064359850838E-002)               (0.0000000000000000,0.0000000000000000)               (0.0000000000000000,0.0000000000000000)
  0.61813059930990411             (0.49570220943952925,2.44226726573393733E-002)               (0.0000000000000000,0.0000000000000000)               (0.0000000000000000,0.0000000000000000)
  0.63156284091139270            (0.60201332941514452,-6.87454632476306414E-003)               (0.0000000000000000,0.0000000000000000)               (0.0000000000000000,0.0000000000000000)
  0.63710385763466393            (0.84763072611144807,-4.71212773002100543E-002)               (0.0000000000000000,0.0000000000000000)               (0.0000000000000000,0.0000000000000000)
  0.62484034942222555            (0.57944070770305545,-2.50911376941738082E-002)               (0.0000000000000000,0.0000000000000000)               (0.0000000000000000,0.0000000000000000)
  0.64831736465804057            (0.68838375521591877,-8.43326581238885431E-002)               (0.0000000000000000,0.0000000000000000)               (0.0000000000000000,0.0000000000000000)
  0.64076985488863958             (0.27045183231637460,7.16097992878240719E-002)               (0.0000000000000000,0.0000000000000000)               (0.0000000000000000,0.0000000000000000)
  0.65125577789329381            (0.27659001187774945,-2.58344501713949715E-004)               (0.0000000000000000,0.0000000000000000)               (0.0000000000000000,0.0000000000000000)
  0.63383125688566599                  (0.74501799458587359,0.10109426853701763)               (0.0000000000000000,0.0000000000000000)               (0.0000000000000000,0.0000000000000000)
  0.65243810053850793            (0.76704096552809720,-3.27176762550125608E-002)               (0.0000000000000000,0.0000000000000000)               (0.0000000000000000,0.0000000000000000)
  0.63149432386438187             (0.69037465150944499,8.10313396229246641E-002)               (0.0000000000000000,0.0000000000000000)               (0.0000000000000000,0.0000000000000000)
  0.67454102391457327              (1.4654148553805570,2.45526376561674975E-002)               (0.0000000000000000,0.0000000000000000)               (0.0000000000000000,0.0000000000000000)
  0.64928139837986065            (0.70727197697301303,-6.99546324057336161E-002)               (0.0000000000000000,0.0000000000000000)               (0.0000000000000000,0.0000000000000000)
  0.62004237952709496             (0.33656541519097466,5.29355171916552538E-003)               (0.0000000000000000,0.0000000000000000)               (0.0000000000000000,0.0000000000000000)
  0.61246998101052297             (0.22219656014479747,3.80588007025180058E-002)               (0.0000000000000000,0.0000000000000000)               (0.0000000000000000,0.0000000000000000)
  0.62957315547496950            (0.41856837908607475,-5.21535423728278699E-002)               (0.0000000000000000,0.0000000000000000)               (0.0000000000000000,0.0000000000000000)
  0.62412631952288877             (0.33796677586629043,5.76419713161036452E-003)               (0.0000000000000000,0.0000000000000000)               (0.0000000000000000,0.0000000000000000)
  0.62966923911049077            (0.51960775767031642,-2.30899357650528707E-002)               (0.0000000000000000,0.0000000000000000)               (0.0000000000000000,0.0000000000000000)
  0.63288222495822033             (1.0751027449410382,-9.58370829257902283E-005)               (0.0000000000000000,0.0000000000000000)               (0.0000000000000000,0.0000000000000000)
  0.63544229076522341              (1.2330670604927647,4.95310327863115671E-002)               (0.0000000000000000,0.0000000000000000)               (0.0000000000000000,0.0000000000000000)
  0.63734562531821859             (1.1600316898388392,-7.34786910461091361E-003)               (0.0000000000000000,0.0000000000000000)               (0.0000000000000000,0.0000000000000000)
  0.61744526296609481              (1.1574040736028541,3.76963856135110534E-002)               (0.0000000000000000,0.0000000000000000)               (0.0000000000000000,0.0000000000000000)
  0.65078005728972710             (1.2955065988866394,-3.06287321474017944E-002)               (0.0000000000000000,0.0000000000000000)               (0.0000000000000000,0.0000000000000000)
