   1.0000000000000000     
   7.0472112608459050E-002
 -0.12085926850193324     
 -0.13131529215944426     
   3.1182212182035797E-002
   1.5756553888796234E-002
  -2.6330253780298130E-002
   7.9389312703931375E-002
   7.3420702924351766E-002
   6.9795809981406359E-002
  -1.2854705071619580E-003
 -0.12001494278266456     
   6.2312139848101265E-002
  -1.7872808491317647E-002
  -4.9962766531055927E-002
   4.7005456363636896E-003
 -0.13727184693200226     
  -3.5462956576248400E-002
 -0.11118614217441769     
  0.16827843163362335     
  -3.1203109413713716E-002
  -8.6746295188239494E-002
  -6.8333935167082971E-002
  -4.5054380414202067E-002
  -5.0975565023916682E-002
 -0.16260316170951739     
   2.4006751860536578E-003
   7.2003363739540929E-002
 -0.13859900534351050     
  -2.7251454072951915E-003
   6.5514178635027065E-002
  0.17453200565370461     
 -0.10230572489663703     
 -0.15453870664513455     
  -7.5873915795775820E-002
 -0.13297767450762801     
  -7.8168048801837878E-002
   1.7836174589562329E-002
   9.3473073336683421E-002
   7.4429900396391011E-002
 -0.14403929652239406     
 -0.10090407882269918     
   7.0828876314970868E-002
  0.26016625296916129     
   5.2345831874392117E-002
  -9.0069928179366071E-002
   4.4688054424090573E-002
   1.1431331876216505E-002
   9.4164615649559746E-002
   5.9457386004751624E-002
   9.6200356436640683E-002
   5.9457386004751651E-002
   9.4164615649559719E-002
   1.1431331876216467E-002
   4.4688054424090594E-002
  -9.0069928179366071E-002
   5.2345831874392068E-002
  0.26016625296916129     
   7.0828876314970868E-002
 -0.10090407882269926     
 -0.14403929652239403     
   7.4429900396391024E-002
   9.3473073336683407E-002
   1.7836174589562364E-002
  -7.8168048801837822E-002
 -0.13297767450762799     
  -7.5873915795775848E-002
 -0.15453870664513453     
 -0.10230572489663703     
  0.17453200565370450     
   6.5514178635027037E-002
  -2.7251454072952414E-003
 -0.13859900534351052     
   7.2003363739540915E-002
   2.4006751860536752E-003
 -0.16260316170951750     
  -5.0975565023916689E-002
  -4.5054380414202101E-002
  -6.8333935167083013E-002
  -8.6746295188239494E-002
  -3.1203109413713698E-002
  0.16827843163362333     
 -0.11118614217441766     
  -3.5462956576248379E-002
 -0.13727184693200226     
   4.7005456363636757E-003
  -4.9962766531055934E-002
  -1.7872808491317626E-002
   6.2312139848101293E-002
 -0.12001494278266459     
  -1.2854705071619693E-003
   6.9795809981406318E-002
   7.3420702924351780E-002
   7.9389312703931375E-002
  -2.6330253780298154E-002
   1.5756553888796244E-002
   3.1182212182035794E-002
 -0.13131529215944426     
 -0.12085926850193324     
   7.0472112608459050E-002
