   8.8837613590919087E-002
   5.9929898530799462E-002
   6.7489979609868508E-002
   6.0553081870052407E-002
   6.3311204988789893E-002
   6.6651820319932720E-002
   8.6679145937065813E-002
   6.5717629737283664E-002
   6.8904837809308714E-002
   7.7186119324319444E-002
  0.10932504937433936     
   7.1222915657152469E-002
   8.4824631004381812E-002
   5.3242503453767402E-002
   8.6159074819805406E-002
   7.1522275652617595E-002
   7.5034670111910798E-002
   6.1417733878703439E-002
   7.2016043976565108E-002
   7.8721494465580980E-002
   8.1197647530584310E-002
   6.5524507911237762E-002
   4.9746178471750828E-002
   8.8453315120272977E-002
   6.4699548877251351E-002
   8.5168589931182301E-002
   6.6438387073803229E-002
   7.2134768988524486E-002
   6.8197398210767715E-002
   7.4320349162168939E-002
   7.5317060096521199E-002
   6.4782843886984354E-002
   7.8715116593156151E-002
   6.7724091008727311E-002
   8.3025174281495001E-002
   8.7963422727382196E-002
   6.6583517299350164E-002
   9.2463786476463278E-002
   5.2844499998225963E-002
   7.5135884907320857E-002
   4.6229848899525194E-002
   7.5717199647741221E-002
   6.7913624852977514E-002
   7.4687599065174332E-002
   7.0702500978753802E-002
   8.5540494560529187E-002
   6.3807133364508023E-002
   6.1656422494072070E-002
   6.0404672627862886E-002
   5.6705453407600415E-002
   8.0939723047329978E-002
   8.3205977910739429E-002
   6.3191504695459144E-002
   9.1823018880827320E-002
   5.3441061323745716E-002
   6.6900695999407137E-002
   7.3734999080559235E-002
   5.2994020262680262E-002
   7.2662413979779322E-002
   7.0472598605694811E-002
   5.2369744545309134E-002
   5.2039018750965782E-002
   6.5493496869494308E-002
   6.3248833026120319E-002
   9.2408803660110672E-002
   5.8583121976753319E-002
   6.9466030744428545E-002
   6.0250557243380756E-002
   8.1543553848879333E-002
   8.1595875495363887E-002
   6.7607715861712922E-002
   6.2335275067076798E-002
   7.5517620040769118E-002
   5.0984853101737435E-002
   9.1347406168941631E-002
   4.5870877751574113E-002
   7.2804923063951102E-002
   6.6266081454551595E-002
   5.5824844597228425E-002
   7.6783828262785972E-002
   9.1214510895084505E-002
   7.6750719969132436E-002
   7.1163351471125999E-002
   7.5230028835999885E-002
   5.7637206754184114E-002
   5.9490210999856095E-002
   7.4289128610881244E-002
   7.2949459406019934E-002
   8.4840814767999456E-002
   8.4833862091914458E-002
   6.7416595342160809E-002
   9.2590441072329138E-002
   8.5847966107304483E-002
   8.5558803735269168E-002
   7.8520838210636323E-002
   8.1615797261089973E-002
   6.7989541637445097E-002
   6.4799763656013296E-002
   9.1509986577536673E-002
   6.7902146687861958E-002
