   1.0000000000000000     
  0.23811334440676846     
   7.8059814532041125E-002
 -0.13390474515162448     
   1.8246902962927782E-002
  -5.9537365584112600E-002
   5.8529569823308224E-002
   5.9563113188907266E-002
   4.0233209937644787E-002
  -4.7969629330906552E-002
  -1.8970624014867366E-002
  0.10596242910249909     
  0.11380713477667086     
   9.4853840381271176E-002
  -2.3624898648628410E-002
   1.5585345126019747E-002
 -0.11505294915150741     
  -5.5382979723131977E-002
  -2.7526732654203075E-002
  0.10992419700769207     
   7.9978128531466686E-002
  0.13683765877328777     
   8.9554839644148981E-002
   8.5377116516790377E-002
  -1.2053422706077302E-002
  -8.8245801354445361E-002
 -0.10232212235589087     
   1.8582086177178093E-003
  -9.2178388610427445E-002
  -4.2832573987347739E-003
  -7.9901934800209337E-002
   9.8284905779582737E-002
   4.2739681267067953E-002
  -2.3808166141714739E-002
  -4.6112150621499787E-002
  -1.1222753997873789E-002
 -0.16301481616145158     
 -0.15354362676832539     
  -5.2676839819709560E-002
   8.8275801748645230E-002
   2.1251061376367064E-002
  -9.2250059383510455E-002
  -8.6509706967451111E-002
 -0.17951096885378889     
  -2.2727419953607095E-002
  -4.9399494044296617E-002
  -1.9586873039538169E-002
  -5.3905181030006480E-002
 -0.19858432917895716     
  -8.1871055875897547E-002
   3.7283979643140425E-002
  -8.1871055875897547E-002
 -0.19858432917895713     
  -5.3905181030006473E-002
  -1.9586873039538200E-002
  -4.9399494044296680E-002
  -2.2727419953607140E-002
 -0.17951096885378895     
  -8.6509706967451028E-002
  -9.2250059383510455E-002
   2.1251061376367068E-002
   8.8275801748645244E-002
  -5.2676839819709560E-002
 -0.15354362676832536     
 -0.16301481616145164     
  -1.1222753997873839E-002
  -4.6112150621499697E-002
  -2.3808166141714736E-002
   4.2739681267067967E-002
   9.8284905779582765E-002
  -7.9901934800209337E-002
  -4.2832573987348051E-003
  -9.2178388610427459E-002
   1.8582086177178357E-003
 -0.10232212235589085     
  -8.8245801354445305E-002
  -1.2053422706077300E-002
   8.5377116516790336E-002
   8.9554839644149037E-002
  0.13683765877328785     
   7.9978128531466700E-002
  0.10992419700769211     
  -2.7526732654203124E-002
  -5.5382979723131977E-002
 -0.11505294915150735     
   1.5585345126019754E-002
  -2.3624898648628420E-002
   9.4853840381271176E-002
  0.11380713477667082     
  0.10596242910249905     
  -1.8970624014867377E-002
  -4.7969629330906600E-002
   4.0233209937644746E-002
   5.9563113188907314E-002
   5.8529569823308210E-002
  -5.9537365584112635E-002
   1.8246902962927802E-002
 -0.13390474515162451     
   7.8059814532041125E-002
  0.23811334440676848     
