  0.70346549553234139     
  0.71627438584783254     
  0.71477626110400072     
  0.71215460251084872     
  0.69955993118859117     
  0.71345029864218179     
  0.71925921520745495     
  0.70879591144059262     
  0.71149509857638282     
  0.70433843426480702     
  0.70073640241583912     
  0.72432147642365452     
  0.71029067625720943     
  0.70444524035477440     
  0.69975101945101481     
  0.72571688027536230     
  0.71315429223206317     
  0.69768971134863333     
  0.70390074282854953     
  0.71758174600300539     
  0.71979361646332907     
  0.71051236777059523     
  0.70258265710090884     
  0.71486892753303743     
  0.70514136853592502     
  0.70988209348650289     
  0.73395415624289673     
  0.71519067505697020     
  0.72804714581843089     
  0.68990333513941382     
  0.70628482855021257     
  0.71742002927640103     
  0.71232052289753256     
  0.71071752149532275     
  0.69499127077233069     
  0.70786403610966242     
  0.71710297758040964     
  0.71513932274149661     
  0.70918166125468918     
  0.70597928413886502     
  0.69797780451132374     
  0.70172134830524957     
  0.71150830540542254     
  0.72220651924673607     
  0.70636113936624623     
  0.71822014506934695     
  0.70606951502090753     
  0.71559155538714125     
  0.70234950430253440     
  0.71806959772305257     
  0.71793831238707373     
  0.71696316885388411     
  0.71868399170847563     
  0.69959947424271707     
  0.70079276849794059     
  0.71039620024173111     
  0.71185583111048745     
  0.71711352614337853     
  0.70479333749305573     
  0.70612535187603975     
  0.70134166114493035     
  0.70634573825676361     
  0.72168714161617875     
  0.73011151372061800     
  0.71382589936071861     
  0.72010193181260485     
  0.71338531794138782     
  0.71270492103630745     
  0.71972826407059387     
  0.71375302156254539     
  0.70229460750995831     
  0.70221460540142466     
  0.72464496899421260     
  0.71609509446685704     
  0.71077479122386533     
  0.70489813757504638     
  0.71391160029585266     
  0.69988048108465073     
  0.72909630730371988     
  0.72128618642352382     
  0.71050898402125284     
  0.71949425815820389     
  0.72515783032730718     
  0.72241528392673349     
  0.71227984411408918     
  0.70925822028144903     
  0.70033260494568905     
  0.71873597155003066     
  0.70506194713371029     
  0.70840451443727925     
  0.70229065463908402     
  0.71455950317062200     
  0.71679984652061923     
  0.70484342916229559     
  0.70670670979250039     
  0.72162185702905035     
  0.71212466950745557     
  0.71598264178738014     
  0.72065418810460979     
  0.70905970359643300     
  0.70707555895409346     
  0.70161518375763110     
  0.71423535706855046     
  0.71488702717849295     
  0.69615181209659727     
  0.69898383039768730     
  0.71734378634823348     
  0.71862108866599994     
  0.71654074867277828     
  0.69211438799295744     
  0.71344384098949143     
  0.70907213354952126     
  0.70495266121979605     
  0.71248785081705091     
  0.71597147271973072     
  0.73360987170428837     
  0.71313674511847391     
  0.71042440947597940     
  0.70985380855643010     
  0.71420197986000666     
  0.70135672862774412     
  0.70962236378866450     
  0.72168970705337376     
  0.72318504112182169     
  0.70386697627345229     
  0.70781550178362884     
  0.70557090113683474     
  0.72068571468224507     
  0.73043270339110289     
  0.72513331991407504     
  0.72138837710361992     
  0.72132987746113886     
  0.70804295029487907     
  0.70656003533667489     
  0.72555868342900176     
  0.71245935698376861     
  0.70198744408199965     
  0.71577886880921193     
  0.72471109943884038     
  0.72274029643542481     
  0.71537003898612750     
  0.72644761647165523     
  0.72090333990367073     
  0.71815073713980226     
  0.71143809173736416     
  0.71251723370745901     
  0.70381778532357087     
  0.71826717731679279     
  0.70463427596426198     
  0.69482288285625426     
  0.70747052064218041     
  0.71446222531844006     
  0.71032687355284307     
  0.72622019788186043     
  0.72075703951829717     
  0.70807198444451325     
  0.73389666765470385     
  0.70193828084203114     
  0.71531006350970328     
  0.71293767443454337     
  0.72364251835902449     
  0.71453977822096282     
  0.72388394656304555     
  0.72147358240507875     
  0.72758602482005108     
  0.73972286811561794     
  0.70859957024897458     
  0.72088518824056647     
  0.72041608334299145     
  0.71714132707346212     
  0.72130726538689360     
  0.70633511914134428     
  0.71612037279194118     
  0.72551349578209379     
  0.71211367443782725     
  0.70351871432699797     
  0.72227295626140564     
  0.71211731335236694     
  0.71557960344865557     
  0.69640590313079009     
  0.69851359519930400     
  0.71453971244017522     
  0.71291157161170970     
  0.71384594293189330     
  0.71585610914666165     
  0.70422210448836753     
  0.72918122647734418     
  0.71942598360567223     
  0.70917343729701443     
  0.70617241964071531     
  0.71221618186244429     
  0.71375967858069311     
  0.71452023809091703     
  0.71231199866832207     
  0.70336393452755686     
  0.70525054774512896     
  0.71926650703485340     
  0.70966833575372024     
  0.70166236328153497     
  0.72218682494885744     
  0.70797278666544938     
  0.71410071255180485     
  0.70172821318781731     
  0.71517086126249718     
  0.69572089180050245     
  0.71938008426109912     
  0.72076063806149937     
  0.70953746895043779     
  0.71779909379142504     
  0.71647031897927638     
  0.72233687779783717     
  0.70415608781663996     
  0.69343133111426336     
  0.69534337011154257     
  0.72028455297972604     
  0.71030869329829960     
  0.71229424137219799     
  0.71820814550730028     
  0.71280286501508239     
  0.71468427348783892     
  0.69224509562332770     
  0.72229409886698126     
  0.72538585524808374     
  0.72183381534069468     
  0.71551318228157401     
  0.70361373988502318     
  0.70614359163359386     
  0.71229104741658633     
  0.72603071194960178     
  0.70538367360212484     
  0.69571462578329246     
  0.70623353717438020     
  0.70143507890253476     
  0.71418395393259526     
  0.72302375680988529     
  0.71932301325177894     
  0.71077805299263708     
  0.71895790901736711     
  0.70405382444472109     
  0.72206787496613156     
  0.71854672767073646     
  0.70356194141033856     
  0.70167823501273985     
  0.71838280248085584     
  0.71952412012213929     
  0.71220150472234200     
  0.71373091444323955     
  0.71636484967456127     
  0.68936001185595464     
  0.70056519308251508     
  0.71725619051879186     
  0.70571763586922120     
  0.70174776668087568     
  0.70968799485535139     
  0.72073883355420520     
  0.72985839926310814     
  0.71958572347958594     
  0.72061866180254208     
  0.72018802390364156     
  0.70634210019242283     
  0.70893105258961941     
  0.70582293783679995     
  0.70897340064420888     
  0.69966393100972157     
  0.71011222069605695     
  0.70316547629685222     
  0.69837923710727379     
  0.70341964915155875     
  0.71031348547060991     
  0.71616109299971087     
  0.70060221339654583     
  0.69558012207279729     
  0.71091477313836360     
  0.71923853718050723     
  0.71982903623164496     
  0.72423939145073957     
  0.71668227736170653     
  0.71663837763126470     
  0.72280906154169711     
  0.71814716658120692     
  0.72753577472852871     
  0.72159013811959649     
  0.71357057739013452     
  0.71183103834871109     
  0.70554730681852240     
  0.71788804992782762     
  0.71320231001716794     
  0.70242870518824363     
  0.71135556137485523     
  0.71123297506332828     
  0.70863515398066013     
  0.70649127410601409     
  0.71911844340326847     
  0.72357496782504693     
  0.70767460760176559     
  0.71294873223787136     
  0.70649590296244402     
  0.70773131968877112     
  0.71745774503872484     
  0.70940796473228440     
  0.70777134053169155     
  0.71485623243466090     
  0.72823444763366396     
  0.71673174158666941     
  0.72548112115024566     
  0.71444937895754990     
  0.71636692239127897     
  0.72016289333496764     
  0.70408060962666374     
  0.71661025339504247     
  0.70835233680342657     
  0.72650893794236304     
  0.71375856124770487     
  0.71936791665077604     
  0.70804829768691391     
  0.70273945703741969     
  0.69649219698261111     
  0.70771624696071744     
  0.71274700563874638     
  0.71991506224878921     
  0.71429603571871980     
  0.71897268045087570     
  0.72647000339929257     
  0.72056355488924928     
  0.71064256464424491     
  0.71199236742615346     
  0.72775240348299997     
  0.70847697147266109     
  0.70715382438534347     
  0.70176896285186019     
  0.71643651356954230     
  0.72490135281391543     
  0.70951550063272717     
  0.70487799004882989     
  0.70665642500730463     
  0.71738318568374992     
  0.70821857865704729     
  0.71025385271532970     
  0.70585683575476410     
  0.71426753759152217     
  0.70807110400334894     
  0.71516822670070401     
  0.71184678114220168     
  0.71461404463493716     
  0.71255393162771918     
  0.71238038340978149     
  0.71024644466904807     
  0.72208356506723248     
  0.70797811409514522     
  0.69886246430498078     
  0.70567635970850684     
  0.70839651253613489     
  0.71595623607976022     
  0.70329547662220593     
  0.71446693333886924     
  0.71991284558556601     
  0.71136866465967974     
  0.69994454400716200     
  0.72658145620413728     
  0.70717134457110453     
  0.70163311002284345     
  0.69667473509903399     
  0.72537517975864629     
  0.70327200308851812     
  0.69942035951346837     
  0.70597526190914262     
  0.70515983472274524     
  0.70880017861112377     
  0.70994347434051097     
  0.69829939210076131     
  0.69203887553402998     
  0.70754098556392142     
  0.71921839894192319     
  0.72480200865670064     
  0.71276877253444093     
  0.72735735673891244     
  0.73272273640107088     
  0.72337296407450546     
  0.71041571496884848     
  0.71032798658120988     
  0.71262076829391607     
  0.71069566513182381     
  0.70571176703907179     
  0.70608127371403284     
  0.70237144028117326     
  0.72667958953419187     
  0.72184085152378752     
  0.71929506195781512     
  0.72547494998078965     
  0.72316865773485206     
  0.72006329750961329     
  0.71854140448238457     
  0.71323731784656064     
  0.70094339014349538     
  0.72063071642906917     
  0.71088406767405643     
  0.70411146283732662     
  0.71709519846139413     
  0.71198174622139632     
  0.72212085894834477     
  0.72135116130459309     
  0.71298300817411309     
  0.71158880625132714     
  0.74160900997308865     
  0.71282808742548487     
  0.69758411652188079     
  0.70482321967154704     
  0.71465675209149648     
  0.72085380301489266     
  0.70528226583001030     
  0.72420946808159081     
  0.72576672520004282     
  0.71159110601076592     
  0.69946653589109242     
  0.69129634779487603     
  0.70546926592596271     
  0.70933564568114615     
  0.71774500851461032     
  0.71546797741046786     
  0.70909596155133059     
  0.71584385869059997     
  0.70870820802057533     
  0.69418869921098525     
  0.71689558548203225     
  0.72318627391067036     
  0.70944448325552167     
  0.71501094365412954     
  0.72215329182259191     
  0.70708151030904132     
  0.71797303391715139     
  0.71049502140206922     
  0.70721518900021152     
  0.71486729219118961     
  0.70467995993924304     
  0.70042649109282573     
  0.69607800673886655     
  0.70841716995361104     
  0.71148556302414601     
  0.70359248587755541     
  0.72057830389432032     
  0.70385587064725097     
  0.71286091396387574     
  0.71351925669421679     
  0.70495969479923326     
  0.71374328655570463     
  0.71722576186934628     
  0.72776051525769292     
  0.70069380786563507     
  0.70411336771474808     
  0.70946267700076837     
  0.70674484170090879     
  0.71640344224676400     
  0.71617989496369905     
  0.71673222880509835     
  0.69469318873445240     
  0.70616860819276162     
  0.71532143336023346     
  0.73424410427869680     
  0.72324139810949217     
  0.70298334821901931     
  0.69619496978274198     
  0.71501215179060962     
  0.70343187898561821     
  0.71219979660517652     
  0.71454084823488317     
  0.71965080026449069     
  0.70120024192722896     
  0.71020349815031780     
  0.69798706565900137     
  0.69920645044943242     
  0.70082814565791796     
  0.72543412697566179     
  0.70876380348627810     
  0.72066634034856847     
  0.69961908191754885     
  0.71721879524813481     
  0.71186096236095819     
  0.70794339685750007     
  0.68974218989316294     
  0.71945279392298633     
  0.70027385376303775     
  0.70800437987033416     
  0.70147356734463839     
  0.70401535329794407     
  0.70334022969850429     
  0.70779339700545019     
  0.70732531382470665     
  0.72203206477519610     
  0.70881804689930727     
  0.70913035871303720     
  0.72159127368126863     
  0.71470596555595822     
  0.71503708600676030     
  0.71788899050507826     
  0.72322994922663331     
  0.72127625589697786     
  0.71075195352843867     
  0.72036355997098200     
  0.71456350327430507     
  0.70017562417457191     
  0.71135979984639630     
  0.69669379174610191     
  0.70881030407405921     
  0.71238720916499132     
  0.71200258157379248     
  0.72268625947566523     
  0.71111874697637489     
  0.70475817386803652     
  0.71224765823136460     
  0.70900325499429206     
  0.70323987488568440     
  0.71149319532483835     
  0.71901571623589755     
  0.71440734671005091     
  0.71107238785586024     
  0.72418779521025400     
  0.70079411980958228     
  0.70555131860366227     
  0.71746877901837547     
  0.72189818480950341     
  0.73398386526608650     
  0.72156214736203284     
  0.69555769406910839     
  0.71125512249382461     
  0.72095973776745703     
  0.72911098180181777     
  0.72446504372927667     
  0.71120884425246522     
  0.69848644526559223     
  0.72322334489412421     
  0.72872587365027841     
  0.70360777523690121     
  0.72521175086070799     
  0.71229632425798139     
  0.72410454634114962     
  0.70975376043785332     
  0.71319645625528361     
  0.72021494809988762     
  0.70883998983183882     
  0.70195200971070582     
  0.68951444310800181     
  0.70565551836429219     
  0.70635720238068966     
  0.69161311510885271     
  0.70607870899077174     
  0.69217221063095413     
  0.70425727957866324     
  0.71321652275941660     
  0.70731035761559646     
  0.70451328785045719     
  0.70792940166083151     
  0.70042903475845619     
  0.70131573057114693     
  0.71891638614639375     
  0.71730921657777069     
  0.71283763856238236     
  0.70713141894805065     
  0.71452779711777881     
  0.70995006340977074     
  0.71506304528095543     
  0.71124164501216469     
  0.71460982422884345     
  0.70471883782230860     
  0.70786999793429672     
  0.70249369920653959     
  0.71843998619904870     
  0.71721463551818920     
  0.71961429199079152     
  0.71983478093443798     
  0.71213590391370274     
  0.71470219952564040     
  0.72614481619600701     
  0.69729722655024573     
  0.72156743399916079     
  0.70809407481904585     
  0.72527751431791165     
  0.71679729082724586     
  0.72164133200979708     
  0.71087353431389466     
  0.70768466134239949     
  0.70102047422071601     
  0.71506787697961915     
  0.71945233934735342     
  0.73494493086952339     
  0.73078081545075879     
  0.70279255477443481     
  0.71557431336434463     
  0.72225515503369286     
  0.70858572676407272     
  0.71751573588505102     
  0.74100851733661510     
  0.71609005193667352     
  0.70924696118407582     
  0.72655146508018043     
  0.70376316399675831     
  0.71249374345205230     
  0.72523574730536899     
  0.72031052260956485     
  0.70737257586760172     
  0.70997660436088295     
  0.70465149190011578     
  0.72450159330872077     
  0.73099456431965226     
  0.70633881355290495     
  0.70894363167906438     
  0.70136955962246805     
  0.73572872321216065     
  0.70595274183043799     
  0.69763893828115753     
  0.70921150551040846     
  0.71361165670570115     
  0.69498462731303046     
  0.70357035538090684     
  0.71867220276067967     
  0.71692298079963324     
  0.71081590200270717     
  0.71921608161472894     
  0.71737873059309665     
  0.72367386574379822     
  0.72115422779511262     
  0.71129868723460654     
  0.69343082455525151     
  0.72178908562720334     
  0.72313985527805125     
  0.72502276020447354     
  0.70788810887759235     
  0.70409622050682574     
  0.70515736191669909     
  0.69757855705119565     
  0.70463702197272549     
  0.71549438246455188     
  0.70454124204701685     
  0.69716622346425061     
  0.71365561053583737     
  0.70559772822416933     
  0.72736121474183069     
  0.70075989144994355     
  0.69340003312093856     
  0.72595442640567953     
  0.72003537808372942     
  0.73011996510240729     
  0.72818350745639648     
  0.72184434959117261     
  0.73273248262737767     
  0.71500230250653518     
  0.70351953901594566     
  0.71851189321351394     
  0.69745847473633016     
  0.71033923467621451     
  0.71385958459226639     
  0.73195844975797986     
  0.71686232258129456     
  0.71063149414797766     
  0.70141344208861445     
  0.69872019779688899     
  0.70672386276817045     
  0.70875925117539151     
  0.71047738890525369     
  0.68656685810087315     
  0.71661859622272894     
  0.72083858570682324     
  0.72080167721882327     
  0.71159627932913394     
  0.71315027769685979     
  0.70597233751319810     
  0.72017231724426578     
  0.72582240770440687     
  0.73590406704581934     
  0.71652777626397124     
  0.71259673476904406     
  0.70741639835149905     
  0.69953861584538801     
  0.71333266633372272     
  0.71860895964705118     
  0.70484982711420663     
  0.71593081943639425     
  0.72216801936232755     
  0.70705022326072897     
  0.70997425666021530     
  0.71895433468886705     
  0.71293530433597652     
  0.70815532648853741     
  0.69236123705933061     
  0.71343417076130589     
  0.72067111637233594     
  0.70975677990828900     
  0.70716842580729189     
  0.71138913582199559     
  0.73220702503163415     
  0.73185329956680467     
  0.73308445366622454     
  0.71316417066376858     
  0.72481362698409191     
  0.71734079873206313     
  0.72334454341327903     
  0.72061529209166919     
  0.70427524271578490     
  0.69732178936264355     
  0.71590917390880415     
  0.70707682896769952     
  0.71291786407265578     
  0.70336858793390611     
  0.71934401749441790     
  0.72317498466343766     
  0.72973794570778716     
  0.70839838809399458     
  0.72923418883466373     
  0.71196430449501902     
  0.73414725809180736     
  0.72338615424457164     
  0.71129757273768290     
  0.71449644353576491     
  0.70495834772597110     
  0.71462999378915226     
  0.71712916790148284     
  0.71278309178400567     
  0.72043517779674926     
  0.69523867551307683     
  0.70704103481969660     
  0.69935929697734112     
  0.71531283283601088     
  0.71702137258297416     
  0.69826856290544081     
  0.70489318054726757     
  0.70410866634100233     
  0.71334910114653716     
  0.72088067653277543     
  0.71395401314353091     
  0.71022979515524165     
  0.73060323007953276     
  0.71766615504738251     
  0.71319983184012181     
  0.71739743484051033     
  0.72217049375079634     
  0.70507742559471942     
  0.71226411569873005     
  0.71554138926812594     
  0.71572875097377686     
  0.71497779464556033     
  0.70501819132156451     
  0.70867551526829620     
  0.72117042598960790     
  0.71928785405179363     
  0.69976743185677315     
  0.71324609081688095     
  0.72374674980844134     
  0.72585905119209781     
  0.72032335429417282     
  0.71412335720986564     
  0.73238504023650164     
  0.70623085477868308     
  0.70445132921003162     
  0.72628849812024554     
  0.71036516470381372     
  0.71688909435490444     
  0.70917020415580845     
  0.70610483492761567     
  0.69268652853274493     
  0.69749041765391684     
  0.69594197263590751     
  0.70058070274560935     
  0.70955096435820941     
  0.69651821689328564     
  0.71805480174558733     
  0.71868529312451623     
  0.71540270354088098     
  0.70823227958541390     
  0.71364132055441731     
  0.72037141856056397     
  0.71458525511472737     
  0.72143361958908780     
  0.71371554797695724     
  0.71342393414909699     
  0.72513682043230798     
  0.71079938971404166     
  0.71663909398366032     
  0.71541314870268258     
  0.72837513401782694     
  0.73144047749043484     
  0.72319330603214893     
  0.72102750009326644     
  0.71326588035631955     
  0.70096087131442075     
  0.71495890540492268     
  0.70226459502214844     
  0.70703171233939299     
  0.71337355803556668     
  0.70820549200201754     
  0.70381964580145129     
  0.72429841112276394     
  0.72079049756033797     
  0.73163928789300958     
  0.73091139313686537     
  0.71461210872489755     
  0.72075059026362542     
  0.71146434693778560     
  0.70730653401969346     
  0.71276892734689401     
  0.71949103965426808     
  0.71593512267382431     
  0.70452332634160730     
  0.70355340027188085     
  0.69754606170571942     
  0.70668918080426990     
  0.71782846111390652     
  0.71835240452943760     
  0.70420134658726163     
  0.70259069325157630     
  0.70758753880165115     
  0.69510558119343258     
  0.71181292066255197     
  0.69877145563054499     
  0.71246250757300755     
  0.70495016386033982     
  0.71212562778318655     
  0.70455205254383646     
  0.71278865375509148     
  0.69008156734816473     
  0.70802653981205710     
  0.70956650226209983     
  0.71976323550225729     
  0.71770839831040933     
  0.72239284983014440     
  0.71021153424035621     
  0.72652646663699350     
  0.70263088517828087     
  0.69646990550061461     
  0.71457697216881233     
  0.72170464248808031     
  0.72223330538961483     
  0.71902788413270147     
  0.71404970213386099     
  0.70913896699404255     
  0.70219933328586326     
  0.70863801867825849     
  0.71029410719351171     
  0.71047972686858907     
  0.71269759026909163     
  0.69853449419044211     
  0.68962527504810522     
  0.70422907241253774     
  0.71514955894714050     
  0.69130445873526036     
  0.69488800256753702     
  0.70258691949222374     
  0.69765108378174534     
  0.71689525442468138     
  0.71500425299032733     
  0.70214772636868428     
  0.70387347003286016     
  0.70005020954769193     
  0.70949406610505172     
  0.71676157037860777     
  0.71071746271172387     
  0.70754773594516607     
  0.70470920284667871     
  0.72089422779159429     
  0.72126228195647790     
  0.71013905268273725     
  0.71190005156270897     
  0.70819130499651495     
  0.72001402282662796     
  0.71462633513068741     
  0.72071131883443129     
  0.71801148275394633     
  0.69623524356941169     
  0.71394703106908242     
  0.70932251473634600     
  0.72086014408891774     
  0.70302844480414972     
  0.70761555446815871     
  0.72504203332304706     
  0.69695076596333116     
  0.72063940237828494     
  0.71887757849415024     
  0.73522334921167964     
  0.72003909397238541     
  0.71475390501223990     
  0.71218343137154805     
  0.69972123102269357     
  0.69625418998570709     
  0.69849159210396095     
  0.71001699168130816     
  0.70848896384333815     
  0.70250918742728341     
  0.71641412135378746     
  0.72828145511761022     
  0.72348677904172498     
  0.71860231182045309     
  0.71030240688629842     
  0.71540726463020765     
  0.71243671647654527     
  0.70620284111916998     
  0.70609606239803291     
  0.71453883286877673     
  0.70909042576697501     
  0.71068916090924339     
  0.70895396993853554     
  0.70682476854632437     
  0.70352088806643298     
  0.68060750977081952     
  0.67744860495411052     
  0.72155426012804880     
  0.72841758751978125     
  0.72528114100968410     
  0.72067622018848432     
  0.72002620293192465     
  0.70554591541466816     
  0.71119970793399312     
  0.70621289111409979     
  0.70417316858432955     
  0.70006508215614627     
  0.71213829478525525     
  0.70089921850353221     
  0.71854956169071316     
  0.72500761261147206     
  0.70837907258498722     
  0.71196443065208992     
  0.71641034188483688     
  0.72747596455507557     
  0.72186529934307675     
  0.72353685373405374     
  0.71724989390967253     
  0.70748624417018113     
  0.70876558948688284     
  0.69374415558740321     
  0.71796310218645421     
  0.72144578524895364     
  0.71926616311073333     
  0.71754991481077368     
  0.72042238751977739     
  0.72768432797097216     
  0.72323525683636181     
  0.72963171461363097     
  0.71831942993128139     
  0.70742936325302108     
  0.72007930941722587     
  0.71375986546833636     
  0.70233942468855326     
  0.69905690957762867     
  0.70533420424912185     
  0.71932326301671257     
  0.70925287503853329     
  0.70718149087042748     
  0.69500818348290405     
  0.71696950265110748     
  0.72127310325486615     
  0.71695436346966457     
  0.71957343430768750     
  0.71375995998853048     
  0.73000333366488868     
  0.72052100711871991     
  0.71224410040035713     
  0.71286543393789170     
  0.71747410181873328     
  0.71948694329921414     
  0.71518952152122484     
  0.72374708606355087     
  0.71876294561649123     
  0.71838762397073841     
  0.70075488727784951     
  0.70571611034274062     
  0.71037772594380055     
  0.72843683373966717     
  0.72126087997839394     
  0.71492950562576429     
  0.70230532250065592     
  0.71620298580305086     
  0.71067618005273570     
  0.71879792105270246     
  0.70989873710080309     
  0.70981041466922923     
  0.71452382747613241     
  0.71939156563182438     
  0.70326793054825776     
  0.72410457794883043     
  0.71653234768770468     
  0.70198891322724921     
  0.71174908560934991     
  0.70832049467147418     
  0.70262146192372876     
  0.71404432402515161     
  0.70815245624715450     
  0.69766080259522378     
  0.71733459551336898     
  0.73217982195962594     
  0.71291671893217690     
  0.71102849198679108     
  0.72395805340531216     
  0.72033830835561585     
  0.70581537689716045     
  0.69996887616895920     
  0.72094578847725588     
  0.72724943541117815     
  0.72745198808194877     
  0.70618803882790060     
  0.69892187883115231     
  0.71946106590744330     
  0.70935828528802269     
  0.70499167379259364     
