   1.0000000000000000     
  0.21626786674566986     
   3.5744290401359222E-002
  0.16539773835321728     
  0.13208763778270943     
  -6.2252585917383779E-002
  0.11445162274277700     
  0.15018720203442207     
  -2.8846981635416016E-002
   2.1281430057428715E-002
   2.8869377606114691E-002
  -1.3881532938223105E-003
 -0.23575237055188997     
   5.2022036204632624E-002
   7.3012760801330637E-002
   1.0912235803940941E-002
  -9.3062201142532164E-002
  -5.0874484097424733E-002
  -8.2967336279003392E-002
 -0.14194580854574962     
  -4.6981670466020614E-002
  -6.0839384266688501E-002
 -0.18558555596358331     
 -0.12878674176475002     
 -0.16057291808691598     
 -0.16236241339257904     
 -0.16640153748863931     
  -6.2885206814774788E-002
   2.7295640254145909E-003
  -5.2227342190533425E-002
 -0.21219474236005018     
 -0.18058309302839262     
 -0.11488017710167306     
 -0.13751311681307510     
   6.5881785297121562E-002
   9.7178128831104452E-003
   5.6941196551029347E-002
   8.2340202474933039E-002
   2.1770406917468771E-003
 -0.18188003471508910     
  -7.3015011480287731E-002
   1.0005583708965737E-002
  -7.0798249855706080E-005
   9.4903666511675075E-002
   4.8226856841206700E-002
   4.9882534069464095E-003
   7.1566633267048360E-002
  0.19401954762762741     
  0.16355978069896823     
  0.21061172013188256     
  0.21193164598970340     
  0.21061172013188248     
  0.16355978069896829     
  0.19401954762762755     
   7.1566633267048360E-002
   4.9882534069464468E-003
   4.8226856841206624E-002
   9.4903666511675047E-002
  -7.0798249855717722E-005
   1.0005583708965732E-002
  -7.3015011480287786E-002
 -0.18188003471508907     
   2.1770406917468806E-003
   8.2340202474933025E-002
   5.6941196551029416E-002
   9.7178128831104400E-003
   6.5881785297121589E-002
 -0.13751311681307496     
 -0.11488017710167306     
 -0.18058309302839248     
 -0.21219474236005023     
  -5.2227342190533377E-002
   2.7295640254145865E-003
  -6.2885206814774747E-002
 -0.16640153748863928     
 -0.16236241339257895     
 -0.16057291808691598     
 -0.12878674176475002     
 -0.18558555596358334     
  -6.0839384266688536E-002
  -4.6981670466020621E-002
 -0.14194580854574954     
  -8.2967336279003406E-002
  -5.0874484097424781E-002
  -9.3062201142532136E-002
   1.0912235803940948E-002
   7.3012760801330664E-002
   5.2022036204632603E-002
 -0.23575237055188974     
  -1.3881532938223237E-003
   2.8869377606114723E-002
   2.1281430057428646E-002
  -2.8846981635416023E-002
  0.15018720203442210     
  0.11445162274277705     
  -6.2252585917383793E-002
  0.13208763778270943     
  0.16539773835321739     
   3.5744290401359222E-002
  0.21626786674566983     
