  0.61830759300041005     
  0.60426367952539439     
  0.60468057901627681     
  0.59236017009065123     
  0.62399405835999056     
  0.62342955378539178     
  0.62604552548566472     
  0.60681807807756638     
  0.57874093427201401     
  0.59650641205782318     
  0.60377710350456448     
  0.58134901795191107     
  0.59364785553812804     
  0.60087906120310897     
  0.60695152817138676     
  0.63405985053973624     
  0.60801343917238326     
  0.62859962594482777     
  0.60242666921695964     
  0.63415175186276174     
  0.60893151919469535     
  0.60104317910250826     
  0.59396837874057506     
  0.59041784613479897     
  0.63008233294617133     
  0.58226919530563181     
  0.58852549695631640     
  0.61088076602015773     
  0.61882467167440935     
  0.60709125101464878     
  0.61946364168114199     
  0.60212945289697883     
  0.59937942155362733     
  0.60507045399894754     
  0.61717194178682444     
  0.62357605997117127     
  0.62361424669016852     
  0.62407155883181609     
  0.61918330897984442     
  0.62244490785967188     
  0.62103797769383084     
  0.61684842378151283     
  0.64197325812240469     
  0.63829785259959615     
  0.60145647404465308     
  0.62186821245620261     
  0.58488876285407354     
  0.60607828418923060     
  0.64521575261639086     
  0.59942711671982285     
  0.62134972762273855     
  0.60355428862655858     
  0.62446347925620482     
  0.59364773086498401     
  0.61448684936356246     
  0.60529654013646950     
  0.61704300326423556     
  0.63603972813799770     
  0.64825447604063646     
  0.59740818576652044     
  0.60940096916904773     
  0.62574550979841193     
  0.61533333961733017     
  0.61667633073493600     
  0.62697200286337162     
  0.60028844849144125     
  0.62247815510888405     
  0.64467589806842929     
  0.61472303499551717     
  0.62755618440898708     
  0.62352428454798769     
  0.61793962988545337     
  0.60377289613946961     
  0.61297261010320103     
  0.62154388139074068     
  0.62733061007587998     
  0.62069430898407418     
  0.60630374341593996     
  0.61525912738738342     
  0.62828677278677059     
  0.61024210813868340     
  0.60135835484570865     
  0.62640752452905235     
  0.60077067518151517     
  0.60506229205538364     
  0.62992946313698228     
  0.56869425163572795     
  0.59568916785107262     
  0.61586693669598080     
  0.59129385602982487     
  0.61577618738093309     
  0.60623347478259715     
  0.61996669582564334     
  0.56352930725027406     
  0.59697964234008649     
  0.62002628223348533     
  0.59107442833093682     
  0.62772617377725792     
  0.62052767956089994     
  0.61403286090758424     
