  0.99899999999088129     
  0.30012761004909427     
  0.12315479908510890     
   2.2145509758989837E-002
  -4.3408768199624317E-003
   3.3650476693388116E-002
   3.5608958460270297E-002
  -1.9596468682252077E-003
  -4.6091872328105743E-002
  -5.1114303475374365E-002
  -6.2724673535654044E-002
  -4.3387270875699921E-002
  -1.2497577228737227E-003
  -7.4442862381289707E-002
  -8.6359897906560113E-003
  -5.7779273880811596E-002
  -3.7049760865341674E-003
   1.3095994645481803E-002
  -5.0291134551041609E-003
   2.9198955924931602E-002
   7.3487308663384723E-002
   3.7905960901972957E-002
   1.7487301125631519E-002
   1.0980015043505790E-002
   3.7961548171408434E-002
   6.7858280176781166E-002
   6.8850573867915460E-002
  -1.9430327936163446E-002
   2.2588216484947035E-002
   1.1175930352493162E-002
  -5.5570630611368552E-003
   2.4624044924535189E-002
   1.7246173071534719E-002
  -1.0736044046102346E-002
  -7.5172766895550844E-002
  -2.6995812709629394E-002
  -1.6033116948006600E-002
   3.8969206293476201E-002
   1.8060052092728374E-003
  -2.1953143311512973E-002
   3.8970636829530808E-002
  -2.0499466343757607E-002
   4.8881221200595890E-003
   5.8009000745210468E-003
   3.9267748597602480E-002
   2.9964195594218462E-002
   1.3659348802769660E-002
   6.3770582028224948E-004
   6.7207574065243303E-002
   7.5743333623843279E-002
   1.8183084491935845E-002
   7.5081092979994721E-003
  -8.6470670936859992E-002
  -6.9238905228541398E-002
  -2.0218032580387207E-002
  -8.7758399493349168E-003
  -2.5283558520479126E-002
  -2.5411789901652850E-002
  -6.0215191825458397E-002
  -7.4938878726579269E-002
  -3.0059929828581172E-002
  -4.3830713223052785E-002
  -8.2898353148064957E-002
  -2.9344210569311753E-002
  -3.7288901067941548E-002
   1.1870303202851467E-002
   4.6006031498671877E-002
   7.0295446362311732E-003
   9.8640846882492601E-003
  -4.4415525815881061E-002
  -2.3520548712646222E-002
  -1.4723240352113582E-002
  -1.1493163173978410E-002
   4.0424766161118030E-002
  -6.2935982294101342E-002
  -6.6582658190671051E-002
  -9.1023452760138568E-002
  -2.9984139083239724E-002
  -2.1750109867013711E-002
  -1.9712770434807528E-002
   2.1057688421550091E-002
   2.4524697425447148E-002
   2.8795339030598145E-003
  -3.1088542979377892E-002
  -3.7919383865603770E-002
   2.9928431517203700E-003
   3.1986960660619422E-002
   3.1444545445910181E-002
   1.5775106952670571E-004
   1.0687833199760318E-002
   2.3813278454220786E-002
  -4.6125622667341415E-003
   4.1406929628939264E-002
   4.4197110573362806E-002
  -1.7451477795667868E-002
  -2.4589667615357563E-003
   8.7882129730684020E-003
   1.1346117222984424E-002
   2.2407042974238737E-002
   1.5169104316894208E-002
  -6.6794756726505103E-002
  -6.5397653366349118E-002
  -4.7568613495654360E-002
   5.4598731334636650E-005
   1.2533301247436807E-002
   3.2636370293709395E-002
   1.8729320102220445E-002
  -5.3262779702740966E-002
  -5.6695416526916245E-002
  -2.5965977560890509E-002
   4.5637393863108477E-003
  -2.0479565238988702E-002
  -5.1255348591609962E-002
  -3.6973961343385618E-002
   4.1087288829217399E-003
   1.1488181196648579E-002
   3.8723871100896853E-002
   4.7966667998998680E-002
   4.4229467433731150E-002
   2.0185861195851539E-002
  -4.1835452319983001E-002
  -2.4975783541546830E-002
   2.7724756445595810E-002
   1.8211189274677752E-002
  -1.6320126588205149E-002
  -3.8840225421705711E-002
  -4.8811619316230799E-002
  -1.9681840689419708E-002
   9.4361307172296047E-003
   1.9348198799388441E-002
   3.0442389103430296E-002
  -1.9545506522143406E-002
  -7.0432484196819620E-002
  -1.0861845619940053E-002
   2.0842267671353002E-002
   5.4253921236466898E-002
  0.13027681378902012     
   4.6908395537110299E-002
   5.5329440605970594E-002
   6.7828944801066229E-002
   9.0668699471425487E-002
   5.8401495985084401E-002
   4.3369134279162579E-002
   3.4137850397862775E-002
   1.8950594072743823E-002
  -2.9413347021377146E-003
   6.3496419664812356E-002
   4.8476654151942529E-002
  -1.6739980427656731E-002
  -7.3097634245577442E-002
   1.5002191638804226E-002
  -4.0425653819073808E-002
  -3.7581157221042875E-002
  -2.7039819303175967E-003
  -5.3660273959955365E-003
  -4.4214379719669517E-002
  -2.5861092168790942E-002
  -7.5358379277926671E-002
  -7.8002889366876214E-003
   1.4865401186452043E-002
   3.4030592694660751E-002
   1.8014040344071638E-002
   3.4723979305548131E-002
  -1.1417585000292772E-002
   4.1161353061224995E-002
   2.3394079067732946E-002
   3.7818122044963723E-002
   4.6220109300434617E-002
   6.0731477258913775E-003
  -2.7446029430447976E-002
  -5.0848395752146665E-003
   3.1983904390220984E-003
  -3.9551222515171817E-004
  -8.3126737039285348E-003
  -3.2060693929958674E-002
  -5.3303113810160094E-003
   5.8867910033027007E-004
  -2.1475819939944657E-002
   6.3633715881975583E-002
   5.4540750740489974E-002
  -5.1521426572422709E-002
  -1.5292014497037497E-003
   6.0224787766142507E-003
   6.9734896486120645E-003
  -4.1590839281694286E-004
  -9.8160752070984882E-003
  -3.7688284056629925E-002
  -4.2519202836529643E-002
  -3.8258609184100428E-002
  -4.9577994870967874E-002
   1.3389075373623549E-002
  -5.0090973944862817E-002
  -8.0063192512200745E-002
  -3.3111599707440514E-002
  -8.9441050896701176E-003
   1.1584271589802983E-002
  -3.6436624507258784E-002
  -4.9363332313361673E-002
  -6.9738749094975974E-002
  -7.3734350665154644E-002
  -3.3536164525189142E-002
  -5.2275781048394220E-002
  -3.9762452159016699E-002
  -3.3759884994858207E-002
  -2.0513196058549885E-002
  -3.0093887838398684E-002
  -9.7711478167787809E-003
   4.1013085826527802E-002
   2.9352951541983054E-002
   2.7967262374951753E-002
   5.7879160156331516E-003
  -5.5531003716802509E-002
  -5.3940439029398678E-002
  -3.5516350700351182E-002
  -2.2952423818255220E-002
  -4.7709670055900294E-003
  -1.4550429299331683E-002
  -3.1918803037257457E-002
  -3.0161350956112581E-002
   1.6064008169284407E-002
   1.1809608592747239E-002
  -2.4653594719730781E-003
  -4.4819065459145727E-002
  -1.3914025437981639E-002
   6.4861209325670962E-003
  -3.4386017435530597E-003
  -1.0528212265317510E-002
   1.2881041760343167E-003
  -6.4284536573848847E-002
  -6.5420638398707626E-002
  -9.0462501083938884E-002
  -6.3609250417053564E-002
  -6.2681846799574961E-002
   2.5656708295139139E-002
  -2.1703855167902939E-002
  -2.8688338765187893E-002
  -4.7258896055403024E-002
   1.2710397104665795E-002
  -6.6035516563371394E-004
   6.4032898524744503E-002
   1.6660924694387218E-002
   4.3127302835557725E-003
  -4.3423824698051845E-002
  -6.1337501054173791E-003
   2.4678716898922107E-002
   5.5107623257653074E-002
  -3.0837119788600251E-002
  -6.1840810327217471E-002
  -6.7905200672944643E-002
  -3.1315434595357738E-002
  -5.3556913905127707E-002
  0.10210513415809869     
   4.2659982675426145E-002
   3.2632765591592713E-002
  -8.4971595003979251E-003
  -2.8924804608938391E-002
  -3.5032790940781270E-003
  -1.4905891815050924E-002
  -2.7048168277270222E-002
  -2.1086686738652972E-002
  -2.1273469132529314E-002
   2.6531942391768499E-002
   4.1836054445351822E-002
   7.9399474247384083E-002
  0.10761777864519405     
  0.10366387216110785     
  -6.8270476852302859E-003
  -1.8796146984234399E-002
  -4.0584721054846354E-003
   3.4612621687954537E-002
   4.0808972286139743E-002
   1.5065357330685154E-002
  -1.1879696005725776E-002
  -1.4466851407832253E-002
   6.3802112746603181E-003
   3.0278692562075316E-002
   2.9955540026685788E-002
   3.4180551184907787E-002
  -2.9548508899283121E-002
  -9.0032096078998120E-002
  -4.0623165030779743E-002
   2.4795389954257622E-002
  -1.4086144592575402E-002
  -2.8650628561647459E-002
  -2.2452264194969471E-002
  -3.5044122736332776E-002
   1.1085613438518976E-002
   3.5308715374186811E-002
   4.4723443665349777E-002
   8.8521079033860486E-002
   8.2467640258356595E-002
   2.6768998497746926E-002
   8.0618500072839692E-003
   1.8305208260631985E-002
  -2.0732181230962370E-002
  -2.4392145599741816E-002
  -2.5073405981794365E-002
   1.3582051525914967E-002
  -2.4785189280219281E-002
   5.2849697461044764E-003
   5.8261620958294520E-002
   7.2004560489828590E-002
   8.2376544558037307E-002
   1.1709385012871418E-002
   3.6962481039800013E-003
  -2.1246077706245530E-003
   4.4358021123355219E-002
   4.4442789311928570E-002
   3.8772771993038795E-002
   6.2874084306398251E-002
   2.3906948445934967E-002
   3.9883095191770246E-002
   2.0817702791674643E-002
  -3.0891552521817488E-002
  -2.2092827034405252E-002
  -4.0944178439539340E-002
  -2.3158469242668376E-002
  -1.8602902687658820E-002
   3.2720087753232770E-002
   3.2008670686723126E-002
  -7.2311475707652118E-002
  -3.8297243347773083E-002
  -4.3377717729516103E-002
  -4.9664483203012498E-002
   1.8776905100168838E-002
   8.7962174387118831E-003
   5.3808676048645511E-002
  -6.3022108380435685E-003
   2.0370019584155786E-002
   5.6268653698178024E-002
   2.0275191888134841E-002
  -9.6892471751919944E-003
  -3.8447826949150617E-002
  -4.3126673320248353E-002
  -7.1362600926160411E-002
  -1.9266525551925030E-004
  -5.1223837980842173E-002
  -8.2332514920064595E-004
  -3.1051717569207660E-003
 -0.10172394484698372     
  -2.7286311243164916E-002
  -2.4210234822526832E-002
  -8.4783545485590788E-003
   5.3733955704111276E-002
   4.5221510820674854E-002
  -2.5677579479761398E-003
   4.1824842209713851E-002
   3.4329148122605069E-002
  -3.2912788199740179E-003
   4.9662119151604942E-002
   8.3196824566555819E-002
  -4.1036357980513104E-003
  -2.4194306527266063E-002
  -3.4519857720374039E-002
  -7.9309121963915246E-003
   3.8372075845512880E-002
   3.6258963518315736E-002
   4.7566306432674753E-002
  -9.5194446009022361E-003
   3.2582276494910558E-003
   1.3983751681393144E-002
  -2.1129192090189829E-002
  -4.8333945814504460E-002
  -8.8698472473385540E-002
  -8.5466812752489116E-002
 -0.12303615327362014     
  -6.0333886656858071E-002
  -3.1328169713377867E-002
  -1.5413009802433771E-002
  -3.8744474116808605E-002
  -6.2988857540078888E-003
  -7.9292058516177391E-002
  -9.4907377054049377E-002
  -1.9597845451179253E-002
  -2.0441359487501910E-002
  -1.9154830784906884E-002
 -0.10095891404142364     
  -6.8724732529215821E-002
  -2.5491130909659158E-002
   4.5743760201423629E-002
   6.0482178556310565E-002
   5.1447792830319403E-002
  -3.9443969286265299E-002
  -1.5621784684424000E-002
   1.2610837591999989E-002
  -3.7368911265263051E-003
   4.3325838216332208E-002
  0.11003953129917239     
   1.7374558205866857E-002
   1.7410630690785901E-002
  -3.3934331747672242E-002
   7.4919096643994570E-002
   6.5246480202294552E-002
   3.6307025434635855E-002
  -1.2637019481269583E-002
   3.5527162522661464E-002
  -5.1234214651238418E-002
  -2.2754702981893266E-002
   4.6003688379226887E-002
  -5.2379759877563749E-002
 -0.12194617974090245     
  -2.3065882475043410E-002
  -7.5821607630323598E-002
   2.4926218482013381E-002
   3.6159605883751895E-002
   4.4853977632813992E-002
   5.5409212665932607E-002
   8.4987839153911685E-002
   1.0599552402965293E-002
  -2.2385771223269114E-002
   8.7571018262370490E-003
   2.3140960550179897E-002
   5.3643250778083060E-002
   4.4623330192861563E-002
  -4.0708138921294419E-003
   5.5695684743119589E-002
   7.9345334684159437E-003
   3.6793885655418253E-002
   8.5569895286559290E-003
  -5.2673420838610194E-002
  -6.4304862329694762E-002
  -6.1733791636940226E-002
  -6.7299900055812795E-002
  -2.2628095336238037E-003
  -6.7521257472716754E-003
  -6.3938167881603170E-002
  -2.5155277137117200E-002
   8.6232698647603620E-002
   4.6132107937856701E-002
   4.2802703542828668E-002
   6.9641948703831932E-002
   2.1800799327173707E-002
   6.7036027816818874E-002
   9.5682061598831691E-002
   8.4551316076103680E-002
   6.6438818871964525E-002
   2.6168009513742811E-002
   5.7853654159849381E-003
  -5.9392820123025710E-003
  -4.3447151504287448E-003
  -1.2976544614897936E-002
  -7.6028622229489039E-004
  -1.9516200053142592E-002
  -1.3260577035364991E-002
  -6.0242392495523794E-002
  -6.7150216859340500E-002
   6.0504310120448662E-004
   5.3512837871235487E-002
   4.5266768611657182E-002
  -2.0294660691786755E-003
  -6.1403325225102050E-002
  -9.8297371087426519E-003
   2.0306851412553839E-002
   3.3673013454356748E-002
   4.3232472608100390E-002
   8.2491671291191379E-002
   4.7103734618691535E-003
   2.7301166674263477E-002
  -8.7378648451995871E-003
   4.8021862458180097E-002
   3.7381361222590941E-002
  -8.2153905809150118E-003
  -1.7381744466497012E-002
  -6.5492586561989655E-002
  -4.1537596832244568E-002
  -4.9616748539360045E-002
  -2.5473889719933217E-002
  -3.1541340355199295E-002
   2.1731614258176930E-003
  -4.0665348811940267E-003
  -5.6522281920582285E-002
   2.0286281889382050E-002
  -2.0707232038065662E-003
  -1.6697261350775241E-003
  -6.7420358343791842E-003
  -6.3930756082021645E-002
   5.6729850467884119E-003
  -4.5360237007055576E-002
  -2.0483676129429553E-002
  -9.5595249450627917E-003
   1.0801640822720115E-002
  -3.0946152380028267E-002
  -4.8615664636666091E-002
  -1.4271706264967324E-002
   5.8038484548852694E-002
   7.1053114872546234E-003
  -1.3416412784484568E-002
  -4.8639119955998150E-002
  -1.3348654472335863E-002
  -5.4389615929824969E-002
   1.6192382947201895E-002
  -5.2087041380489023E-002
  -8.1741217410825892E-002
  -1.4869775491879700E-002
  -2.6118347729936726E-002
   4.7516551057284813E-002
   5.2574359228388955E-002
   8.0773578389509146E-002
  -9.6213754546174451E-002
  -8.5423791298450194E-002
  -1.7493728914872771E-002
  -5.6957373908696034E-002
  -6.5510444408133440E-003
  -5.1210035822322218E-002
  -4.6610785363524698E-002
  -7.4435046355764339E-002
  -3.8724647747688475E-002
  -4.9118501030096295E-002
  -1.0581928040157920E-002
  -8.3389547648276663E-002
  -6.3091511322356464E-002
  -8.1303872622601275E-002
 -0.12122466035821497     
  -8.1478585704877871E-002
  -1.1423404989658636E-002
  -2.1042776753334255E-002
   5.4969208078009622E-003
  -2.8207159192425980E-002
 -0.13663061377473010     
  -7.8152723542235764E-002
  -2.2304187552880744E-002
  -3.9522831280786125E-002
  -6.6996273344718501E-003
  -4.1115017873543602E-002
  -2.6075633560607835E-002
   4.4968230804383287E-002
   7.7160597913238052E-002
   4.0511983899245716E-003
   5.7892944946440671E-002
  -1.9089839545585900E-002
  -2.0053653199912792E-002
  -4.7652436256444823E-002
   9.6171853938933176E-003
   5.0301389067286800E-004
   2.5458513811084410E-002
  -2.0297855589273970E-002
  -8.9342679915203990E-002
  -3.8369242180837711E-002
 -0.10098111690779055     
  -3.4782941686185988E-002
  -5.9868341751935150E-003
  -2.0480458370286912E-002
   7.5103831826150349E-003
  -2.6036863481616174E-002
  -3.7009251836092709E-002
   6.0354080956942335E-002
   6.1189994630460605E-002
   2.5641457511405657E-002
  -5.2633466912653994E-003
   7.7770723133271961E-003
   4.4895931182596160E-002
   7.9382775431384126E-002
   9.2650647934369904E-002
   7.7233577839982887E-002
   7.0831918356437984E-002
   4.8876878789357097E-003
  -3.4146654092391579E-002
  -3.1882595441015862E-002
  -9.9017557470220147E-002
  -5.8724990893600094E-002
  -7.3146993391379853E-002
   1.3828857932199949E-002
   3.0007494897094152E-002
   1.1164160348904002E-002
  -3.3313828938828650E-002
   8.2376057022411978E-002
   7.1115666155454879E-002
   3.5684752349711267E-002
  0.11927186100443936     
   2.7908308233658571E-003
  0.11807638186293597     
   6.3511743706920198E-002
   2.9439641172602709E-002
  0.11717276229114711     
  0.10621655801545855     
   3.3016603669230576E-003
  -1.8953567984760858E-003
   3.1212053486057285E-002
  -2.9018721711065402E-002
  -2.1936428539689893E-003
   2.6285262045213358E-002
   2.2053187414166845E-003
   1.8135690542502671E-002
  -4.3541287207926015E-002
 -0.14845186291111248     
  -6.2315575723941981E-002
   4.3188199791672134E-002
   3.0158126559076737E-002
   3.1866013588528835E-002
   2.4110851964271509E-002
   2.5628942202476447E-002
   9.0599821654163328E-003
  -2.5644470503053206E-002
   6.4331174916510164E-002
  0.10891740598010605     
   6.4940033121478349E-002
  0.11579168666755807     
   7.1201960251822877E-002
   8.5543877179971584E-002
   5.8542947038482167E-002
   5.8170073190885928E-002
   4.2621631017374415E-002
   3.6960112036429509E-002
   3.4806298988934850E-002
  -2.8551916021608420E-002
   5.4952763886678857E-002
  -5.7698963016635463E-002
  -2.4796805699289340E-002
 -0.12527984574912063     
 -0.15447992933246071     
   8.5369632948789891E-003
   4.5104151391298135E-002
   2.8889168157818303E-002
   1.7632659203047044E-003
  -2.7293584652103103E-002
  -1.9861064121019924E-002
   1.1149699688453599E-002
   4.1131168533337231E-003
   5.0530010092319375E-002
   9.1401715326947172E-002
   5.1939635258116477E-002
   8.5924554341130274E-003
   1.7952246504715268E-002
  -5.2557236971355996E-002
  -1.4019509171193626E-003
   1.8402487844518340E-004
   4.3804027846656803E-002
  -5.0777838845342552E-002
  -9.9815327765174655E-002
 -0.13079669364644758     
  -1.4392420576016588E-002
   2.8107081701807070E-002
   6.3387941970053083E-002
   4.3919687552096652E-002
   1.3463454221346710E-002
   1.7780562870423979E-002
   4.4684711028911764E-002
   3.7178332526554775E-003
  -5.0801276214712627E-003
  -7.1116890471127653E-002
  -4.0934353408587601E-002
  -7.9739630087843030E-002
   1.0459825448846785E-002
  -5.7139506810120330E-003
  -2.6132254372700513E-002
  -2.1678277832662629E-002
   3.7123000098414190E-002
   1.3350496913634435E-002
  -4.3153117446617248E-002
  -4.9459275245874491E-002
  -4.9014186081321680E-002
   1.1329170398637218E-002
   4.6289276388810217E-002
  -4.0888963398952462E-002
   2.3652802159482615E-002
   2.9705498338280515E-002
   8.1854205924767651E-002
  -4.1143249226802257E-002
   1.1271193079477319E-002
  -4.6508700336020371E-002
  -3.6213521280149590E-002
   1.1456906149629607E-002
   5.6735318311154281E-003
  -5.7659223560067537E-002
  -6.7129014960106231E-002
 -0.10771815070077356     
  -4.0788432554107239E-002
   6.3332528684963030E-002
  0.15165080587053503     
   7.5130640427896342E-002
   9.5098052879390091E-002
   5.3536873968036525E-002
   9.6520807236223152E-003
  -6.8480925036397116E-003
   4.0553339198261373E-002
   5.7315282229563544E-002
   5.7401644000253570E-002
  -8.5648716992286156E-002
   5.0100658092033330E-003
  -7.5294382817774883E-002
  -6.7599605543244984E-002
  -9.3710513524563142E-003
   1.9667305174677760E-003
  -5.3177487577096266E-003
  -1.9839500457750629E-002
  -4.6010728780073770E-002
   3.7074686477980158E-002
   3.2151014979708982E-003
   6.3339795431488446E-002
   8.0526577960481002E-002
  0.10028762987682331     
   8.9465780502018963E-002
  0.15325836555490044     
  0.11961198777048936     
  -1.0126313934257556E-002
   2.0532606624999384E-002
   3.2571981206940617E-002
   7.1145013663317686E-002
   4.9536137503638680E-002
  -1.3969055767857822E-002
   5.4655575410588374E-002
  -3.1763895694368875E-002
  -1.0071645580351491E-002
   1.0343435501519319E-002
   2.5195548007418984E-002
   4.8761725114513287E-002
  -2.2628626268986908E-002
   6.2459966044173656E-002
  -4.8719916654507015E-003
   1.0102177063724500E-002
   8.9424678184194164E-003
  -1.6820414035524209E-003
   2.0661953605602322E-002
   3.3982782420013194E-002
  -1.7525742892416853E-002
  -6.0089591462589168E-003
   3.2232049528676969E-002
   7.6363990725530961E-002
   6.2432318025239887E-002
   6.2673267997731347E-002
   3.5489864216772825E-002
   4.7204570169439533E-002
   3.0791202123119418E-002
   6.0999183192148060E-002
  0.12737420263329566     
   1.7290568886839199E-002
  -7.9084451679348564E-002
 -0.11111048508832262     
 -0.13994865332924489     
   2.3597677562416472E-002
   4.3853774265034007E-002
  -8.8364448536636331E-002
  -2.7469098993525568E-002
   6.0195146310903176E-002
   2.8722340364824357E-002
  0.11313141688898586     
  0.14942327788912232     
   7.5670704656736226E-002
   3.5830279916760743E-002
   5.1345572890918380E-002
  0.12129039799763923     
  0.18121614340893694     
   9.5130841569172134E-002
   5.0066782868037505E-003
   1.9701918368680221E-002
  -8.1957665381432510E-002
 -0.12154989996082928     
  -7.2550953049630884E-002
  -6.0823883414979567E-002
   1.1423805842511349E-002
  -4.0106362267990282E-002
  -4.9172829713291788E-002
  -5.3050825655632274E-002
  -4.5981972664248125E-002
  -9.4686838907995508E-002
   4.7991828693385800E-002
   5.2567456933856081E-002
   2.2221367104382016E-002
  -5.8519951607948449E-003
  -3.2098903898502996E-003
   1.6344855800980936E-002
  0.16304343940233601     
   4.1940891449927908E-002
   1.3379836052622223E-002
   3.3296157076886809E-002
   2.8742707163718750E-002
   2.9964899566376147E-002
  -1.1151464357730489E-002
  -4.5393036741291616E-002
 -0.10140934785380480     
  -3.9807264844358654E-002
  -5.3856897321785474E-002
  -8.9252909894050228E-002
  -2.3412736038062040E-002
  -9.8715250628589102E-002
  -5.3266071409396168E-002
  -3.6419138150126672E-002
  -8.9692566811128638E-002
  -6.0569177238101964E-002
  -1.9923852173666427E-002
   3.8185335037031823E-002
   5.4116439234249136E-002
  -9.2183192446431935E-004
  -7.1475215861048949E-002
  -2.3473913290450382E-002
   5.9648109945700849E-002
   2.4665767028069628E-002
 -0.11025020341482804     
 -0.13441567333493526     
 -0.11881356443742824     
   4.6367890820125199E-002
  -2.7043537629728793E-002
   8.6016723206085596E-002
  -5.3964235464130539E-002
 -0.18656257608483909     
  -8.2564749014461619E-002
  -5.8225243818412944E-002
   3.8922254889615066E-002
   1.3468304026580797E-002
  -5.0877838024063968E-002
  -2.9557173703744995E-002
   6.1334668287782057E-002
 -0.11187726716780624     
  -7.7447029069872428E-002
   3.2143337236206319E-002
  0.12882171836546255     
  0.22401044309867774     
   9.4784801519046363E-002
  -9.8646505187657986E-005
 -0.13612514752328270     
  -2.5696116714245817E-002
   2.1009157838095861E-002
   7.0240527719372683E-002
  -7.3524330532804411E-002
  -2.9372908717069240E-002
  -6.5273396780132595E-002
  -9.3554113059867456E-003
  -5.7867106135980020E-002
  -6.2950303935476085E-002
  -5.1195709387556923E-002
 -0.10318810134032774     
   4.2035997403503028E-002
   5.0713714237057041E-002
  -2.9712621763865906E-002
   7.6681871449646227E-003
   9.4509549044701435E-002
   8.3742125632447373E-002
   3.2574136396473267E-002
   2.2281915241164761E-002
   4.7671348028891655E-002
   7.3912079219614499E-002
  -6.3730233989341231E-002
   4.9406526011928381E-002
   5.3809903061135554E-002
  0.11245930931307196     
  0.10389197016838092     
  0.13311574778943938     
   4.8026151949410151E-002
  -5.6819000766421580E-002
  -4.5355028866282912E-002
   2.3346846474307514E-002
   8.0487989870836302E-002
  -3.5552801929181248E-002
  -2.2860593734598231E-002
  -8.0420263407516082E-002
  -9.6476906143980710E-003
  0.10302648684176138     
  -7.6566033456149582E-002
  -3.5088279374853641E-002
  -5.9015199780627858E-002
  -1.7172483692371728E-002
   6.0133062009985083E-002
   5.0244309721441421E-002
  -4.3708110304070602E-003
   9.1870424826016386E-002
  0.10082002767134675     
   9.7121468198635430E-002
   6.2744641698438380E-002
   3.8961781374173103E-002
  -2.8815512454524909E-002
  -6.1725216560730739E-002
  -8.2165549798192697E-002
 -0.20603799816974036     
  -7.5990195203129662E-002
 -0.12450858480837280     
  -6.9067267824103579E-002
  -9.1045458820139438E-002
  -7.4090326794037528E-002
 -0.20113691381292342     
 -0.16817470268566875     
  -1.6324485928394135E-003
   4.7183092396303618E-002
   8.8358900294361720E-002
  -7.7927643289340917E-002
  -4.1454518627984660E-002
   5.0988232011491809E-002
   2.1049750866317350E-002
   7.2001749090732300E-002
   2.7103739080303290E-002
   6.5771598195665769E-003
  -2.9233038778070645E-002
  -8.6880331712694381E-002
 -0.12405737014181951     
  -5.2603329061726385E-002
 -0.14766345250433871     
  -5.3589321714120147E-002
  -8.9516566884762228E-002
  -4.2844097627282036E-002
  -6.6252255075431227E-002
 -0.12433021367997525     
 -0.19528780921000038     
  -2.6985664825049733E-002
   3.2107370808389301E-003
   2.6894083230518808E-002
   1.1027443936826805E-002
  -2.3021820558985669E-002
   8.6487685826781319E-002
  0.21423062617180236     
  0.10420840846417709     
  0.15567120041613594     
  0.10211346950489254     
   3.4158135449762823E-002
   5.6303700896938313E-004
   9.3661646589652092E-002
   2.2434185547601366E-002
  -1.5274807925726145E-002
  -3.6879757601646315E-002
   3.2371858240499235E-002
  -4.8744204683692810E-002
  -6.8297974400892997E-002
 -0.27149471011769521     
 -0.11000749075924374     
 -0.10111433454918455     
 -0.15506530351059405     
  0.12191054977715791     
   4.6859567894111713E-002
  -3.2197044476509569E-002
   7.8290499438325736E-002
  0.11309531547815999     
   9.1607949332531718E-002
  0.13598191807318655     
   6.8234675532243980E-002
  0.12356368467470977     
  0.32605326885317981     
   8.3323953267885872E-002
  -5.5344718894940727E-002
   5.6431114419311663E-003
   5.7153578797877240E-002
   1.6404419209830712E-002
 -0.10839172613069364     
 -0.16811205605634441     
 -0.15945643489062175     
 -0.16983609414895703     
 -0.15293780486174427     
 -0.27820465630448465     
 -0.21031005408475031     
  0.11717600952674427     
  0.18040806363032394     
  0.22194157185020771     
  0.13032536556107457     
  0.26429069254189624     
  0.27881655604151540     
  0.43974296546606412     
  0.18692545058365531     
  0.18119081152471853     
 -0.14894862931503045     
 -0.29555686505226658     
 -0.23129669830493230     
  -1.2153197469572904E-002
 -0.21723706699891443     
 -0.29538811667642989     
 -0.38231978551039081     
 -0.14024192229769503     
 -0.14715739492246410     
   4.3375387429333008E-002
  -5.3700224175589659E-002
   8.6971343195091436E-002
  0.12844875023177849     
  0.27680457659316637     
  0.18466120087240304     
  0.12808073559770811     
   5.6782329853667282E-002
  0.20881088014675062     
  0.22143819004312151     
   5.1747199532239649E-002
 -0.26268504455269187     
 -0.37895917288360875     
 -0.32675535055821658     
 -0.45851369198574338     
 -0.46434747571625179     
 -0.36660697015430777     
  -4.3938659615522742E-002
  0.14704031151106386     
  0.41070809281975540     
  0.33310564501052758     
  0.10387594361710653     
  -5.4051795960087579E-002
 -0.25801511834074686     
 -0.36066533452610960     
 -0.15849288751049836     
  0.26531047113025519     
  0.20840288252843112     
  0.11141220193163277     
 -0.19344803471442876     
  -8.9612363964300196E-002
 -0.31812786127134124     
 -0.23438929880133400     
 -0.24010708766946889     
  0.23638120839066029     
  0.19787009002893247     
  0.15994348946316969     
  -8.1422005372084605E-002
  0.12459266911231906     
   7.6821032753951843E-002
  0.30931975415521923     
  0.86941665854432104     
   1.7662498399917101     
   1.7730868830768951     
   1.0397550631421861     
  0.17982243172144646     
