  0.68305265918454960            (0.18904635150275251,-6.42407650859536800E-003)               (0.0000000000000000,0.0000000000000000)               (0.0000000000000000,0.0000000000000000)
  0.70829324894468759      (-4.17147448511884841E-003,-3.88911506988230335E-002)               (0.0000000000000000,0.0000000000000000)               (0.0000000000000000,0.0000000000000000)
  0.69258271069771427            (0.14843336736961260,-5.38567669276718487E-005)               (0.0000000000000000,0.0000000000000000)               (0.0000000000000000,0.0000000000000000)
  0.67581855465698237        (9.41864432498478593E-002,1.66656650400795192E-002)               (0.0000000000000000,0.0000000000000000)               (0.0000000000000000,0.0000000000000000)
  0.66765669293678487            (0.11137522727574328,-1.64430432502973810E-002)               (0.0000000000000000,0.0000000000000000)               (0.0000000000000000,0.0000000000000000)
  0.66721129997514106        (8.28811802309967482E-002,2.60298565271889007E-002)               (0.0000000000000000,0.0000000000000000)               (0.0000000000000000,0.0000000000000000)
  0.68049422238616530            (0.35998541820270952,-3.48651089874151623E-002)               (0.0000000000000000,0.0000000000000000)               (0.0000000000000000,0.0000000000000000)
  0.68689869825593586            (0.33733045870979617,-1.17251296958589702E-002)               (0.0000000000000000,0.0000000000000000)               (0.0000000000000000,0.0000000000000000)
  0.70028648823169493            (0.48241983617093959,-7.34321237170655478E-002)               (0.0000000000000000,0.0000000000000000)               (0.0000000000000000,0.0000000000000000)
  0.66658824135895334            (0.35942862189299024,-6.84527769428091258E-003)               (0.0000000000000000,0.0000000000000000)               (0.0000000000000000,0.0000000000000000)
  0.67206335372594039             (0.69135080652191072,3.79421875139406180E-003)               (0.0000000000000000,0.0000000000000000)               (0.0000000000000000,0.0000000000000000)
  0.67166053309508478              (1.1918806253804011,5.88175307519680623E-003)               (0.0000000000000000,0.0000000000000000)               (0.0000000000000000,0.0000000000000000)
  0.68600368590644034              (1.5849307134677448,7.14019589115874945E-003)               (0.0000000000000000,0.0000000000000000)               (0.0000000000000000,0.0000000000000000)
  0.70373752858863248             (1.7342810333044663,-3.92471942242073255E-002)               (0.0000000000000000,0.0000000000000000)               (0.0000000000000000,0.0000000000000000)
  0.68907690227471385             (1.5359558505647615,-3.71229750304324022E-002)               (0.0000000000000000,0.0000000000000000)               (0.0000000000000000,0.0000000000000000)
  0.67414253270596536              (1.6727368039422705,3.57784000817079400E-003)               (0.0000000000000000,0.0000000000000000)               (0.0000000000000000,0.0000000000000000)
  0.68484995285201267              (1.4291254772039721,2.54451403953789013E-002)               (0.0000000000000000,0.0000000000000000)               (0.0000000000000000,0.0000000000000000)
  0.69514091210547790             (1.8354981248437252,-3.31935391698689186E-002)               (0.0000000000000000,0.0000000000000000)               (0.0000000000000000,0.0000000000000000)
  0.68021977895657526             (2.5937317785809042,-3.53396965731928503E-003)               (0.0000000000000000,0.0000000000000000)               (0.0000000000000000,0.0000000000000000)
  0.65992608219551552             (2.5771060655692288,-1.83380724494759985E-002)               (0.0000000000000000,0.0000000000000000)               (0.0000000000000000,0.0000000000000000)
  0.65621453638828353             (2.2811073184941564,-2.42749773533765048E-002)               (0.0000000000000000,0.0000000000000000)               (0.0000000000000000,0.0000000000000000)
  0.66074878173645435             (3.0696978885729371,-2.99082518110527131E-003)               (0.0000000000000000,0.0000000000000000)               (0.0000000000000000,0.0000000000000000)
  0.65438293295027750              (2.4180489655171060,1.24403940623249373E-002)               (0.0000000000000000,0.0000000000000000)               (0.0000000000000000,0.0000000000000000)
  0.67709571543737279             (2.7498626437737306,-5.07740386910992929E-003)               (0.0000000000000000,0.0000000000000000)               (0.0000000000000000,0.0000000000000000)
  0.66259662547315823             (2.6673274940153662,-2.40423168280627583E-002)               (0.0000000000000000,0.0000000000000000)               (0.0000000000000000,0.0000000000000000)
  0.68271859095368903             (2.9148550591883997,-1.28786420824361144E-002)               (0.0000000000000000,0.0000000000000000)               (0.0000000000000000,0.0000000000000000)
  0.68649659581090028              (2.7211290939539055,8.40597079181411300E-003)               (0.0000000000000000,0.0000000000000000)               (0.0000000000000000,0.0000000000000000)
  0.68414778187561576             (3.0979634449708033,-9.56773467282368874E-003)               (0.0000000000000000,0.0000000000000000)               (0.0000000000000000,0.0000000000000000)
  0.69677395142396226             (3.4165343109168069,-3.06320514180359387E-003)               (0.0000000000000000,0.0000000000000000)               (0.0000000000000000,0.0000000000000000)
  0.68370211055468844              (2.5813496523641293,1.82279115501383163E-002)               (0.0000000000000000,0.0000000000000000)               (0.0000000000000000,0.0000000000000000)
  0.67724773536943150              (2.9708109157296367,5.14644177519237196E-003)               (0.0000000000000000,0.0000000000000000)               (0.0000000000000000,0.0000000000000000)
  0.65821462868872493              (2.6405294964337052,6.09006815300048437E-003)               (0.0000000000000000,0.0000000000000000)               (0.0000000000000000,0.0000000000000000)
  0.66056600713781000             (2.6170158130368537,-1.24533448927055968E-002)               (0.0000000000000000,0.0000000000000000)               (0.0000000000000000,0.0000000000000000)
  0.67723359462398158              (3.1309647152943194,5.07307758717625637E-002)               (0.0000000000000000,0.0000000000000000)               (0.0000000000000000,0.0000000000000000)
  0.68666813422583717              (2.7359402725108706,2.07527787747220985E-003)               (0.0000000000000000,0.0000000000000000)               (0.0000000000000000,0.0000000000000000)
  0.68643637602097340             (2.5926834822525660,-3.05444786832401102E-002)               (0.0000000000000000,0.0000000000000000)               (0.0000000000000000,0.0000000000000000)
  0.66666035997088779             (3.0033241649686850,-1.17332540243167277E-002)               (0.0000000000000000,0.0000000000000000)               (0.0000000000000000,0.0000000000000000)
  0.68248883401092009              (3.2572953738342845,7.30837584334552556E-004)               (0.0000000000000000,0.0000000000000000)               (0.0000000000000000,0.0000000000000000)
  0.68215710343912417              (2.4316667673757477,1.66788072427672546E-002)               (0.0000000000000000,0.0000000000000000)               (0.0000000000000000,0.0000000000000000)
  0.68437808242466114             (2.4184109083524481,-3.67142250825515590E-002)               (0.0000000000000000,0.0000000000000000)               (0.0000000000000000,0.0000000000000000)
  0.68009926348811045             (2.2082695467636575,-1.03061828200089363E-002)               (0.0000000000000000,0.0000000000000000)               (0.0000000000000000,0.0000000000000000)
  0.68988621329138444              (2.5655437335769085,2.97890409413903694E-003)               (0.0000000000000000,0.0000000000000000)               (0.0000000000000000,0.0000000000000000)
  0.69009704637394131              (2.9309335317762568,1.20261432303362340E-002)               (0.0000000000000000,0.0000000000000000)               (0.0000000000000000,0.0000000000000000)
  0.66619819279200265             (2.4009387314684769,-4.89624006403233374E-003)               (0.0000000000000000,0.0000000000000000)               (0.0000000000000000,0.0000000000000000)
  0.67477465355622424             (2.2513782666053137,-7.90625754873868977E-003)               (0.0000000000000000,0.0000000000000000)               (0.0000000000000000,0.0000000000000000)
  0.68169078846316145              (2.8321239558245863,1.29153900303634198E-003)               (0.0000000000000000,0.0000000000000000)               (0.0000000000000000,0.0000000000000000)
  0.67329405329039949              (2.0658309929184102,8.10026995766722699E-003)               (0.0000000000000000,0.0000000000000000)               (0.0000000000000000,0.0000000000000000)
  0.68019777888351673             (2.3043465991577761,-8.79689954590609155E-003)               (0.0000000000000000,0.0000000000000000)               (0.0000000000000000,0.0000000000000000)
  0.66859364012120259             (2.4087823594620770,-1.88066206396569312E-002)               (0.0000000000000000,0.0000000000000000)               (0.0000000000000000,0.0000000000000000)
  0.67803351300637293             (2.3133448559692003,-3.26954011657437857E-002)               (0.0000000000000000,0.0000000000000000)               (0.0000000000000000,0.0000000000000000)
  0.67754459614476892              (2.6479675596216934,1.83591938992312687E-002)               (0.0000000000000000,0.0000000000000000)               (0.0000000000000000,0.0000000000000000)
  0.68977059380080574             (2.1368022409183638,-3.09442994087038674E-002)               (0.0000000000000000,0.0000000000000000)               (0.0000000000000000,0.0000000000000000)
  0.68767463076830582             (2.5451964854315725,-7.30185439501302488E-003)               (0.0000000000000000,0.0000000000000000)               (0.0000000000000000,0.0000000000000000)
  0.68176059365185482             (1.8604528576484811,-1.85864122778816483E-002)               (0.0000000000000000,0.0000000000000000)               (0.0000000000000000,0.0000000000000000)
  0.68817011596487210              (2.1929387616604852,4.98756534880916581E-003)               (0.0000000000000000,0.0000000000000000)               (0.0000000000000000,0.0000000000000000)
  0.67853116605585362              (2.3339290666164705,1.39431924619142118E-002)               (0.0000000000000000,0.0000000000000000)               (0.0000000000000000,0.0000000000000000)
  0.67565299449195748             (2.2140467855373291,-5.02760620332713404E-002)               (0.0000000000000000,0.0000000000000000)               (0.0000000000000000,0.0000000000000000)
  0.67862577158833293             (2.4149412962085939,-1.74205240266504064E-003)               (0.0000000000000000,0.0000000000000000)               (0.0000000000000000,0.0000000000000000)
  0.68196921446559089             (2.4473094829246733,-1.20974282841545856E-002)               (0.0000000000000000,0.0000000000000000)               (0.0000000000000000,0.0000000000000000)
  0.66982904383008257              (2.9270486293085445,8.15881604714113057E-003)               (0.0000000000000000,0.0000000000000000)               (0.0000000000000000,0.0000000000000000)
  0.67087021942900982             (3.2824050240633635,-5.97885194101207412E-003)               (0.0000000000000000,0.0000000000000000)               (0.0000000000000000,0.0000000000000000)
  0.68624233165931869              (3.2586180381304271,3.36332171196762489E-003)               (0.0000000000000000,0.0000000000000000)               (0.0000000000000000,0.0000000000000000)
  0.67571025043115285              (3.0891062536436977,5.93114526802378771E-003)               (0.0000000000000000,0.0000000000000000)               (0.0000000000000000,0.0000000000000000)
  0.67513886708140836              (2.6384810404121826,4.44261810881621099E-003)               (0.0000000000000000,0.0000000000000000)               (0.0000000000000000,0.0000000000000000)
  0.68222389254178384             (3.0316909323933148,-2.20362659799590056E-002)               (0.0000000000000000,0.0000000000000000)               (0.0000000000000000,0.0000000000000000)
  0.68534678564863227              (2.5416597790840427,1.19059805604654380E-002)               (0.0000000000000000,0.0000000000000000)               (0.0000000000000000,0.0000000000000000)
  0.67437681090702273             (1.3926123597832836,-3.02925290398370663E-002)               (0.0000000000000000,0.0000000000000000)               (0.0000000000000000,0.0000000000000000)
  0.66520422407313684             (1.5441039017203602,-3.20114120511133041E-002)               (0.0000000000000000,0.0000000000000000)               (0.0000000000000000,0.0000000000000000)
  0.67323257627271793             (1.3538483255643068,-3.05888083631227665E-002)               (0.0000000000000000,0.0000000000000000)               (0.0000000000000000,0.0000000000000000)
  0.67752846570250302              (1.2850286649109439,2.20947319030899113E-002)               (0.0000000000000000,0.0000000000000000)               (0.0000000000000000,0.0000000000000000)
  0.68123293086793424              (1.3039289427054574,1.67411816532035511E-002)               (0.0000000000000000,0.0000000000000000)               (0.0000000000000000,0.0000000000000000)
  0.67655228577755677             (2.1092737428658990,-5.58153306354548309E-002)               (0.0000000000000000,0.0000000000000000)               (0.0000000000000000,0.0000000000000000)
  0.67461764930843671             (1.6852482987725019,-1.50167996449209373E-003)               (0.0000000000000000,0.0000000000000000)               (0.0000000000000000,0.0000000000000000)
  0.68209870026825825             (1.0476197467061223,-3.31626464736275994E-002)               (0.0000000000000000,0.0000000000000000)               (0.0000000000000000,0.0000000000000000)
  0.69083594811568694             (0.96746473688145140,3.59247576913281838E-002)               (0.0000000000000000,0.0000000000000000)               (0.0000000000000000,0.0000000000000000)
  0.68187693989660481             (0.65142289539249287,5.13771101569255456E-002)               (0.0000000000000000,0.0000000000000000)               (0.0000000000000000,0.0000000000000000)
  0.69213299731824107             (0.89500991178919687,1.69003976922441589E-002)               (0.0000000000000000,0.0000000000000000)               (0.0000000000000000,0.0000000000000000)
  0.67695632605941836            (0.48494942289071186,-5.64915701954502580E-002)               (0.0000000000000000,0.0000000000000000)               (0.0000000000000000,0.0000000000000000)
  0.67106613793512737              (1.2821398424398411,4.94713811438829767E-002)               (0.0000000000000000,0.0000000000000000)               (0.0000000000000000,0.0000000000000000)
  0.67222546076560596              (1.7670535047364127,3.49437719679554920E-002)               (0.0000000000000000,0.0000000000000000)               (0.0000000000000000,0.0000000000000000)
  0.65984804598602309              (1.4377747134144068,3.44071909037634710E-003)               (0.0000000000000000,0.0000000000000000)               (0.0000000000000000,0.0000000000000000)
  0.66483746885051553             (1.4120872415469126,-1.01692517182768467E-002)               (0.0000000000000000,0.0000000000000000)               (0.0000000000000000,0.0000000000000000)
  0.66487612376826111             (1.1700263215196633,-2.90125956815323605E-002)               (0.0000000000000000,0.0000000000000000)               (0.0000000000000000,0.0000000000000000)
  0.67979141664229203            (0.74218558605282847,-2.87180810945182642E-002)               (0.0000000000000000,0.0000000000000000)               (0.0000000000000000,0.0000000000000000)
  0.68673280118858882             (0.73393505707772044,2.72900675961197034E-002)               (0.0000000000000000,0.0000000000000000)               (0.0000000000000000,0.0000000000000000)
  0.65624584872528358             (1.3982917033346076,-4.29257866625185475E-002)               (0.0000000000000000,0.0000000000000000)               (0.0000000000000000,0.0000000000000000)
  0.68688320125136781              (1.3760960052243527,1.45370344371415234E-002)               (0.0000000000000000,0.0000000000000000)               (0.0000000000000000,0.0000000000000000)
  0.69130976175346293             (1.8169828793856670,-5.92151710124262654E-002)               (0.0000000000000000,0.0000000000000000)               (0.0000000000000000,0.0000000000000000)
  0.69574377603322501              (1.5013712436766666,4.41304162054097660E-003)               (0.0000000000000000,0.0000000000000000)               (0.0000000000000000,0.0000000000000000)
  0.68821959617168016             (1.5975467541566937,-2.76894246262297215E-002)               (0.0000000000000000,0.0000000000000000)               (0.0000000000000000,0.0000000000000000)
  0.68513297000309348             (1.6590601634273752,-1.23929496327697865E-002)               (0.0000000000000000,0.0000000000000000)               (0.0000000000000000,0.0000000000000000)
  0.67219988134434616             (2.0249719897772112,-1.51371334989123841E-004)               (0.0000000000000000,0.0000000000000000)               (0.0000000000000000,0.0000000000000000)
  0.68446597635546347             (1.6360101902590061,-1.70095452178456834E-002)               (0.0000000000000000,0.0000000000000000)               (0.0000000000000000,0.0000000000000000)
  0.67239008097692232              (1.2397101016760941,3.36648885087728195E-002)               (0.0000000000000000,0.0000000000000000)               (0.0000000000000000,0.0000000000000000)
  0.66635103985976651             (1.4337305475023678,-6.28288784508658632E-002)               (0.0000000000000000,0.0000000000000000)               (0.0000000000000000,0.0000000000000000)
  0.68621880195113161             (0.74200652159675340,5.82067289831462234E-002)               (0.0000000000000000,0.0000000000000000)               (0.0000000000000000,0.0000000000000000)
  0.66734904113459859            (0.49530794883904983,-6.79234155968404946E-002)               (0.0000000000000000,0.0000000000000000)               (0.0000000000000000,0.0000000000000000)
  0.68893034424657518              (1.5036596730605645,7.46568055803691673E-003)               (0.0000000000000000,0.0000000000000000)               (0.0000000000000000,0.0000000000000000)
  0.67548157356082250             (0.64845774352741936,3.09081417361313122E-002)               (0.0000000000000000,0.0000000000000000)               (0.0000000000000000,0.0000000000000000)
  0.68581672963920093            (0.56770504370633890,-1.59611573023425886E-002)               (0.0000000000000000,0.0000000000000000)               (0.0000000000000000,0.0000000000000000)
