   1.0000000000000000     
 -0.15468529256954403     
  -7.3803141635780806E-002
  0.25121400711703784     
  -6.2132495454421156E-002
 -0.15273436447432109     
  0.18781429698083740     
  -9.9090117473443554E-002
   4.5173302747985075E-002
  0.11260190479549290     
 -0.13673097101050688     
  -3.2207548790413223E-002
   1.6583781109331307E-002
  -8.5584093742225850E-002
 -0.12156038030123967     
  0.32120975881830244     
  -9.2406249432207072E-002
  -8.2155132083768553E-002
  0.21242145915572544     
   4.2611062658741455E-002
  -9.6207763966506613E-002
  0.19891755356643429     
 -0.16423201142953689     
  -2.4315497456170103E-003
   4.6956058194158559E-002
  -3.5929859322329845E-002
   1.9883849401710074E-002
  -4.3393720487288213E-002
  -1.3335383616656394E-002
 -0.10135286650134499     
  -2.2371700593430955E-002
  -9.8189555457515967E-002
   4.4161226107290293E-002
  -3.4962380219206862E-002
  0.15690627865645257     
  -6.0099387519967018E-002
   6.2527336318110915E-002
  -9.7975192843652220E-002
 -0.11451851710491405     
   6.2179843288109514E-002
   3.9902375736234043E-002
  -8.8754537809823023E-002
   6.7137974991258981E-002
   8.5701301929985818E-002
 -0.18218582062403155     
  -8.0251262176786201E-002
  -9.3003320969261380E-002
   3.6744507928410761E-002
 -0.15659385575876447     
   6.5309206560422148E-002
   5.8427741049491997E-003
   6.5309206560422162E-002
 -0.15659385575876444     
   3.6744507928410726E-002
  -9.3003320969261338E-002
  -8.0251262176786298E-002
 -0.18218582062403152     
   8.5701301929985832E-002
   6.7137974991258870E-002
  -8.8754537809823078E-002
   3.9902375736234015E-002
   6.2179843288109507E-002
 -0.11451851710491408     
  -9.7975192843652206E-002
   6.2527336318110929E-002
  -6.0099387519967025E-002
  0.15690627865645240     
  -3.4962380219206925E-002
   4.4161226107290341E-002
  -9.8189555457515940E-002
  -2.2371700593430948E-002
 -0.10135286650134506     
  -1.3335383616656409E-002
  -4.3393720487288213E-002
   1.9883849401710060E-002
  -3.5929859322329845E-002
   4.6956058194158559E-002
  -2.4315497456170259E-003
 -0.16423201142953681     
  0.19891755356643412     
  -9.6207763966506640E-002
   4.2611062658741455E-002
  0.21242145915572544     
  -8.2155132083768539E-002
  -9.2406249432207072E-002
  0.32120975881830210     
 -0.12156038030123968     
  -8.5584093742225836E-002
   1.6583781109331328E-002
  -3.2207548790413230E-002
 -0.13673097101050685     
  0.11260190479549290     
   4.5173302747985061E-002
  -9.9090117473443540E-002
  0.18781429698083746     
 -0.15273436447432107     
  -6.2132495454421177E-002
  0.25121400711703784     
  -7.3803141635780750E-002
 -0.15468529256954408     
