   3.4991847096948372E-002
   1.2919723943679195E-002
   5.5876839904873715E-002
   3.3689766034542108E-002
   5.3964243895858313E-002
   3.7638665408498945E-002
   3.9802841363809995E-002
   4.5553000282894281E-002
   5.3587466976953602E-002
   1.4663168878412458E-002
   2.7286070492905923E-002
   3.0596139335226809E-002
   3.3850422072204206E-002
   5.3691685975821427E-002
   3.3680089192953677E-002
   4.7850391080463878E-002
   3.0328707176809303E-002
   2.9253833054157061E-002
   2.4997210359721037E-002
   2.4998148180548220E-002
   3.4389824567289159E-002
   2.6879070955097988E-002
   2.8829831141327304E-002
   4.1942876513236582E-002
   6.6566343213641188E-002
   3.3184596967495254E-002
   2.2115243578229159E-002
   3.7877984423292980E-002
   3.2610630548134366E-002
   2.5884179962525938E-002
   3.1407031714003539E-002
   5.6643822006336449E-002
   2.9795430603402853E-002
   5.9719218621785711E-002
   4.1939670161309679E-002
   2.4510058695202765E-002
   3.9718499814474360E-002
   3.1278894573277795E-002
   3.3515265035084313E-002
   1.6757727343492287E-002
   2.0514501498023495E-002
   2.4521197455566659E-002
   4.9594586162704409E-002
   2.8083361082063951E-002
   3.7305602145412918E-002
   4.6987915181774274E-002
   4.3746815060497213E-002
   2.3701028989655225E-002
   3.5662886247721418E-002
   2.7241713294508370E-002
   4.5553512251565259E-002
   4.2549941029825962E-002
   3.0516183124283544E-002
   3.8497810898438158E-002
   4.7752684869597467E-002
   4.2802339170301996E-002
   2.2062980606606719E-002
   3.1020364718160765E-002
   4.2819528382873263E-002
   3.9191739001755481E-002
   4.2037251249059944E-002
   1.4075369538080237E-002
   3.1658824225651069E-002
   3.3873602748134883E-002
   1.7008470037784447E-002
   1.7317280423066853E-002
   3.4216399982190594E-002
   2.2548276094146089E-002
   3.5963285094024459E-002
   2.2557214311438503E-002
   4.6160623869779982E-002
   4.2141061189405540E-002
   1.4720196244427943E-002
   3.5781911545042185E-002
   4.9060367970504185E-002
   3.3535180279271569E-002
   1.5483239490290117E-002
   3.3383683731784797E-002
   1.4949504201811297E-002
   3.0898776878038783E-002
   3.6819047158334277E-002
   4.2394100827055664E-002
   3.5886016878004322E-002
   4.7126789000158528E-002
   3.7731534040923276E-002
   2.6325955648782935E-002
   3.0352133937933533E-002
   3.2093134945568161E-002
   4.7683224905625800E-002
   2.1799170948353118E-002
   3.6035466900108351E-002
   2.4873515717076231E-002
   1.5522726119272353E-002
   3.0499787516721992E-002
   1.8681742318346767E-002
   4.9015984709452329E-002
   2.6996250261175678E-002
   3.4697207517438503E-002
   2.2770943733740192E-002
   3.1597495480529064E-002
   6.6943148375673389E-002
   4.9026517446795058E-002
   4.5753118245329995E-002
   2.4432529668106412E-002
   2.5609809150443599E-002
   5.6065853021449404E-002
   3.2007992942321213E-002
   3.2520154311863003E-002
   5.2058834149051089E-002
   1.5176097081366028E-002
   4.0404043693698655E-002
   3.8789810015939515E-002
   5.6834097300061955E-002
   4.8517089978414654E-002
   4.4994028791610269E-002
   1.9359311366412457E-002
   2.0705534292543130E-002
   2.8616440508992320E-002
   3.4800270455220148E-002
   3.1547410814895767E-002
   3.3006213629784141E-002
   3.8693292472564034E-002
   3.8597652097398301E-002
   3.2472681632703282E-002
   2.1597040420524877E-002
   2.3824773455888827E-002
   2.6254414298658296E-002
   4.2504066979871809E-002
   3.1213838319256334E-002
   1.8764014187828377E-002
   2.4086048522770225E-002
   4.4706963595932007E-002
   1.1940621746376157E-002
   4.5293912269527600E-002
   3.8066029535447410E-002
   1.6004951260540003E-002
   3.1154833525464741E-002
   2.5937621310601774E-002
   4.3134227263868577E-002
   3.0788684277673648E-002
   1.7655848590430925E-002
   5.7696158369852837E-003
   2.5793167302306533E-002
   1.4343114247983230E-002
   4.8809708124880072E-002
   2.8854826705612589E-002
   4.5355598695743980E-002
   6.2137623417554813E-002
   1.9842054362731631E-002
   3.7827008783024411E-002
   5.1560201927380242E-002
   2.6519589050037772E-002
   3.6763337312780087E-002
   4.0207076753215609E-002
   5.1258344966846489E-002
   5.0381030958536889E-002
   3.5863573749942659E-002
   2.5992457997021261E-002
   4.0130786195521510E-002
   3.4936038255744990E-002
   4.1857829635290340E-002
   1.6244294760782891E-002
   5.7729533223018943E-002
   2.9440644170723222E-002
   2.0592120992009480E-002
   3.9835132828865444E-002
   3.5582482219573636E-002
   5.0083224535299287E-002
   2.7480210692371446E-002
   2.6989649592675274E-002
   1.1815177370172136E-002
   3.7926246409542126E-002
   2.5694235090097460E-002
   2.1464128491495000E-002
   1.9106390248680993E-002
   2.7102105718968081E-002
   3.3755679645468918E-002
   4.3979562652987345E-002
   5.2271916367249781E-002
   3.3638618888267663E-002
   4.8024279585878620E-002
   2.4909042660438287E-002
   2.2854557113622238E-002
   2.4441624670465362E-002
   3.5879938981741466E-002
   3.1858110321365631E-002
   4.4490622443004113E-002
   3.3364095499558252E-002
   3.7088039729211965E-002
   4.4244884522540981E-002
   3.9921242296365608E-002
   3.9015328314234342E-002
   2.2955830666141069E-002
   4.6988480440347057E-002
   3.1452039982510192E-002
   4.2516676856354269E-002
   4.5626665918028442E-002
   3.4396449003087602E-002
   2.9589740469929300E-002
   4.0824980496515957E-002
   2.5646345926807833E-002
   1.3016025506475400E-002
   4.4069978054901274E-002
   1.8542682236689770E-002
   4.2721076646349145E-002
   4.2630789383539994E-002
   3.9224383919848893E-002
   2.5769512052963735E-002
   3.9262589692726571E-002
   4.2951532281439560E-002
   3.9791974858114698E-002
   3.0539939255104908E-002
   2.8792910217944258E-002
   3.9009908692165467E-002
   3.7644326937871571E-002
   3.4031059536722939E-002
   3.7651898049512474E-002
   2.4602823314012544E-002
   3.4933222121425654E-002
   3.0236882406932106E-002
   4.0615885238788667E-002
   1.5128397195936078E-002
   2.1220977055767695E-002
   4.1748795713407706E-002
   3.0598078428169959E-002
   2.6317191257380832E-002
   1.9528865056069940E-002
   5.6777974551489849E-002
   4.8710135529389513E-002
   3.0583061401330609E-002
   4.9557992036570749E-002
   3.7829458051105103E-002
   3.6037216066693106E-002
   2.0297521591131584E-002
   1.7950501457096365E-002
   2.0842871078048129E-002
   4.2074753311582204E-002
   1.6496299814461709E-002
   3.3689816631938790E-002
   2.9770641394203674E-002
   4.4918006542975460E-002
   3.1224015575049554E-002
   3.3251932553565740E-002
   1.6901411316530505E-002
   2.2264587091046631E-002
   3.7133238720012444E-002
   2.7446108945427108E-002
   3.0231698840696836E-002
   8.6140727618138763E-003
   4.8606108449109148E-002
   5.2745879170462959E-002
   2.5620846695384229E-002
   3.1725630280941865E-002
   4.8416916507846242E-002
   3.8682841648715674E-002
   3.8905933399500048E-002
   3.8358796980329506E-002
   3.5875922268497278E-002
   3.0928815542540761E-002
   2.9886415782506576E-002
   4.1293022030681158E-002
   4.9800551461702786E-002
   4.1436007817288269E-002
   3.6932633741105989E-002
   2.7644161314124095E-002
   3.3317083916937128E-002
   4.1674752509037093E-002
   3.1434566261277386E-002
   3.6847844537221563E-002
   1.5619646234834984E-002
   3.9236472439968917E-002
   2.6143518536473016E-002
   1.6165828558163384E-002
   3.9864702600193230E-002
   1.7455136415239748E-002
   3.7042601488592099E-002
   3.6575894764895228E-002
   4.0003209035708392E-002
   2.5845713040556162E-002
   3.9554269568725237E-002
   5.3797114417780852E-002
   4.1111422923446793E-002
   1.5361485819519594E-002
   5.2725917162503702E-002
   1.6736224276298357E-002
   4.3318749126516135E-002
   3.9396618007352432E-002
   4.4626851087528216E-002
   2.9319083394633655E-002
   5.6788315122403329E-002
   4.6579561548342259E-002
   5.0043755811975225E-002
  -9.7099100002075167E-004
   5.1550709404818373E-002
   5.4505222653861318E-002
   3.8145893641367397E-002
   4.3693721438959769E-002
   3.4367927635748377E-002
   5.7192499308720300E-002
   2.9025080260825221E-002
   2.6395866962510787E-002
   3.9765537424289302E-002
   3.3706406847868055E-002
   3.4845945083009727E-002
   2.2576185459511251E-002
   3.4792213997521325E-002
   2.1309331902324875E-002
   5.5167377526560424E-002
   4.8044675511678958E-002
   4.7618510338951703E-002
   4.5147078930577525E-002
   1.2745852444308569E-002
   3.3364554116243395E-002
   5.1878424917449928E-002
   4.4946027340757137E-002
   2.5286643778377239E-002
   2.0104703468711366E-002
   2.9665768334781628E-002
   4.7893641292718052E-002
   1.7595726071941702E-002
   3.0114618992695744E-002
   3.0200055159523825E-002
   1.1507229769465778E-002
   5.0855478228598469E-002
   4.1603088306370647E-002
   3.7411415084684679E-002
   1.4924137130861888E-002
   2.6911200806581791E-002
   2.2913724035314383E-002
   3.5820966747964221E-002
   2.0515263210157904E-002
   4.4656400347904600E-002
   2.2431022662517657E-002
   6.1501273687517462E-002
   1.9691958852205316E-002
   4.2390704825858674E-002
   4.0703560760922367E-002
   4.3336907126431450E-002
   4.5092758436349432E-002
   4.2604615201708516E-002
   3.4561111566834071E-002
   4.9304863426284963E-002
   3.2439570399355182E-002
   4.2562726261672117E-002
   2.3831926617642888E-002
   1.3947134886030126E-002
   3.8174170686200590E-002
   8.5855397570806374E-003
   3.5079966409694276E-002
   4.0520503307535941E-002
   3.8473076716584932E-002
   3.5969486760489319E-002
   2.7447021862886951E-002
   2.9268384927365901E-002
   3.6207165196514152E-002
   2.6669491035625006E-002
   1.4501137296874819E-002
   2.7592582375612625E-002
   5.2505423442417716E-002
   4.0165083839462566E-002
   3.1408205040056897E-002
   5.3902568582101559E-002
   4.1653078625481593E-002
   4.3982922079309740E-002
   3.0037417197617676E-002
   5.9922803612801806E-002
   5.0325808874776112E-002
   2.7107794997104875E-002
   3.5271347159437277E-002
   2.0058297734649649E-002
   3.0588875799883394E-002
   3.7507854688305239E-002
   3.7303144185104394E-002
   4.5188909562853520E-002
   5.4636575444858275E-002
   3.0981258089389563E-002
   3.1611868208499448E-002
   4.8907975672733743E-002
   4.5909418818218729E-002
   1.6587641403247807E-002
   3.9251741777103888E-002
   3.0831734493803220E-002
   3.5597167249630988E-002
   1.5708215844336675E-002
   2.1231624319417500E-002
   2.6602994213067385E-002
   2.6165453776980738E-002
   3.9576286878922319E-002
   2.8952050951569688E-002
   5.6848313326164142E-002
   2.7401024589223975E-002
   3.5369490102198212E-002
   4.6715272465674716E-002
   4.3760351579894857E-002
   4.1019475568954876E-002
   6.0857912792904242E-002
   3.0086915346444983E-002
   2.4135218530510153E-002
   1.7746921858279353E-002
   4.0387182849567244E-002
   2.1526832473809532E-002
   5.3286932553354746E-002
   4.6445475622038060E-002
   3.6781584267674229E-002
   4.0193558366185357E-002
   4.1947367626504396E-002
   1.5217362240127779E-002
   4.2232429164466651E-002
   2.0504248133786526E-002
   5.9359683578832673E-002
   3.9026949005038745E-002
   4.2250449143291235E-002
   5.6338364327697683E-002
   1.7413669746831208E-002
   5.0166398700762130E-002
   9.1477377033133897E-003
   4.6923247507703512E-002
   4.8354224240741983E-002
   4.6549387717166560E-002
   4.4932357621588863E-002
   2.4175790115869299E-002
   2.6790882344930197E-002
   3.7701501914342281E-002
   4.7803636159929518E-002
   3.1433674368716420E-002
   2.8718522736272852E-002
   1.9461609137922373E-002
   4.7260576459184897E-002
   1.6267959416572803E-002
   4.0973355496437644E-002
   4.0421313670130701E-002
   2.7105704540249229E-002
   5.1454993435463489E-002
   8.4453676953694049E-003
   4.2009976330226309E-002
   3.0064405853937652E-002
   4.4667932132540632E-002
   3.2506563685521496E-002
   1.8374862148499479E-002
   5.7041531044540093E-002
   3.9240867130993888E-002
   5.6954154312472291E-002
   8.1896531021283768E-003
   2.0124479095790893E-002
   4.3523763768693484E-002
   4.1251680974256411E-002
   2.4959369704294122E-002
   4.5366000193536392E-002
   4.2468878850020396E-002
   2.9349498608237479E-002
   4.4813464492896277E-002
   4.2158078554409589E-002
   2.7173346515906395E-002
   4.0521451833151527E-002
   4.0012242290640959E-002
   2.3425377340464994E-002
   2.4876811033911910E-002
   2.7659435151445224E-002
   3.3903197237117606E-002
   5.0425726549332660E-002
   3.6419335802428870E-002
   3.0386025867242841E-002
   2.0602635728785255E-002
   1.7965357915106971E-002
   3.8293339514216214E-002
   4.1830282900198003E-002
   4.3171420651050119E-002
   4.9692541738930431E-002
   2.6199773339993120E-002
   4.4924335673385558E-002
   5.3114772717402614E-002
   4.9247913876488039E-002
   2.4116757119197724E-002
   3.6949543334240151E-002
   3.3076176610853596E-002
   2.4464634347419502E-002
   2.4824722960753293E-002
   4.1028345228855310E-002
   2.8492304410933224E-002
   3.2242027572418494E-002
   4.7154560801117677E-002
   1.1883010284470096E-003
   4.3082301177659363E-002
   1.5079596785714858E-002
   4.8365640810277659E-002
   4.9884326414303924E-002
   1.8426401001803410E-002
   3.0730448378156319E-002
   4.0146260302137325E-002
   2.5808782138282291E-002
   4.5671343308397221E-002
   3.1746351941835241E-002
   3.3982895616385261E-002
   2.7609739340043044E-002
   3.7550498293662110E-002
   5.5056531534262078E-002
   2.0118618919214515E-002
   3.1299940826302462E-002
   1.2655538393268141E-002
   4.4399986266885898E-002
   4.6351596224040136E-002
   1.9792523229790696E-002
   2.4256303325870792E-002
   3.4814656307176631E-002
   2.9590903954857285E-002
   3.2014860590421301E-002
   3.3288110166340971E-002
   4.3769714838417795E-002
   3.1976867090049044E-002
   3.5247817510993762E-002
   2.4456555673250838E-002
   3.3953395218999552E-002
   2.8333266120753355E-002
   3.7425251276954764E-002
   2.8916610313556884E-002
   3.7152733035852238E-002
   3.8713468499622247E-002
   4.2464682527516735E-002
   4.8104437931120805E-002
   4.4590883759332484E-002
   3.0343204177156073E-002
   1.6587121194293526E-002
   3.8568781565878681E-002
   3.8820479113640137E-002
   3.0123995819277126E-002
   4.4274160460731925E-002
   2.5369272758781702E-002
   3.5510885255057731E-002
   4.7378477900201971E-002
   3.8562660665984252E-002
   3.9844384831336850E-002
   3.1687045328972360E-002
   5.5778922941897048E-002
   3.9934066642927632E-002
   4.1491749670732575E-002
   3.8853467129861062E-002
   2.2563938159679268E-002
   1.9005152086888317E-002
   3.4631982759952218E-002
   2.5158837321395924E-002
   4.2746758357575902E-002
   3.8102838476110679E-002
   3.1380240676999030E-002
   3.5430617757982279E-002
   4.4648513393588017E-002
   4.6866313916036149E-002
   3.9429883692548448E-002
   2.4758104928576490E-002
   3.0688149380434886E-002
   5.9664334191642625E-002
   1.6130935780509944E-002
   2.9304253293501486E-002
   2.2565473446205010E-002
   3.4237427317076706E-002
   2.5911054933969266E-002
   2.3806175239459330E-002
   3.1906101041649204E-002
   4.6995992001861060E-002
   2.3371009756503944E-002
   1.0811818612589015E-002
   3.0011733935117402E-002
   6.5720640648419662E-002
   5.5542582357350143E-002
   2.6165840123610628E-002
   3.2121703993231041E-002
   1.7596025645165027E-002
   3.2608317654015298E-002
   1.9729926237950824E-002
   4.6093906262725103E-002
   3.9625616473363885E-002
   3.6401265026837451E-002
   3.6370553360430088E-002
   4.5456876135915737E-002
   3.0761639866625473E-002
   2.9983369147820491E-002
   3.1369935663876698E-002
   2.2766154464946335E-002
   3.5601211055321207E-002
   4.4312350442742496E-002
   2.1164848296951238E-002
   3.7615030192262991E-002
   3.4464004935694022E-002
   2.7221585633301380E-002
   3.1588393275907012E-002
   4.2566847936477581E-002
   2.9884061997047812E-002
   1.8267855147489305E-002
   2.4476797861671857E-002
   4.1094002774262020E-002
   4.6948707162385417E-002
   4.7012233094401445E-002
   4.0422591644498705E-002
   3.3710869991911765E-002
   2.1352241725960001E-002
   4.7349480645668851E-002
   2.7987822851160051E-002
   4.1743433817426324E-002
   2.2847733686271157E-002
   3.4798585727024940E-002
   3.6080876433108498E-002
   2.6981636399838183E-002
   3.3584654614847609E-002
   1.9930898256691285E-002
   1.8066168867307709E-002
   3.4441391981480302E-002
   4.3224330854872255E-002
   4.6619674184124986E-002
   3.5211454734914792E-002
   3.7035747745000742E-002
   1.8038678745052172E-002
   1.6487620017901553E-002
   3.1922530142867077E-002
   5.0338526188895519E-002
   3.5453614783228386E-002
   4.4369113097778703E-002
   4.2532059116264329E-002
   4.9676126459555756E-002
   1.9097910937624141E-002
   4.2367495530728640E-002
   1.6625384599493129E-002
   3.4007309221156704E-002
   3.0170867758266325E-002
   2.8205889926244138E-002
   4.9740131353937414E-002
   3.0030836635416086E-002
   3.0678728616846441E-002
   6.0406117850885052E-002
   4.8162072160412059E-002
   2.3163844192321432E-002
   1.5540345755978695E-002
   1.7307685484727445E-002
   1.8943601112448454E-002
   2.4683116943343516E-002
   1.8749041982841986E-002
   2.3151454243671390E-002
   3.6234335338864172E-002
   3.7611767246699471E-002
   4.1502162897597769E-002
   2.8473957571685121E-002
   4.5569616343089307E-002
   3.6486086688595605E-002
   3.3861301092613746E-002
   3.7035120476465608E-002
   2.2925063097840273E-002
  -3.5639026508636476E-003
   3.1253985355582582E-002
   2.0619971978099363E-002
   4.2234003510398264E-002
   5.2139632761994618E-002
   3.8705614971630511E-002
   3.3438475673017831E-002
   2.7878861044716232E-002
   3.3396443660488599E-002
   4.6821821237874608E-002
   2.4781181147382376E-002
   3.6184321330379306E-002
   2.6229328088005165E-002
   4.4401023862967882E-002
   4.2339304397985611E-002
   4.0727000001986750E-002
   3.8366319042003452E-002
   2.7564336936080479E-002
   4.7876739491621002E-002
   3.1323669997817959E-002
   2.8578308059811638E-002
   5.0801041805302545E-002
   3.8171608761816377E-002
   2.4501240896187559E-002
   5.4763637890583458E-002
   1.6962815779014883E-002
   2.9411872840641940E-002
   4.4287497870190616E-002
   2.2045866579350735E-002
   2.8625529874530261E-002
   3.5278262136681386E-002
   4.3167879769896778E-002
   4.7340056853500213E-002
   4.0042472786815150E-002
   2.7431668087402120E-002
   3.8151572326413211E-002
   4.4249622035296178E-002
   4.1488334279815929E-002
   5.2263321453942906E-002
   1.7091864482566627E-002
   3.3366746098840251E-002
   3.8151625855756918E-002
   2.5157524689618131E-002
   2.5202385679675525E-002
   5.1705921804954882E-002
   1.3864641837685831E-002
   5.5822935348083677E-002
   2.0363843147104436E-002
   3.3170790904472058E-002
   3.5381337111578842E-002
   3.7280692875441640E-002
   2.5744991518980642E-002
   2.1363582537534315E-002
   4.6602436690205064E-002
   2.1166891561261645E-002
   2.8393746629356616E-002
   4.6356036841822233E-002
   2.9808206596853844E-002
   2.1115377370111110E-002
   2.5730928850400167E-002
   3.9588460688750868E-002
   2.7927530406049110E-002
   1.6052538054235267E-002
   4.8869526162529868E-002
   4.0648165681388161E-002
   6.2912661077102069E-002
   4.3370580195017126E-002
   3.8825013078040607E-002
   4.8035090429527826E-002
   4.7255918265261924E-002
   3.9049294257182399E-002
   3.7060835846298761E-002
   2.9269233693775019E-002
   3.2339533075922459E-002
   2.4824043817803884E-002
   2.5564012778747557E-002
   3.2272369620830535E-002
   2.1782928820019420E-002
   3.9906736646137475E-002
   3.0978004893831630E-002
   2.8578551648566413E-002
   4.0297378336231988E-002
   3.3693333327833606E-002
   1.5751336079863384E-002
   2.6099746489689008E-002
   3.9387211933563392E-002
   3.7416904486771894E-002
   4.6787851544265999E-002
   3.0189281809663401E-002
   4.1510898452471731E-002
   4.1744978591096875E-002
   3.5715191401162583E-002
   4.4138670438567992E-002
   3.6803373672515086E-002
   4.2265180789019537E-002
   2.4666343554735064E-002
   3.0077557964000651E-002
   2.3091350191956642E-002
   4.1149986387112508E-002
   3.5829690745977402E-002
   1.2919160167586636E-002
   3.2767503869454533E-002
   3.7548713633176266E-002
   3.7375866175398439E-002
   4.5653117679928558E-002
   4.1868009934087139E-002
   2.6395451391582458E-002
   5.1444381643653260E-002
   5.2985126966438208E-002
   1.2295161571273056E-002
   3.5514460660301832E-002
   3.2237369769318375E-002
   3.1067018913693709E-002
   2.2092995543136627E-002
   3.1420664152301853E-002
   3.6767171272735440E-002
   1.1802711540029051E-002
   3.9655205657043502E-002
   2.6257986004528097E-002
   3.2752133033191980E-002
   4.2822146689157160E-002
   4.0229348157822045E-002
   4.0993510152282857E-002
   1.1725581394890090E-002
   3.5737974719998115E-002
   2.4215761719887027E-002
   2.9009234535645471E-002
   4.8446346938177717E-002
   3.8751273290903075E-002
   2.0281729338663759E-002
   3.1172650672960687E-002
   5.9746349578606979E-002
   3.6938580392273108E-002
   2.3697641665079552E-002
   2.4296588683959137E-002
   3.6018017953701423E-002
   3.0899267002439348E-002
   2.9655948003077588E-002
   2.1979610728585765E-002
   4.3777758604082999E-002
   4.9510174591379637E-002
   5.6569417739958036E-002
   4.3151779366192924E-002
   3.5368198954306027E-002
   2.4095042757275448E-002
   2.6579686764461371E-002
   4.1341550929944258E-002
   3.4885584967353091E-002
   2.0425345173760146E-002
   2.8816179355173863E-002
   4.1143239684885230E-002
   4.8455010453179036E-002
   2.3375039923134666E-002
   3.5447306737951496E-002
   3.4008951389015010E-002
   4.5730598444029096E-002
   5.6612711550785746E-002
   2.6182684194740746E-002
   2.5416406911246820E-002
   2.5808963561059856E-002
   4.1728652555106681E-002
   4.0958923509181865E-002
   1.3434428976002808E-002
   2.7369247532240321E-002
   4.4136069342673889E-002
   2.4687948261308084E-002
   4.3133988448215421E-002
   3.2420123719504298E-002
   2.3734911606576228E-002
   1.9498801956563078E-002
   1.1909849483970714E-002
   1.9025423473387017E-002
   2.1154924243621375E-002
   1.3964655097948534E-002
   2.9246322437784911E-002
   2.8506079988515960E-002
   2.6678455929226522E-002
   3.9049183117876467E-002
   4.0657441387694393E-002
   3.5283263580049795E-002
   4.7934400806664286E-002
   3.7771436444714569E-002
   4.1015355513383776E-002
   2.0015771983828083E-002
   3.0595108970509478E-002
   3.0560867340161581E-002
   4.1123100121010753E-002
   5.9326919084730596E-002
   4.0983680454146867E-002
   5.6243881323591524E-002
   3.7792587866716396E-002
   4.9782121651939223E-002
   5.3501711199757891E-002
   5.2780325400649600E-002
   4.3181897261657179E-002
   3.2702009299488591E-002
   3.6599728267889098E-002
   6.6863229425850101E-002
   4.6915095459927871E-002
   2.8591280860145764E-002
   3.5181000401541644E-002
   3.0537439657762296E-002
   4.2748221301381742E-002
   1.3890910494128659E-002
   3.2114513564305031E-002
   2.8835357837432601E-002
   2.8763495463295055E-002
   3.8215631611913790E-002
   6.2078927909770702E-002
   2.2244427292776967E-002
   3.8364047891389585E-002
   4.6007805962743210E-002
   1.2140508706831777E-002
   3.6125536090614113E-002
   1.8755695864044339E-002
   4.3928678407888222E-002
   5.9573391682088028E-002
   3.5675952521743125E-002
   2.8154852662082893E-002
   2.8455052674187221E-002
   4.7795467317537303E-002
   5.3265138168480212E-002
   2.7752117175821260E-002
   2.9803343066680442E-002
   2.4627433053847902E-002
   4.3327594686698861E-002
   1.9083124244574420E-002
   3.9267192469011628E-002
   2.2575689018683617E-002
   3.6243896132089275E-002
   2.1427315976926153E-002
   5.5201307254704735E-002
   3.7994212981826245E-002
   2.7378928453015896E-002
   4.1954750057061209E-002
   9.6213263316097964E-003
   1.8425893970863663E-002
   1.8205554801938712E-002
   1.7989296057899139E-002
   2.9162143423034501E-002
   2.3983417004222980E-002
   3.7460554617178954E-002
   2.8672700700962367E-002
   4.2550977216487713E-002
   2.0054660287956046E-002
   4.3121678228875533E-002
   3.3803483211268415E-002
   3.0586036209746353E-002
   4.4905561828748893E-002
   4.8543766148802653E-002
   2.6310155450485088E-002
   3.1151044933023408E-002
   1.4638690316687067E-002
   4.5061907103655159E-002
   2.4027218136739061E-002
   4.0365550588055341E-002
   2.7127085418383320E-002
   3.0706646861792562E-002
   3.5491720199257962E-002
   1.9082579771114039E-002
   3.2427185113817952E-002
   2.3488663040416663E-002
   1.8813387879848206E-002
   5.3436905209996714E-002
   5.1082984648653691E-002
   3.8788305672874536E-002
   2.6127985680088575E-002
   5.0166384653495801E-002
   2.9907292648208801E-002
   4.2848876555418795E-002
   1.7296385591932580E-002
   4.8115798923536415E-002
   3.0906000459262617E-002
   5.5029738778024237E-002
   1.0303955044620427E-002
   5.2803179847473757E-002
   2.2042414292026490E-002
   3.5211410445458328E-002
   3.0349487304743347E-002
   2.7742697954586303E-002
   3.9531332544365867E-002
   4.4810494009478667E-002
   4.0646143133266963E-002
   2.7071596240134076E-002
   1.7214128426708587E-002
   2.9905886346018054E-002
   5.9902142803273835E-002
   3.6010885460741285E-002
   2.9557345561674452E-002
   2.0938842649206067E-002
   4.2511806049031355E-002
   3.5780888719277502E-002
   2.1109483615195275E-002
   5.8281613609406618E-002
   2.9069037890753890E-002
   3.9393804590724370E-002
   1.8791787792027743E-002
   4.7859608468323968E-002
   2.4549193933295771E-002
   3.8428300434413080E-002
   4.9501835730394635E-002
   2.0636024326503515E-002
   3.0599672696964952E-002
   5.2790489664409204E-002
   2.2556759205525502E-002
   4.9681915181282552E-002
   2.9700312892487431E-002
   3.1525850988183043E-002
   4.8189015049754938E-002
   5.1493131862952159E-002
   1.9197819475464041E-002
   2.5739497823718246E-002
   3.2072040719736412E-002
   4.5962243924883170E-002
   2.7378217144094837E-002
   4.2090807562698569E-002
   3.6791796657051623E-002
   2.6362775006018645E-002
   1.4880745981411495E-002
   3.8248377717880290E-002
   1.4009356037004947E-002
   3.3208484355462024E-002
   4.2990560107640276E-002
   1.4239655120453602E-002
   3.2849916130665527E-002
   4.0898700165073715E-002
   2.1590841960846176E-002
   3.0447888188777333E-002
   2.2796794454352957E-002
   2.7984709048756003E-002
   3.9445306369528081E-002
   3.3001985167881123E-002
   2.9708984804899072E-002
   3.8504771603478309E-002
   2.5728289460184343E-002
   4.8566264065616267E-002
   1.6509150541095075E-002
   3.1356911791540071E-002
   3.4242817006412310E-002
   6.0898132558907123E-002
   3.8473049372065846E-002
   3.1184581010773524E-002
   5.4176133965245031E-002
   3.2959968902693954E-002
   3.6524136298211801E-002
   3.0958628345191429E-002
   3.0953623596729967E-002
   3.0142815707460375E-002
   4.3478969572380156E-002
   6.0546573438442351E-002
   3.6300248738245611E-002
   3.4118686914190691E-002
   3.1487571771463843E-002
   3.4657494071796600E-002
   2.2334277602594679E-002
   2.9683727153949391E-002
