  0.99900000000002787     
   3.9719159572960468E-002
  -3.2052937410899436E-002
  -5.1499856506464936E-002
  -6.6651867581187685E-002
   3.4643118540547822E-002
  -6.2192297044618518E-002
  -1.3014633079447382E-002
   1.2352134206584086E-002
   1.4750054401620274E-002
   1.1468173349844143E-002
   2.1837213063056950E-002
   1.4744504652383290E-002
  -2.5976784819926078E-002
   3.5635564769330573E-002
   4.7388405192556077E-002
   3.1202213682794976E-002
  -6.2279051811382127E-003
   1.2062759424262993E-003
   2.6946464201821264E-002
  -3.3257409696944920E-002
   2.1949304822591951E-003
  -5.8420543820938056E-003
  -3.6208435867845556E-002
  -5.8402529853449382E-003
   3.3555896527519193E-003
  -6.2502384934253530E-002
  -5.4807012588269484E-002
   9.2466212623064040E-003
   3.2923149462702334E-002
   1.4813308864057595E-002
   2.6238029537927726E-002
   9.4041348155747672E-003
  -1.6932676465273980E-002
   6.4415646934026002E-002
  -2.5284973873710082E-002
  -5.0496477118417885E-002
  -7.4347921211870404E-003
  -1.4257250228072628E-002
  -2.0628465089672966E-002
  -3.6438206468759823E-002
  -1.6786194595793781E-003
  -6.7288661902347663E-003
  -6.4789037816769738E-004
   1.2120681231613264E-002
  -7.4111516826328952E-002
   2.7514791381353959E-002
   3.2370697003692764E-003
   5.2716243569725818E-002
  -2.4779561223938065E-002
  -3.8459267692552299E-002
  -5.4745172945965065E-002
  -1.1712187665073988E-002
   9.4980905818883177E-003
  -2.2006312128037303E-002
   2.0330687828233190E-002
   3.5214069324666013E-003
  -2.2569858124465630E-002
   3.3151685482818113E-003
  -1.3831949725127848E-002
  -5.9192838741138612E-003
  -2.7115721980708073E-002
   7.5879005182750477E-003
   4.7106628504952244E-002
   6.3653501900869033E-002
  -1.2853554588801509E-002
  -1.1399980585075980E-002
   2.4389211221452024E-002
   2.2384271044515163E-003
   3.5182276824358681E-004
   2.3670829734436902E-003
  -4.1846344054456884E-002
   3.9015808855270978E-002
  -2.5506589064464704E-002
   9.5921320518103509E-003
  -3.7856250135332468E-002
  -2.9553578686517600E-002
  -3.6513067505056208E-003
   2.6301171756771866E-002
   6.8384595426826442E-002
   3.6974983663918561E-003
  -1.7038708062683941E-002
  -1.6112109062100127E-002
   6.8665998605093523E-003
   1.6941268983505977E-002
   6.4283364407750399E-002
  -4.4535880023428516E-002
   2.4511336275761381E-002
   3.5342467223879485E-003
  -3.8767449335976680E-003
   1.4036902289078237E-003
  -5.7025254132733551E-002
   1.3463683607889555E-002
  -2.5519824824033515E-002
  -1.0555485985489766E-002
   4.8824650068871794E-002
   5.2508475863055097E-003
   2.5453582936928424E-003
  -4.4906078289311925E-003
  -1.0397598318379900E-002
   4.1372626264877942E-002
   2.0215857468708204E-002
  -2.2708172360882951E-002
  -9.4240204779549967E-003
   1.3590625421362980E-002
  -5.1895315871942481E-002
  -2.6023942707078106E-002
  -2.9515494343528900E-002
  -2.2371558893337959E-002
   3.1191011135521817E-002
   2.3857693689180722E-002
   2.4018676073535878E-003
  -9.9095642368626363E-003
  -3.9922865852914408E-002
  -4.6931903613736670E-002
   1.5661640397832650E-002
  -9.1390420995258348E-002
   3.6887390706449211E-002
   2.0505599650600153E-002
  -2.6819843419534521E-002
   1.0703251768955341E-002
  -3.5579198859680874E-002
   2.0941060501199630E-003
  -5.8816780815392898E-002
  -3.1225307981884418E-002
  -3.5263520942387751E-002
  -1.7264341172706005E-002
   6.0478618121769898E-002
   2.5285993946578947E-002
   2.1566592730807389E-002
  -5.6316106886091712E-002
  -4.2775459862360324E-004
   3.0864775928731412E-002
   2.0149262927062157E-002
   6.7187641700207140E-003
  -8.6066970475563956E-002
  -7.5756027466744646E-002
   3.3828954060707676E-002
   1.4862254533998202E-002
   9.5552353274904619E-002
  -1.0899923277774797E-002
  -3.2906843528922272E-002
   6.8020220762892034E-002
  -5.6880714978909043E-002
   8.0653609048322817E-004
  -1.7948397614644125E-002
   4.9316525132830413E-002
   3.5265102378358872E-002
  -5.4620626294603139E-002
   1.6295703482222954E-002
  -1.0061098632062381E-002
   2.9161280719898545E-002
   1.4609729358242052E-002
  -4.0516849332266319E-002
  -4.6249780854771494E-002
  -4.4621410347393514E-003
   1.2807953043585004E-002
   2.6805602190713242E-002
  -1.3878854145015359E-002
  -4.3987592932730503E-002
  -5.8778269438443543E-003
   2.6783710986510521E-002
   6.2552782401254529E-003
  -3.2793672222741557E-003
   2.2462139025225616E-002
   3.8608773729959093E-003
   1.9710511801384465E-004
  -1.8959586866777248E-002
   1.2467241354402178E-002
  -5.3391698171746306E-002
   5.8624622918129008E-003
   2.1439982728666634E-002
  -2.3973672196667694E-002
   7.3787482204395585E-002
   2.7792391002067509E-002
   5.1657587706417596E-002
   3.5544021405310537E-002
  -2.8472559071303107E-002
  -1.7859010421930194E-002
   3.4587945853167018E-002
  -5.7964218508104624E-003
   1.5905595429268893E-002
   4.1938345519585609E-003
  -2.9921347802626456E-002
   1.1977581974788687E-002
   2.6948696856204886E-002
  -5.3832986167001239E-002
   2.0504544710227050E-002
   1.0154845512549235E-002
  -8.5688355330786319E-003
  -1.0382828425109529E-002
  -1.1772565936309111E-002
   3.1720852928690750E-002
  -1.4171197764904827E-002
   2.5642776885521499E-002
   4.8077365776530226E-002
   5.0108125616676574E-002
  -2.1765447232707992E-002
  -3.8990863609526319E-002
  -5.9613101804554446E-002
  -5.7029710558440957E-002
  -1.8065220070592674E-002
  -4.8263313038977108E-002
   3.9887999422530185E-002
  -1.4874183734910567E-002
   9.7966131583523165E-003
   3.7267041284418420E-002
  -8.9228492806028518E-003
   1.6812891495416586E-002
   3.6743761529870513E-004
   1.6612777254917548E-002
   4.6558891177839812E-003
   6.4809585827141997E-002
   1.9213963712064789E-003
  -9.3484529451433790E-002
  -7.8191865437330241E-002
   2.8037691956419704E-002
  -2.1293455570595508E-002
   3.1472641378402791E-002
   6.1188357138641562E-002
  -9.4984204891175594E-002
   3.9222876844656552E-003
   1.0651220078983257E-002
  -1.1394330159964019E-002
   1.3983149675246540E-002
  -9.6077893016060494E-003
   1.7758369096446458E-002
   4.9675222037172577E-003
  -4.2202752196120082E-002
  -4.2234550735565389E-002
  -1.6017808065178676E-002
   4.6869625932440002E-003
  -1.1682029227774211E-002
   3.0086149453627867E-002
   8.2987684899358621E-002
  -2.6147053736488440E-002
  -1.6922207570361173E-002
   1.6924905552071427E-002
  -5.1919217604712915E-002
   5.5020079276362410E-004
   2.2655179679886474E-002
   3.2152444761571357E-002
  -3.3261005303346345E-003
   1.1547427945764360E-002
   3.4339405095386551E-003
  -1.5140538292983990E-002
   3.1594315976073931E-003
   4.4615805275497605E-002
   6.1042145220930856E-002
  -5.8173525181654342E-004
   2.0724778808723712E-002
  -2.6736970458469657E-002
  -2.6640637288332315E-002
  -1.0066322611628743E-002
  -5.0082617239431519E-002
   1.9951542249162794E-002
   8.8625086485003335E-002
  -2.0475162346822517E-002
  -1.9232226178874472E-002
   3.1223058693367382E-002
  -1.1210447934364204E-003
   2.1827185404530047E-002
  -6.2629045034733183E-002
  -8.2199733766902192E-002
   2.0774665065175703E-002
  -1.6761217843189163E-002
   4.3064592147018859E-003
  -2.3514540737225175E-003
  -2.5705426591869564E-002
  -8.4826962396982869E-003
  -5.5410103464395621E-002
   4.2484147058870755E-002
   1.7885560459158498E-002
  -2.0573612974741256E-004
   5.3855597196331761E-002
   3.3498316145425512E-002
  -3.3247065701544891E-002
  -3.7147819776793656E-002
  -8.5133690377048737E-002
   7.8719866760645074E-003
   1.4088236311806260E-002
   2.4227008608941544E-002
   2.9570083646662360E-002
   2.9505433731902900E-002
  -3.0945165454556989E-002
  -1.7862061162221686E-002
  -1.6946343220351722E-002
  -5.9803166930086360E-002
   3.8971291986829769E-002
  -3.5150862554936511E-002
   2.6285905235096531E-002
   2.1403947495716346E-002
  -3.6438484494818769E-002
  -4.4674768927644867E-002
  -5.4706305670885226E-002
  -1.2298862161177791E-002
   1.2220162573410936E-002
  -1.0213551925857036E-002
   1.4075292626903870E-003
   1.2594705775508612E-003
  -9.9013929469256232E-003
  -2.4993703206545381E-002
   1.4264004598199896E-002
   4.5643425185247610E-002
   1.4872901441351146E-002
   1.2905688222516318E-002
   1.1428031085840571E-002
   1.2709892514906802E-002
  -1.3147115098937429E-002
  -4.6895526169240379E-002
  -5.5820716872309800E-002
  -1.5735448728267452E-002
   3.9475852282828003E-002
  0.15624610027137650     
   1.9311192176484084E-003
   3.9453479125220944E-002
   3.2464046200441042E-002
   2.5044826039020394E-002
   3.5668044235173210E-002
  -5.5436571911948243E-003
  -2.5023264627898792E-002
  -9.7181513859317895E-003
   4.9545697512007270E-002
   4.2778287604900524E-002
  -3.0748604167916489E-002
  -2.8303052467627439E-002
  -3.8883093095842335E-002
   2.5636470579964408E-002
   5.9761841262939205E-003
  -1.2518060456112099E-002
   1.8405539004772382E-002
  -5.8337118556600315E-002
  -2.4688074060289809E-002
   4.8895798965294938E-002
   6.9386549697459943E-002
  -4.6127262963195644E-002
  -4.4561582593919159E-003
   1.9759675745083929E-002
   2.0312473552541319E-002
  -1.2865999853939408E-002
  -3.4304191571625085E-002
  -2.9358608747480218E-002
  -5.4206768524956664E-002
   1.4677546122127971E-002
   1.2075835964501031E-002
   7.9207447670661069E-002
   1.6201255180452876E-002
   2.4873516151244512E-002
  -3.8914910956132531E-002
  -7.6971118990625462E-002
  -4.2525594296220076E-002
   4.1746558728957738E-002
   4.6464242710565491E-002
   7.1853185063920052E-003
   1.2284013831405321E-002
  -1.7173530770871692E-002
  -7.8440092882674974E-003
  -6.0879538115506802E-002
   3.1014010744273537E-002
   2.7798442908585120E-002
  -1.8210046634189934E-002
   4.1050677710562339E-002
  -3.5631186736426894E-002
  -1.0448580169434951E-002
  -5.1752902672511772E-002
  -4.6024652724627232E-002
  -2.1110914299953480E-002
  -1.2454604368140017E-003
   5.0336451251340883E-002
   2.1784106074489076E-002
   1.2546387375614121E-002
   1.2765636005723842E-003
  -9.1929131490645369E-002
   1.2086510240146319E-002
  -1.4403553664171675E-002
   1.6318254696806343E-002
  -8.3591139117910399E-003
  -4.7648072166195314E-002
  -1.0863086887404805E-002
   5.0479849097685728E-002
   5.4484180355088403E-002
   4.2203383717501326E-002
  -1.9459232417920892E-003
   3.8113624757459483E-002
   2.2752725019789120E-002
   2.4147205648643200E-002
   1.8814009675270593E-002
   2.2618756376807561E-002
  -2.7590020924073480E-004
  -4.7462209923046592E-003
   3.5921781964874472E-002
  -9.1756992768348856E-003
   2.5411881146608736E-002
  -5.5153336944011269E-002
   3.4459280365697717E-002
  -2.8677537163804213E-002
  -6.4551806013985066E-002
   3.0124486459699583E-002
   4.7303491673927126E-002
  -1.9530067308713650E-002
  0.10783282447840103     
   1.7915806591174484E-002
   5.9388123734583853E-002
  -1.2331679854434107E-002
  -7.7472780883028669E-002
  -5.3181519300781716E-002
   2.2042544368589285E-002
   3.7326903825073865E-002
   6.1451749576439826E-002
  -6.6661012249522505E-002
  -3.9076510391801211E-002
   6.4384419375455963E-003
   1.3704362414051836E-002
  -2.1197271331045435E-003
  -4.7269280039470243E-002
   2.4256947555960685E-002
   1.9682351008709638E-002
   4.5338652987542256E-002
   1.1968848894751815E-002
   1.8534156385418454E-002
  -4.8525554887491169E-002
   9.9473919225160669E-003
  -1.3402168270527750E-002
   1.9437453629390533E-002
  -1.7993202090878856E-002
  -1.5134704466380097E-002
  -3.4467340567530633E-002
  -4.4512157351500346E-002
   4.0698857269230587E-002
  -9.9870463347488669E-003
  -5.3071002725896266E-002
   1.8983791542577667E-002
  -1.4837110992798774E-002
  -4.1016013619890303E-002
  -4.4553224708658343E-002
  -5.7821915374475482E-003
   1.1613742187551807E-002
   4.5115879804718304E-002
  -3.1903337556899843E-002
  -2.9320849688441283E-002
   5.4988894237030246E-002
  -1.8289271390888897E-002
   2.6773639261816893E-002
  -1.2971529543306890E-002
  -4.2370338351229241E-002
  -1.6316432848172770E-002
  -3.3410561551102017E-002
   3.7947273665359819E-002
   2.0007126504137260E-002
  -9.4560882898033962E-003
  -2.0803145693305967E-002
  -7.5824868320349736E-002
   4.2468727149812717E-003
   1.2068409619795576E-002
   1.0673049808399008E-002
   5.1773540679846561E-002
   5.2186284089384243E-002
  -6.4824595250521422E-002
  -3.1570592224673476E-002
  -3.9184110211171685E-002
  -1.0432889106241015E-002
  -4.1648352436828517E-002
   1.4767172730068091E-002
   3.0350086877496393E-002
   2.3108359468784648E-002
   3.7505021951145377E-002
  -3.3337953730510191E-002
   1.0546359508761897E-004
  -6.6162645220826488E-002
  -3.6371311725055228E-002
  -1.6610605338058949E-002
   1.5698407392785736E-002
  -2.5531621012660332E-002
  -1.0851600852735870E-003
  -3.7981717221245818E-002
   1.4351027703004600E-002
  -3.1698302487779141E-002
  -1.1959019033961339E-002
   8.1956582610847928E-002
   5.6784721356020577E-002
   2.1377380703240089E-002
   2.5556988236876740E-002
  -4.0142414558371808E-002
   1.0335200032834569E-003
   7.0533278745334688E-002
  -2.0156814803154899E-002
   1.8788638377648850E-002
   3.1550873949765613E-002
  -3.4662453132636696E-002
   5.2893963905544031E-002
   2.4477850177078701E-002
   5.2739908140215543E-002
   3.0558968329851489E-002
   2.6620166403197813E-002
  -6.6731631801990529E-002
   1.1988727117647126E-002
   2.8949367117171665E-002
   2.6708574039893948E-002
   5.6920822879074059E-002
  -4.6853716975531846E-002
   9.1916983790564455E-002
  -2.2452707526483724E-002
  -3.5804361342518055E-002
   9.0964411349566728E-003
  -5.6645655611807753E-002
  -8.9257307173410023E-004
  -5.6629001232571460E-002
  0.10790956599680780     
   9.2442318709473198E-002
   3.2499481930498585E-002
  -4.4639535678586764E-002
  -3.9283331755772789E-002
   9.8140953047357022E-005
  -8.3663174694881492E-002
  -8.6703211471851269E-002
   4.1543702263227233E-002
   3.2507839837081373E-002
   7.3997592552273381E-003
   7.8472856258945990E-003
   4.4385160125776695E-002
  -3.0441167585784454E-002
   3.7483424877482047E-002
   2.3356148639883154E-002
  -7.6563432122649641E-002
  -1.9789209027887014E-002
   3.0394709996821270E-002
   3.9177340741786250E-003
   3.1429495479364078E-002
  -1.5807024552768798E-003
   5.0174958222181161E-002
   2.8293954486912735E-002
  -2.5764181882758391E-002
  -4.1908298108461861E-002
  -7.0393949934420899E-002
  -3.0230764405763676E-002
  -2.9900524319227795E-002
   5.3673974186799710E-004
   3.1223107968161869E-003
   1.9334064690707370E-003
   8.7549217585845440E-002
   2.2731541180801566E-002
  -2.3463930805158063E-002
 -0.10217908605742357     
  -2.1728127515006874E-002
   2.3422478486360920E-002
  -8.5409326130511838E-003
  -4.4293881801071074E-003
   1.3723693233037614E-002
   2.1126052643575402E-003
   2.0611639589427150E-002
   3.3163932409987155E-002
  -3.9071018085742197E-002
   7.1211340264793451E-003
  -5.4046711288822213E-002
  -1.5868809490190490E-002
   6.9080097618426303E-002
   1.6955320583348095E-002
  -7.6272172775785829E-003
  -8.2185860484323414E-003
   4.8740824522794664E-002
   1.9565927537797394E-002
  -6.8605442908703379E-002
   5.4302286330171881E-002
  0.18178481663608614     
   2.9764777469609939E-003
  -6.2467970547946977E-002
  -3.7594936937609721E-002
  -1.3123055878457378E-002
  -5.2095366550576713E-002
   1.0378085958776236E-003
   2.2572732453163512E-002
   3.7222944723266767E-002
  -3.2487834056328789E-002
   2.9360454574733741E-002
   7.9967947081247145E-002
   6.1142458895966680E-003
  -8.3238013872759614E-002
   4.0742711893358097E-002
   2.2754203830320119E-002
   6.9009404774321409E-002
   2.2989462466069512E-002
  -5.5938298296873143E-003
   2.8074077012078844E-002
  -9.9039360285233538E-002
  -2.0228423822348254E-002
   2.5109100472249287E-002
   6.1859780200889801E-002
   6.7234780149024898E-002
  -3.2436630217414449E-002
  -8.1101705866589054E-003
  -3.8268945879688765E-002
   2.8373052394381804E-002
  0.11243485906686329     
   5.5946956186879671E-002
   8.1161222771918059E-003
  -1.0058797622424754E-002
  -8.6875438126290949E-002
  -6.1214601541740223E-002
  -2.3051923903489271E-002
  -2.0322381660244072E-002
  -3.9449018355174441E-002
   2.5481327843764876E-003
  -1.1387058175168034E-003
   2.9033407157757252E-002
  -3.3714420814038555E-003
  -5.2968928628645988E-002
  -2.1463300628114065E-002
   6.1141783801140284E-002
  -9.0138258273721912E-003
  -7.9678271165603640E-003
  -3.4292980472437076E-002
  -7.2965278351247193E-002
  -2.7735021193592658E-002
  -3.5608255901598281E-002
  -8.0292315078964199E-002
  -2.7150888748863653E-002
   1.2393855902413067E-002
  -1.5769141398582216E-002
   3.1976665651151388E-003
   5.6893100093654170E-002
   4.8336510927957351E-003
  -1.3110302989531745E-002
  -2.8555486322836233E-003
  -3.8099800997498219E-002
   9.3207910987906217E-003
  -9.2604919673009798E-003
  0.11086584235396826     
   2.6117039954925814E-002
   3.4423351498757285E-003
   2.7227770056409925E-003
  -4.5165956340389196E-002
  -1.5441070375577966E-002
  -9.0856022890433513E-002
   5.4480181213906402E-002
  -2.3974179454164836E-002
   6.8269624395782713E-002
  -4.6235137128825053E-005
   3.7395355014502335E-002
  -7.1950590687467932E-003
   7.7459864635129870E-004
   3.4820018755776810E-002
  -5.8635668291521330E-003
  -3.5908732472280845E-002
 -0.11730443054317775     
  -9.3677973624721550E-002
  -2.7692745006193582E-002
  -1.4527897358067903E-002
  -6.0951647927794984E-002
  -4.5695142412891035E-002
   6.8438875681719760E-002
   5.9184393967666775E-002
   1.6216722556869421E-002
  -6.4842777259271706E-002
  -7.2932210551936327E-002
   1.7098740997102218E-002
  -1.0690100882323895E-002
   3.7084775673540592E-002
  -7.3093533501587052E-002
   8.0859648064495082E-002
   5.5335201162583801E-002
   7.5955826123974175E-003
   6.9669307376433523E-003
  -9.7276029752546414E-002
  -5.1796492402860862E-002
  -3.7359747176172999E-002
  -8.2894587847130677E-002
   5.9594955720331313E-002
   5.1462169479769240E-002
  -2.4867249337231612E-002
   5.6513922620115849E-002
  -1.0809965587426461E-002
   7.5287925910309819E-002
  -3.5210571742218345E-002
   6.6561206448055099E-003
  0.10648398454540030     
  -3.8061962297323032E-002
  -5.6395993254513471E-002
  -3.3327170535664773E-002
  -8.1652279948367518E-002
   1.4983719088045376E-003
  -5.7551019592184810E-002
   4.8300191101222092E-002
  -1.8516487216707966E-002
   7.7109804834422979E-002
   8.5310056957542527E-002
  -9.4936216073116531E-002
   2.2116468516358484E-002
  -3.0002342188554600E-002
  -1.0854092545137325E-002
   2.1211711902155896E-002
  -1.7055138930518524E-002
  -3.7526310915934537E-002
   6.8583953603734663E-002
 -0.14528186947587945     
  -3.6403433229673238E-002
   2.2362635950949807E-002
  -8.4340622828459819E-003
   8.1428610807066926E-002
  -7.1775393839360435E-002
  -1.7885609564543858E-003
   1.9378054847185713E-002
  -5.1168622988707162E-002
  -1.9847766619436220E-002
   9.0508172726208744E-002
   5.3098172469447119E-002
   2.2780479035653382E-002
  -7.5586919621402904E-002
 -0.18335498021964611     
   4.7567739724204326E-002
  -2.2060051188232691E-002
   5.9751914536548038E-005
   1.2572223176626669E-003
   1.5063246020232665E-002
  0.13976120131881431     
   6.2103031044388586E-002
  -8.9714144176813407E-002
  -8.2947843073768637E-002
  -5.1995019559900373E-002
   5.0765305353242848E-002
   9.2734275453004042E-002
  0.12089153245144754     
  -6.5446495443681509E-003
 -0.11267096325887428     
  -2.2096238793269041E-002
   5.9880978382732854E-002
   7.0978157439612971E-002
  -7.5687577369010550E-002
  -4.2235175315302236E-002
   5.5108174880214245E-002
  -6.2821816846978581E-004
   4.6558917690644970E-002
   5.1751628396533557E-002
  -2.5268614956083114E-002
  -4.6016904268799619E-002
   4.3346618339728055E-002
  -2.7713019680407673E-002
   6.1994101830167798E-002
   6.4878804776506191E-002
   6.5759857625221005E-002
   5.8965584687062499E-002
 -0.11005877304840457     
   1.2641952702921995E-002
 -0.11469233407745036     
  -3.9699361688550455E-002
 -0.10711471730806819     
  -5.0280169398256719E-002
   4.7878161355860351E-002
  -4.8349536957152580E-004
   9.3775774039023305E-002
  -8.5205086243018535E-002
  -1.7802463107395290E-004
   3.9477619911371796E-002
  -6.1202525574708157E-002
  0.10905674283335096     
   7.3609717528838631E-002
  -3.1221561169271595E-002
   6.1517432312385122E-003
 -0.16145464887703292     
   5.4654404332280734E-002
   1.4767387097262498E-002
  -6.0605350167323664E-002
  -6.7502122193663500E-003
  -9.0907677384670215E-003
  -2.6316174211789219E-002
  -9.6356335652132037E-003
  -1.1057053667104175E-002
   9.1247811921027544E-002
   1.1991474320424817E-002
   1.9244028468380674E-002
  0.10246542613290635     
  -4.4838218269766014E-002
  0.10701160159166424     
   1.5015077265833937E-003
  -3.8460737784392497E-002
  -6.2679151396153501E-002
  -5.1071426378401362E-002
 -0.13788652920642325     
   3.5359263641202308E-002
   1.8761068108028148E-002
   6.6809260724037048E-002
  -3.2258433630708967E-002
  -5.0440300555369945E-002
  0.14546444752294019     
   1.8662147426836426E-003
   1.4416106967824279E-002
 -0.12947587396470636     
  -6.4203946569762457E-002
   1.6662485821809264E-002
  0.14010361481878722     
  -4.8264463046321156E-002
  -5.7749376094209694E-002
 -0.10710214346466725     
   2.6129983447333010E-002
   2.0571198080718566E-002
  -5.2560279945249797E-002
   8.0496316996164184E-003
   7.5639350749909948E-002
  0.11626684262497441     
   9.3759715811488689E-002
  -6.3399969472695786E-002
  0.10282645882940872     
   7.7100376831239409E-002
  -8.2335547242919749E-002
   4.3077523672739461E-002
 -0.11397310202023485     
  -6.1507527386159853E-002
   4.6318027350462435E-002
 -0.11645803190137763     
   3.7747395935430798E-002
  -1.6081018611002713E-002
   1.3643067776287295E-002
   6.4898397656459286E-002
   1.4619900441252798E-002
   8.1799467949383961E-002
  -6.2822390238450779E-002
  -2.2901455285685206E-002
   7.1999923171270075E-003
   3.2876294337762332E-002
   4.5748038395423879E-002
  -9.4187910546156772E-002
   1.2556370314242671E-002
   1.4737607003885904E-002
  -2.5311707992276136E-002
   7.8680064564008376E-002
 -0.13955373530949494     
  0.13519268337512122     
  0.10846734445893293     
  -7.8589864631825282E-002
  -5.2165909327237005E-002
  -3.9835902249441488E-002
   4.3584709814889683E-002
   9.2190818728114798E-002
  -3.2879823955033194E-002
 -0.14171439299406594     
  0.13160955468556348     
  -7.6428086489376865E-002
  -2.3356083404247399E-002
  -2.4456481481349365E-003
   4.8102723758395131E-002
  -5.6986720998418734E-002
 -0.16014012887667192     
   5.9857004101332469E-002
   9.8369151803640892E-002
   8.9249725484377415E-002
 -0.12019605236941334     
  -1.2213341306374324E-002
   7.4139921507001397E-002
  -4.7975031224232675E-002
  -3.4950940219311714E-002
  -8.1353747821119218E-002
  -3.4983954162245846E-002
   7.6757806266216186E-002
   7.4549973485768750E-002
 -0.10613382009435798     
  -5.5529974906151615E-002
 -0.10933250332507004     
  0.17663967307279141     
  -4.1999764962856026E-002
 -0.11333400320567523     
  -4.0686926728812953E-002
   5.8260767165178473E-002
   3.9213369305927039E-002
   3.2680370804464745E-002
   8.7542227051548238E-002
   2.3155317690472958E-002
   7.2244164324304319E-002
  -2.4384295260397749E-002
   5.9837942915681400E-003
  -6.2346775203643352E-002
 -0.20285790516284080     
  -1.1495740328721412E-002
  -4.1791136029025573E-002
   2.2198986497352728E-004
   1.8158050460378147E-002
  -1.3873362921703151E-002
   7.6222960712331519E-002
  0.14039131389069404     
  0.11838914732930245     
   3.6326357681591960E-002
   5.1875695485487101E-002
   3.6056090101629662E-002
  0.11200693641851232     
   2.0138598498225135E-002
  -6.9260488121922481E-002
  0.10544874551829723     
  0.20465189918398546     
   2.9626557332292070E-002
  -6.6435683067968807E-002
 -0.12420871738406387     
  -3.9682235645923852E-002
   4.2043716380234776E-002
 -0.17185977567229926     
   5.7454936935849715E-002
  0.18217487145205413     
 -0.16011439817425047     
   4.0825264156515183E-002
  -9.8759561827007222E-002
   1.7232777126642958E-002
  -3.8958533465203058E-003
  -2.9832715275772491E-002
   1.1868631533522144E-002
 -0.11222635973876513     
  -4.5658988912810901E-002
  -3.1792640501982661E-002
  0.12984910609517158     
   9.3716385460240276E-002
  0.25289080688530852     
  0.19843226732154701     
  0.12576775956450856     
   8.7390907286686494E-003
   1.2384524162759761E-002
  0.11600036063462306     
 -0.25005313199788765     
 -0.13912504428758349     
  -4.7361796804375557E-002
  0.22890107660615933     
   7.2178108584873335E-002
 -0.15686142171177037     
   1.2779815863570616E-002
  -9.9315704422920301E-002
   2.5129290589907049E-002
   8.2709588835508871E-002
   3.5100990954304148E-002
  -2.4493286524944768E-002
  -1.0526062151948800E-002
 -0.15532966515379432     
   3.3043433394310866E-002
   3.5824840761993705E-003
 -0.17726999672552438     
 -0.15539543856145294     
 -0.10964678432904229     
  -7.2075288376513488E-002
  -3.4291305831093910E-002
  -4.1104666439443785E-002
   4.6073968096155701E-002
   5.9585512469698683E-002
  -8.1164579848127267E-003
   6.1734039383024963E-002
  0.19356297842470296     
  0.12992285405349374     
  0.15759531856236716     
  -3.9286841766772558E-002
  -7.9214198795577256E-002
   8.3866144744014132E-002
  -3.7584042528485656E-002
  0.15753398059005030     
   3.7165291074623574E-002
  -1.2919691965912198E-002
   4.2275527449481633E-002
 -0.17558432224415035     
   3.3064660916718405E-002
 -0.28429403332791509     
  -8.9115278723536612E-002
 -0.15753611374521700     
 -0.10489774573409938     
  -6.3936754848004235E-002
  0.10563070498994884     
  -3.2986705171486898E-003
 -0.21843752874406361     
 -0.12310066226845483     
 -0.29631428309220326     
   6.9016524780281308E-002
  0.20248181520410649     
  0.12309559852580591     
  0.12604743244367814     
  0.24145393520546365     
  0.10305236130037949     
  0.16465924505336360     
  0.13503430660653754     
  0.10184960148105314     
   7.0672167713798417E-002
  0.12969698368492930     
  -9.3782052146970760E-002
  -5.5159351471317383E-002
   9.5759011275775865E-002
 -0.12517816372712670     
   2.5548064006644416E-002
   2.5546432231295185E-002
 -0.28929759872613986     
 -0.13798510917346007     
  0.12129113419749961     
 -0.10690652505165256     
  -6.6664674183802383E-002
 -0.27697022461670701     
   4.9951878436264127E-002
  0.89290090295919222     
 -0.17274637888231745     
  -8.6450331488889989E-002
   8.0262665341865019E-002
 -0.58608331177190975     
  0.18154005500290146     
  0.29904742863752570     
 -0.35317363623205505     
  0.96303122975961164     
 -0.26558632338953231     
  0.22497299806553250     
   1.3154042685734950     
 -0.81243952071265768     
 -0.82041410105484303     
  0.11416984613012390     
