  0.16990917506044367     
  0.15661392914712988     
  0.15696859903051152     
  0.14604622383810859     
  0.14789522635305949     
  0.17027617073401599     
  0.14715302155319343     
  0.16210094195955188     
  0.15241508443019361     
  0.16689235878905520     
  0.17748216697000166     
  0.13784543264520924     
  0.13900210396533708     
  0.15573097531565430     
  0.14780119593054175     
  0.15704736946196493     
  0.14644315327742416     
  0.14432246808199284     
  0.13915971913184025     
  0.14428821299553254     
  0.15359824320504498     
  0.15422162100209014     
  0.16179707902754023     
  0.12942249295202188     
  0.15564555890736692     
  0.17089487142301632     
  0.13379606847266490     
  0.15405420920889107     
  0.16070145533793953     
  0.15500797487900014     
  0.16509866796711811     
  0.15786658666954895     
  0.16865316540064174     
  0.16576415079184958     
  0.15106566570746655     
  0.13403058011724628     
  0.14658903008721366     
  0.15184809896423768     
  0.16885023979497962     
  0.17162293884549654     
  0.15405461448740052     
  0.16691323392060628     
  0.17362063354144827     
  0.15676578249832140     
  0.15265246669646129     
  0.15042376644834399     
  0.15531659592498515     
  0.16494282237277511     
  0.14674405894441397     
  0.15388571832442174     
  0.17013971717985613     
  0.12603684643365359     
  0.17444768088448995     
  0.13757437403779091     
  0.16322064527068239     
  0.12989098964114848     
  0.16420075086388539     
  0.15409565108159742     
  0.14249705816462982     
  0.13139462152884415     
  0.12667502062225655     
  0.15027167362705252     
  0.15563610325263100     
  0.14125098313075138     
  0.11884237046880751     
  0.14943103713174086     
  0.14793207862243338     
  0.17966479549735070     
  0.15830070839026908     
  0.16708093723039127     
  0.14472831740188333     
  0.16216923026460392     
  0.15566744342582298     
  0.16156712731654280     
  0.13639679761386755     
  0.16402707368587841     
  0.16047836143251146     
  0.12151012397560512     
  0.15421380728495288     
  0.14720067969556050     
  0.14650898197041257     
  0.15676688341592965     
  0.16309212019866440     
  0.14010654498740641     
  0.15827783011462965     
  0.15050443650798878     
  0.15037647883304447     
  0.15079601674559520     
  0.17174675239666393     
  0.14058906207490188     
  0.15130169056695186     
  0.15295119270092061     
  0.13833568269201743     
  0.15635058865890147     
  0.15500764684809448     
  0.16139032475836129     
  0.15589025281264407     
  0.14766052125300738     
  0.13256351784343601     
  0.16418719170987869     
