   1.0000000000000000     
   6.4197717905613974E-002
  0.10595531478858558     
  -2.9748219418721730E-002
  -6.0539069372812976E-002
  -6.0670399194039645E-002
  -1.1078718608348840E-002
 -0.28661134984668629     
  -7.2860236948076029E-002
  -2.8940877138935624E-002
  -7.8960881775271951E-003
   4.8287578207290946E-002
   5.9762152951105929E-002
   3.2994562113831801E-003
  0.10565828883987810     
   5.7218730902510874E-002
   1.3282439918083746E-002
  0.10686892338755656     
 -0.13274984981311502     
  -4.2093101830859896E-002
 -0.17537539667829813     
  0.14132054358486440     
  -1.8115121163260882E-002
 -0.16820470774838203     
 -0.22465031454606654     
  -8.2298376684180746E-002
  -5.0281834684360718E-002
   5.8801902085071071E-002
  -5.2818668343835140E-002
  -1.0991969660695289E-002
   6.3287817489439652E-002
  0.14638883103463179     
   4.2775190137636483E-002
 -0.17258351245861991     
 -0.13519595641249005     
 -0.12204710721726469     
  -4.4951899712527964E-002
  -3.6524977098311102E-002
   6.2379473562145113E-002
  -9.0770690119240018E-003
  0.15692782070037711     
   1.7022758023631298E-003
   3.9014704986729550E-002
  0.25533985555737032     
  -5.8628995117343180E-002
  -2.9061365792791914E-002
   9.5505845373058066E-003
  -5.4206335632103454E-002
  0.16462258629930474     
   4.5315028622028290E-002
 -0.14751139839939459     
   4.5315028622028276E-002
  0.16462258629930485     
  -5.4206335632103503E-002
   9.5505845373058014E-003
  -2.9061365792791956E-002
  -5.8628995117343194E-002
  0.25533985555737038     
   3.9014704986729563E-002
   1.7022758023631276E-003
  0.15692782070037717     
  -9.0770690119240140E-003
   6.2379473562145148E-002
  -3.6524977098311130E-002
  -4.4951899712527915E-002
 -0.12204710721726467     
 -0.13519595641248999     
 -0.17258351245861991     
   4.2775190137636539E-002
  0.14638883103463174     
   6.3287817489439638E-002
  -1.0991969660695298E-002
  -5.2818668343835161E-002
   5.8801902085071113E-002
  -5.0281834684360698E-002
  -8.2298376684180705E-002
 -0.22465031454606649     
 -0.16820470774838206     
  -1.8115121163260937E-002
  0.14132054358486443     
 -0.17537539667829816     
  -4.2093101830859882E-002
 -0.13274984981311508     
  0.10686892338755652     
   1.3282439918083755E-002
   5.7218730902510853E-002
  0.10565828883987806     
   3.2994562113831771E-003
   5.9762152951105908E-002
   4.8287578207290946E-002
  -7.8960881775272090E-003
  -2.8940877138935606E-002
  -7.2860236948076029E-002
 -0.28661134984668629     
  -1.1078718608348860E-002
  -6.0670399194039652E-002
  -6.0539069372812976E-002
  -2.9748219418721716E-002
  0.10595531478858561     
   6.4197717905613974E-002
