   1.0000000000000000     
  0.85250271145237699     
  0.77551456013005227     
  0.74012745098507760     
  0.73186241865336943     
  0.68348077319257827     
  0.63967239902895057     
  0.59692315233456983     
  0.56548916310642916     
  0.49356948154665592     
  0.42207692452917378     
  0.37197965687873419     
  0.34756450656683513     
  0.34001422078961796     
  0.30054483170343210     
  0.32104421114723797     
  0.29083869397134987     
  0.22474025420650778     
  0.19739760790088132     
  0.19241711215159488     
  0.17251170463909990     
  0.15238386644045604     
   9.6993177454120963E-002
   9.3804919203917134E-002
   7.0328755794838618E-002
   1.0482565375121079E-002
  -8.0297561155618147E-002
 -0.13331348108245483     
 -0.14056721180140694     
 -0.16557463764285921     
 -0.21172773793351185     
 -0.25426060772121845     
 -0.28555896908689682     
 -0.33574635165700967     
 -0.41803002695737773     
 -0.44831888271784170     
 -0.42123138795672482     
 -0.45927497531668932     
 -0.46712768141193561     
 -0.46616145168991430     
 -0.49252664805292679     
 -0.54478839522041078     
 -0.57548916857259791     
 -0.56024625322256660     
 -0.54242185626010375     
 -0.53510095605168229     
 -0.56307576043957719     
 -0.59303563806200232     
 -0.58530931002357878     
 -0.58681932366680578     
 -0.63652169095853461     
 -0.58681932366680578     
 -0.58530931002357856     
 -0.59303563806200221     
 -0.56307576043957674     
 -0.53510095605168240     
 -0.54242185626010353     
 -0.56024625322256649     
 -0.57548916857259791     
 -0.54478839522041089     
 -0.49252664805292667     
 -0.46616145168991430     
 -0.46712768141193545     
 -0.45927497531668932     
 -0.42123138795672466     
 -0.44831888271784126     
 -0.41803002695737740     
 -0.33574635165700972     
 -0.28555896908689682     
 -0.25426060772121867     
 -0.21172773793351179     
 -0.16557463764285915     
 -0.14056721180140688     
 -0.13331348108245486     
  -8.0297561155618147E-002
   1.0482565375121083E-002
   7.0328755794838702E-002
   9.3804919203917231E-002
   9.6993177454120852E-002
  0.15238386644045607     
  0.17251170463909982     
  0.19241711215159499     
  0.19739760790088154     
  0.22474025420650773     
  0.29083869397135009     
  0.32104421114723813     
  0.30054483170343194     
  0.34001422078961840     
  0.34756450656683485     
  0.37197965687873430     
  0.42207692452917395     
  0.49356948154665597     
  0.56548916310642927     
  0.59692315233457016     
  0.63967239902895046     
  0.68348077319257838     
  0.73186241865336943     
  0.74012745098507760     
  0.77551456013005227     
  0.85250271145237677     
