  0.46097900140982045     
  0.47019882939845803     
  0.45153042835486007     
  0.48258898664743799     
  0.48898857869473422     
  0.45610072677321389     
  0.45499892478571979     
  0.46346530921619916     
  0.47938589859510522     
  0.48580652637717958     
  0.50723598824256566     
  0.50234792250289406     
  0.49704272955484696     
  0.49420525103529744     
  0.49514773583408234     
  0.48638403523354884     
  0.49290564257883956     
  0.49314487871178175     
  0.53893676488221687     
  0.51138737285889180     
  0.51953993855034775     
  0.53465644944717405     
  0.50247617152430335     
  0.51935559146412524     
  0.47634830322831123     
  0.45965155726654655     
  0.45997007393689776     
  0.45154967654490541     
  0.49183208328955330     
  0.46894234099890991     
  0.50389744052945440     
  0.48876351891409786     
  0.50024504646408874     
  0.49666159710035024     
  0.48711940909599560     
  0.50628746295406279     
  0.48856582250461339     
  0.47634381252283881     
  0.48957905679374208     
  0.46835140318988144     
  0.48226848569410674     
  0.47387699314721110     
  0.47673106768387002     
  0.46957164611435137     
  0.49862635919841625     
  0.46389642053533703     
  0.46844923341877365     
  0.48133597827556079     
  0.48952785055754572     
  0.48414972471673773     
  0.49769318272306118     
  0.50775567130107524     
  0.50458413441603556     
  0.48510409900160162     
  0.47193846757452057     
  0.49583872474160073     
  0.49102672069261444     
  0.51520229547141305     
  0.52989047045139226     
  0.50996796768917863     
  0.52883395157045565     
  0.52230842950228540     
  0.52239837855754301     
  0.49840302724183982     
  0.50742567388419912     
  0.50230540696271619     
  0.52697752106228157     
  0.53911236235388138     
  0.49635135294759286     
  0.52726332775113582     
  0.50881140078093967     
  0.48944430163919395     
  0.48375522790100095     
  0.50825754522151745     
  0.52608824209216010     
  0.48669925890753291     
  0.49817895655088085     
  0.46339944607735706     
  0.50320002793970864     
  0.48596136947240548     
  0.53102875196050292     
  0.50192709891401610     
  0.52851615235145755     
  0.50999089176428114     
  0.51724869526657880     
  0.52008033072417725     
  0.49435949568269133     
  0.50060413858562447     
  0.49873325878744884     
  0.53088696944525837     
  0.51630353924402062     
  0.51005534703126831     
  0.52376242906051451     
  0.56266997264360630     
  0.53993085193825019     
  0.54750816257073209     
  0.53865011510092542     
  0.55635826989095727     
  0.52576341311217123     
  0.53690745074539192     
