  0.99899999999978695     
  0.10068008986543482     
   7.9058280657358752E-003
  -2.0777496562508806E-002
  -3.8493918849028842E-002
  -4.2591080576561677E-002
  -6.7532635831873454E-003
  -1.9871051858838855E-002
  -6.3542323482341286E-004
   3.5770376132904083E-002
   2.7279515154696758E-003
  -2.5823967627015505E-002
   1.2921524601164249E-002
   7.5105067347136303E-002
   5.4993561130732296E-002
   4.4721826737392105E-002
  -2.0331705749998347E-002
   2.0915573023715804E-003
   2.6734067446785231E-002
  -4.6644227927356417E-002
  -3.8772225621784361E-002
  -2.2239782569200128E-004
   2.5052714023842064E-002
  -2.0121328078899131E-002
   8.2336112814439377E-003
   2.4091221871556080E-002
  -3.9289880619682971E-002
  -1.3921194004803300E-002
  -1.9029791640319503E-002
  -3.5379386740292736E-002
  -3.0597204934935322E-003
   2.2755334213825185E-002
  -9.3019343517292286E-003
  -3.5888271615811596E-002
   3.4830320332354989E-002
  -1.6953127543257413E-002
  -8.0568914758677706E-004
  -4.0750404210578156E-002
   5.0971311807724356E-003
   1.4314676211482670E-002
   2.3763087098816780E-002
  -4.7621828065714661E-002
  -4.0763514929648775E-002
  -9.3025527312564291E-003
   1.2062505875912467E-002
   4.0778440862089926E-002
  -1.7139555051758185E-002
  -3.4176939541567794E-002
   5.1829133896643034E-003
   1.6546160191386092E-002
  -3.3170375405180509E-002
   1.4521242766185416E-003
  -3.9491113772877763E-002
   2.5291705668214846E-002
  -2.0980716695685790E-002
  -4.5161012746126453E-002
   1.2070522303660890E-002
  -6.5199019776009490E-002
   3.0285980941621722E-002
   5.9970066423786807E-002
  -3.0757420926960755E-002
   1.3937737570672792E-003
   4.0277807289473527E-002
  -2.1383576421467841E-002
  -1.5718732550015577E-003
  -8.2351407428687511E-003
   9.4183353648739296E-003
  -4.3112406573501245E-002
   1.4628980921613905E-003
   1.5394163852427771E-002
  -4.0681968931868401E-002
   3.5035195300367359E-003
  -3.7978297742472591E-002
  -1.2671479906500012E-002
   1.1991699780169554E-002
  -1.2094643492335971E-004
  -1.4871482720882636E-003
   3.8838974766647723E-002
  -6.3555803195397220E-002
  -7.3382985777611723E-002
  -2.7637274669100549E-002
  -4.9905820385879415E-002
   2.8874850600966329E-002
   7.3625919781307919E-002
   1.1333115547119731E-002
   2.7037251149564793E-002
   9.0232554908800909E-003
  -4.1246328966975901E-002
  -2.1202864780217733E-002
  -2.7541511724934798E-003
   1.3484080880717673E-003
  -2.3620453669982847E-002
   7.8089871717050303E-003
  -4.5471422561417375E-002
  -4.6142791877179012E-002
  -2.1104594536472048E-002
   7.2596424190768056E-003
   3.5341515244251914E-002
   5.4348480009749844E-002
   4.0860281700217653E-002
   4.4413074843548839E-002
  -8.0291105011566097E-002
  -4.8558139555634101E-002
   9.9169128010241983E-003
  -7.6982425812250517E-003
   1.6594357642382457E-002
   2.0272704533115350E-002
   4.1266716383072291E-002
  -3.7700950586342873E-003
  -5.5765126045109643E-003
  -5.4100395194729423E-002
  -5.4994506925995092E-002
  -4.6909000486299443E-003
   2.5627698364658575E-002
   9.6221893588257987E-003
  -5.4530431761351451E-002
  -3.4352303273762021E-002
   5.0274784054197774E-002
   2.1847814450079141E-002
   3.1145528873036826E-002
   5.5611244413848501E-002
   3.1222181638053799E-002
   4.6407186279532504E-003
   2.6543062268867247E-002
  -6.4924861116677071E-002
  -7.8414692269106242E-003
  -6.3851552615521570E-002
   6.0919753273743528E-003
  -2.2967860882967456E-002
   1.4097426212936524E-002
   1.9043893334439992E-002
   5.7002637892509256E-002
  -1.8785971071908693E-002
   3.8251879002454421E-002
  -4.5188475681100194E-003
  -1.1644765666594472E-002
  -1.3600772052725096E-002
  -1.2241008117771708E-002
   1.5937195814107939E-002
   3.4541288693651223E-002
  -5.1004558169537501E-002
   1.1561177381669927E-002
   5.2970436567044234E-002
   5.2501582464206449E-002
   1.5764562330667833E-002
   7.2850315384544928E-003
  -1.7471764607888886E-002
  -2.6359188928296553E-002
   3.2195498745222019E-002
  -2.2264265676752638E-002
   4.4376803052673759E-003
   5.0307239339823881E-002
   2.6977986810690170E-002
  -5.3602738241149965E-002
  -5.4931113866870260E-002
  -6.3338124878247318E-002
  -2.5656107789208862E-002
   2.8617551689294429E-002
  -8.6948321025412845E-004
  -2.4842065386015407E-002
   8.8212194200881083E-003
  -9.0451176371712586E-003
  -6.7326790660911144E-003
  -3.4635729801191201E-002
  -1.0306522160697789E-002
   4.1356879549970284E-002
   1.2432309154827192E-002
  -1.1048095802113822E-002
   3.2780670770099649E-002
  -1.5220533074127244E-002
  -4.1355012816624188E-003
   2.4709236687823679E-002
   5.2719637362132317E-002
  -3.9847978057548934E-003
   4.8502073878581072E-003
  -2.8256692098276207E-002
  -2.0997862997356353E-002
  -5.1950768598219288E-002
   3.7812297031659239E-002
  -2.3844017735571453E-002
  -2.8636340798965348E-002
   3.3841413611339237E-002
  0.10331617638032663     
   3.3548352001998329E-002
   2.6049657771799743E-002
   1.9136328204244293E-002
  -6.5442996319113184E-003
  -2.3410410388305099E-002
   1.1744096780543122E-002
   5.1001227480747521E-002
  -2.7688837911970205E-002
  -1.0225800491135457E-002
  -3.0578126837112932E-002
  -2.5749453945326326E-002
  -2.7549218932946869E-002
  -2.8607732715927336E-003
   2.2636493280266106E-002
  -1.7815838770469635E-003
  -5.3699463280362840E-002
  -1.3250794971346706E-002
   3.6201405880147128E-002
  -9.1690924128824715E-003
   6.0749908737817604E-002
   8.8710500630370906E-002
   4.4830179770654240E-002
  -1.4314542216372017E-002
   4.1142747885852080E-002
  -5.6393158441805126E-003
   9.2031522327775325E-003
   1.9613094364332269E-003
  -2.6592062339818663E-003
  -6.6213639582818229E-002
  -2.7638541909268226E-002
   7.6548052935617806E-003
  -3.5597990182787229E-003
  -3.1449766754908647E-002
   5.8755774115761848E-002
   3.6579726132536836E-002
   1.0568246734407552E-002
   6.5830464659667007E-002
   1.6256592121401145E-003
  -2.2610977258350665E-002
  -6.9642407546715885E-004
   1.0612736178034604E-002
  -5.6704622511478106E-002
   3.1923508877364407E-002
   6.9508818826140616E-003
   5.1564572179261976E-002
  -1.9782699733135168E-002
  -6.3272656058980872E-002
  -4.4418482891906912E-002
   4.4377796219216177E-002
  -1.6451610276192165E-002
   3.0170713317644478E-002
   7.4919445283958441E-002
  -5.4868587506046854E-002
  -4.8190112413691840E-003
   3.4799096311892104E-002
  -3.0373210175850884E-002
  -5.0322181286956993E-002
   1.3975886709308554E-002
  -7.0078511426525597E-003
   2.1626944821769304E-002
  -4.3569464063215584E-003
   7.4489314885440704E-003
  -7.3320634834030826E-002
  -4.4501837938992532E-002
  -4.2395055170030829E-003
   5.1820740660699791E-002
  -1.4657024509011112E-002
   3.5991347698729314E-003
  -1.3187581545942567E-002
  -3.9226962897416250E-002
  -5.6218544702064943E-004
  -4.9327058928696065E-002
  -9.9878048063708636E-003
   1.5496844531852457E-002
   2.8676728261589547E-002
  -6.3458578679218731E-003
  -3.9508917195395718E-002
  -7.6198794435389600E-002
   2.3626682439140255E-002
   3.6683026921368177E-002
  -1.5523436799393950E-002
  -5.8147898282387700E-003
   7.1138225837292068E-002
   2.3345203871129813E-002
  -1.8511845997113672E-002
   1.1829663067180269E-002
  -1.5566574336214908E-002
   4.1953003883458795E-002
   5.0520280863694970E-002
   4.0732621821815774E-003
  -1.9883470225577193E-002
  -1.3359854411906825E-002
  -1.5008627259790470E-002
  -2.0696319107863893E-002
  -3.9988289260869461E-002
   7.4024816871095203E-002
   7.7125238864928789E-003
  -1.0124258845995137E-002
  -2.8767797328359847E-002
  -2.1290404460667576E-002
  -1.5019665026332965E-002
  -1.5215789999019260E-002
   4.1078678172022119E-002
  -6.4612813394738207E-003
   2.8719781723890149E-002
  -6.0938363315945756E-003
   1.7738819749979415E-002
  -4.0714798543094705E-002
   3.9824870737459869E-002
   6.8983016267073960E-003
  -2.4567619278070552E-003
  -9.8612242268604822E-002
  -2.4052114053084141E-002
   4.2544226406419361E-003
  -6.2464717288420540E-002
  -8.3724206249513780E-002
  -3.4025453396220366E-002
  -4.6519843523527673E-003
   3.0844445607441935E-002
   2.2791203941801265E-002
  -1.8227150616088629E-002
  -6.2018759566660156E-002
   1.3873227989402647E-002
  -5.7554843785200200E-003
  -2.6715909552344333E-002
  -1.2153221904634075E-002
  -1.3632245546748511E-003
  -1.7965041946615412E-002
  -9.5472327683209776E-002
  -7.8746941674932250E-002
  -8.2835953537234667E-003
  -1.0309053995062481E-002
  -2.8547394344875417E-002
  -2.7132073164079191E-002
   3.1888497675961386E-004
  -5.8563582603045623E-002
   3.6076732636854465E-002
   1.4599672046008308E-003
  -2.9927550611269761E-002
   2.7586449235542983E-002
  -1.0409954216656912E-002
  -9.8329946096778111E-003
  -1.0953216446887393E-002
  -4.4265719831395718E-002
  -7.4838552702028932E-003
  -9.9943350165401599E-003
  -1.4775185432683753E-003
   5.6145359330185073E-002
   2.8880429891087456E-002
   1.4392074446083742E-002
   5.1484135629650072E-003
  -1.8993125158536051E-003
   1.4358124587299809E-002
  -6.3091360115946446E-002
   1.2270586615299256E-002
  -3.1013984168494633E-002
   9.9315325719950606E-003
   3.0188258927765246E-002
   2.8698209219958890E-002
   2.1739767863418760E-002
   5.5034560949706688E-003
   4.7293012690952530E-003
  -2.8171879114135500E-002
   1.8598341740464430E-002
   6.0851703242919421E-002
   4.8308101875614139E-003
   2.4423167905729112E-002
   7.3761300104119742E-002
   2.1436853007481681E-002
  -2.1666126025297664E-002
   3.7940479219956920E-002
   3.3952706005805793E-002
   1.1026276454084834E-002
   9.7069140535534192E-003
  -1.2562108716084803E-002
   3.9146001973655913E-002
  -3.4614684303479880E-002
   1.4659698526129111E-002
  -2.2888231327096688E-002
  -3.3272826540559367E-002
  -1.7694989038570062E-002
  -1.6670166897759783E-002
  -3.3174583620679307E-002
  -5.0221057737700331E-002
   2.7140510322687158E-002
   2.1060138220679335E-002
   5.4584437707541927E-002
   1.6570149042574766E-002
  -6.1637245366440987E-003
  -5.9867295936321098E-002
   1.8689401153228664E-002
   2.5686574059734433E-002
   9.0850317274141931E-002
  -3.1547548618642986E-002
  -8.3904266488467619E-002
  -3.5301146020312472E-002
  -7.1547199846872050E-002
  -8.0408918643412125E-002
  -1.5304113087620676E-004
  -1.0145551684879392E-002
   2.6598526093284978E-002
   9.6479091962470998E-003
   1.1129576739189838E-002
  -1.2695908496279624E-002
   2.9262746997733595E-003
   7.1137156300773302E-002
   1.2416581401983613E-002
   7.5008267692528510E-002
   6.6944900406743849E-002
   6.4603801978480771E-002
   3.1226635428140501E-002
  -1.7576447104366621E-002
  -1.3763995792552955E-002
   2.5882228201580593E-002
  -4.0311261549484820E-002
  -4.7384136683096866E-003
   2.4772644940032573E-002
   8.2393997911254402E-002
   1.1486368608810200E-002
   1.5218272773291344E-002
   5.7720733686434038E-002
   3.7931784343376289E-002
   7.8992068716415412E-002
  -2.0516015793838105E-002
  -1.8696306157884274E-002
   1.8228989344958608E-002
   6.5973785870402896E-002
  -6.6726303042490470E-002
  -6.8216624995671452E-002
  -1.9216205825263091E-002
  -1.4432424240322553E-002
  -3.8950422495889168E-002
  -1.5971138742907568E-002
   9.8560501944018504E-003
   1.8048373097503457E-004
   1.6757988400405023E-003
  -3.1702780992616838E-003
   2.5057067229792888E-002
  -2.6667189020200346E-002
   5.3383001070283605E-002
  -3.2587113316679663E-002
  -2.2633133037997039E-002
  -4.1624772501283699E-002
  -3.3510536775888076E-003
  -1.3621898104451767E-002
  -2.0123617439126568E-002
  -5.7663111305211165E-002
  -9.9784936920464806E-003
   1.0110796933414910E-002
  -9.1793882306447933E-003
   1.8797972837586181E-002
   3.2638900154690819E-003
   4.9573245124097755E-002
  -3.7785961701934850E-002
  -3.6427157716381928E-002
  -5.6162141546803303E-002
  -1.4239650158799381E-002
  -1.8492146814842597E-002
  -5.7024495215279428E-002
  -8.0419832548474138E-002
  -4.1292978546099493E-002
   3.0408816018687657E-002
  -6.6703612132522280E-002
   3.0419063236599840E-002
   4.4923594446958010E-002
  -2.0159555808582329E-003
  -5.0788572134268468E-002
  -5.1188750267753330E-003
   8.8044024572056616E-003
   2.4563911462163350E-002
   2.6450338947515212E-002
  -9.2060339482432946E-002
  -1.6260596838539754E-002
   1.8992321766716280E-002
  -8.2361177641723030E-003
  -4.1579303543819775E-003
  -6.0627019050928217E-002
   4.0843089182764636E-003
   2.3397674133792866E-002
  -2.6917157308166025E-002
  -8.7360392889937896E-002
  -7.7165769837789153E-002
   6.1322321722688282E-003
   2.7838861264937346E-002
   4.8536976402186252E-002
  -1.9791278117680514E-002
   7.1177373879240183E-002
   1.7571884801949916E-002
   9.3720390176284502E-002
  -2.8418300280471674E-002
   2.1709503204095999E-003
  -1.9558334940328395E-002
   7.7775396213657418E-003
  -7.7313509723578769E-002
 -0.10856093667950288     
   4.0157277370928390E-002
  -1.0536309638699778E-002
   5.4156319662654322E-002
   1.9113750887995804E-002
   6.1887823613995243E-003
  -5.5251582925066101E-002
  -3.0383812977485054E-002
  -7.1109093673624307E-002
   1.2109883030789961E-002
  -2.9963329331034433E-002
   7.3364158888705011E-002
   7.7587233935613217E-002
   3.2160710775435752E-002
  0.12196393836469872     
   1.1291991335946040E-002
  -2.4669388470827520E-002
  -3.2928916864786995E-002
  -7.9675089040157993E-002
   1.3327422478509933E-002
   4.8373519598122965E-002
  -6.8896842616572945E-002
  -6.3845257625097004E-002
  -1.6265818647940619E-002
   1.5169372075250291E-002
   1.2533304068248321E-002
   2.6698123629389690E-002
   5.0611839162223421E-002
   5.2976267270065838E-002
   3.2463988583492677E-002
  -6.8348838346359367E-002
  -2.7405939310485357E-002
   2.0919910626031196E-002
   1.7435227044400807E-002
   2.7550201409070735E-002
  -3.9293122949446632E-002
  -4.7145871728092884E-002
   5.9474114161500120E-002
   5.6400482567304962E-002
   1.4412369332929298E-002
  -4.8115396210600979E-002
   4.7396807630313322E-002
   7.3694538264303416E-002
  -8.0253592062143626E-003
   5.9806914788229490E-003
  -1.8179899695406745E-002
  -3.7517568022970432E-002
  -5.9989759537345901E-002
  -2.1526916796551981E-002
  -3.3537939736867388E-003
  -6.5225416542850703E-002
  -6.7321584678041290E-003
  -2.4725011371282229E-002
  -5.9713800908643054E-002
   6.7586502746929719E-002
   4.5897680855345450E-002
   4.8301292550643034E-002
   2.6230689061081329E-002
  -2.1282099138130194E-002
   1.3255006532653484E-002
  -5.0557009051408766E-002
  -6.5362270957919476E-003
   3.9821969670032334E-002
   3.0536933663757896E-003
   2.0817639090843110E-002
   3.9893577650593516E-002
   1.4100341681871291E-004
   1.2576034145790940E-002
  -2.7462051856082578E-002
  -2.2155006062144315E-003
   8.6876248068953072E-003
  -4.2858897866794081E-002
  -2.5349227742274997E-002
   1.9627386953113092E-002
  -6.3358310556094810E-002
   7.6736188391579637E-003
   8.2753092052001764E-002
  -2.8589291740727902E-002
   2.9737632153497125E-002
   1.4756916256913794E-002
   1.8095512808810169E-002
   3.8030757065838784E-002
  -1.9577698954762846E-002
   2.9724793350803129E-002
  -4.2215667299908527E-002
   1.9276577933764680E-002
   4.8044154936388694E-002
   8.4587209258351864E-002
   6.3624985048824939E-002
  -2.3865196383345947E-002
   8.4654470713703689E-003
  -4.5198258196762472E-002
  -2.8511022654203792E-002
   2.5058683168519693E-002
   3.9852280568342134E-002
   6.3307560033036017E-002
   8.4301518419624785E-002
  0.12643659301607338     
   4.5485050242105279E-002
  -8.1821492342618277E-002
   3.5908674417177412E-002
   4.8700104488903932E-002
   9.5688300008382032E-003
  -1.6853482186141246E-003
  -2.9911259662851891E-002
  -7.2323641037408432E-002
  -2.0007833867409459E-002
  -3.3749598875859217E-002
  -1.3890739756772961E-002
   2.5872629728863037E-002
   6.8289540884531236E-002
   2.5123774398739605E-002
   3.4291862394285763E-002
  -1.1497888051524338E-002
   7.2891921000364816E-003
   1.6711230062702552E-002
  -9.8283822736780560E-002
  -5.2124531010949736E-002
  -1.2314659137936237E-002
   5.8510653646411427E-002
   5.0173894212186251E-002
  0.14301727997148275     
   4.6358985921884453E-003
   2.6850769876304272E-002
  -3.5281071910776486E-002
  -8.9234810038069465E-003
  -3.0590517809516035E-002
  -2.6880378228129515E-002
   9.7120441451994475E-003
  -5.0951132178174680E-002
  -4.2147301415274681E-002
   9.6041156645887193E-002
   7.7574761061876774E-002
   6.0282472994301305E-002
  0.14313125701507426     
  -4.0813007533950937E-002
  -3.0559889141179109E-004
  -9.6756062424372624E-002
  -8.6543702293151489E-002
  -1.6043919564910001E-002
   5.3123629711462672E-002
   8.3217295300159737E-003
   1.6111393714503510E-002
  -2.7397959829459698E-002
   7.8344731573670529E-002
   3.1407011115966103E-002
  0.12833823934027719     
  -4.2912128053633924E-002
 -0.10529377952275136     
  -4.1751684817096513E-003
  -9.4311431722669897E-002
   3.2283208923969679E-002
   3.0574348176915362E-002
  -7.5668100830109858E-002
  -4.4090694883473093E-002
  -4.1993957008872568E-002
  -3.1414473967716385E-002
  -2.2114327153461226E-002
  -2.0703733709596824E-002
   1.0039417132370112E-002
   4.8680486841817930E-002
   1.7065657641887031E-002
  -2.4124212248468457E-002
  -3.5211844380411569E-002
  -8.8247262127983381E-002
  -9.1864951035270953E-002
  -5.8878886227329910E-002
 -0.11542796267536108     
  -7.7928254833477512E-002
  -5.7318690918805572E-002
  -5.6381899328919384E-002
  -4.9134574495160767E-002
   4.3487610662433479E-002
  -5.7687120782846261E-002
   3.3628448386892215E-004
  -3.8106259086813865E-002
   2.3914179861368685E-002
   1.8976213667857091E-002
   1.6781889077118313E-002
   4.5257835192213831E-002
  -4.7612228607203690E-002
  -6.8102599059402136E-002
  -2.2502585763022227E-002
   3.6490118571494201E-002
  0.10151096534564912     
   3.4466587007124759E-002
  -3.7780684832899938E-002
   4.7984948128598229E-002
  -1.2442195561179675E-002
   1.1532590324921712E-002
   6.1129849442894419E-003
  -2.9053547187793457E-002
  -7.2745132388661524E-002
  -9.3460864727848876E-003
   6.7495885631980834E-002
   6.5781779547565172E-002
   3.0031177575359773E-002
   3.0024640972469176E-002
   6.9062825551659532E-002
 -0.11296170872600175     
   6.2911709504857152E-002
   2.6095683132944643E-002
   3.0436708475555282E-002
  -4.7681083999561093E-002
   1.9342914635644911E-002
  -1.9971235988608459E-002
  -3.0819764483081272E-002
  -3.7331905611646572E-002
   4.2068965374194377E-002
  -4.6135421557970936E-002
   4.8009610230941337E-002
   4.3455027233448767E-002
  -2.1560341057414962E-002
  -2.1319516532795794E-002
  -5.6536871178058473E-002
   1.3703032086874477E-002
   3.8522995274410991E-002
   9.7365694983467560E-002
   3.9902584984307245E-002
   7.5898204063814770E-002
  -2.7684203105792921E-002
  -5.3638782868007343E-002
  -9.6268715901888291E-002
   5.9212513962644264E-003
  -9.1534286205050067E-002
  -9.5995205388658286E-002
   3.0925439533113969E-002
   7.6826328331282626E-002
   4.6155738184806110E-002
  -1.3283683498921808E-002
  -4.3653538409750350E-002
   6.7509017594188384E-002
  -2.7420661350156913E-002
  -9.6396806216458419E-003
   9.6071660030559048E-003
  -6.0059249452758968E-003
  -6.3266748975280762E-003
  -3.5194691814434707E-002
  -3.7259354447208931E-002
   1.4085097752165101E-002
   9.9721604270726724E-002
  -4.9352135825011549E-003
   1.2167744284590019E-002
   4.2857831814425387E-002
  -5.4198061241572552E-002
   6.2374325211338177E-002
   6.9644684314454960E-002
  -7.0361556621794885E-002
  -1.7881338464644587E-002
  -2.3422339671690971E-002
   4.8209655631482173E-003
   3.7133946101825827E-002
 -0.14716920991836679     
  -3.2298512593151647E-002
  -5.8135158960805999E-004
  -6.4829148288726324E-002
  -4.0882505882879144E-002
   4.8117446161464366E-003
   1.7429555498403426E-002
  -1.5267988206143519E-002
   6.6143989810214465E-002
  -3.3627822713620976E-002
   4.3355299857139344E-003
   9.6325378008954188E-002
  0.18222774420527360     
   1.2922889890905303E-002
   1.6779314520514808E-003
   7.0102158576998863E-002
 -0.10891532002134961     
  -4.4779347492614287E-002
  -4.1347785886356431E-002
   1.9158300390653377E-002
   5.3434420620052277E-003
   3.1939680412205039E-002
   4.2861131595455786E-002
  0.10698764927095300     
   6.9531099573277341E-002
   9.3130392079768282E-002
  -5.8404726892631396E-002
   8.4396408217409263E-002
  -4.7962461709818494E-002
   5.2257641714487393E-002
  0.17847078854543141     
  -2.7747732361034491E-002
  -5.4557982230911337E-002
   7.7307394527498602E-002
  -2.0159628058557541E-003
 -0.11576986031068326     
  -7.3230430371003769E-002
  -6.1334447870745663E-002
  0.17069146883548617     
  -2.0730766713734684E-002
   2.2272810061888890E-002
  -2.2932573800508203E-002
   4.5921381975909684E-002
   8.3056239040605426E-002
   4.8823070289589016E-002
  -2.1843704218376024E-002
   3.6046926385070274E-002
  -4.0056480078939576E-002
   2.7400091045748594E-002
   2.4708409805108498E-002
  -1.0377211810391800E-002
  0.10468451124894657     
  0.17578759965044066     
  -5.0032888792233041E-002
  -5.6259542957006706E-002
   1.1649872901525499E-002
  -8.0958030671263351E-002
   2.2649986640949735E-002
  -3.0860629140512935E-002
  -7.7766979176861040E-002
   6.0049211791699218E-002
   3.9186829773089529E-002
  -2.0506581406253624E-002
   1.6862806583469978E-002
   7.6997490399679194E-002
   7.1990927685367745E-002
  -8.7281109928788375E-002
   1.0545046010701452E-003
  -7.5678414281498468E-003
  -3.0127273439040964E-003
   7.1348280539973927E-002
  0.10258529667672134     
  -6.5388264584180927E-002
   5.4790539585208922E-002
  -2.3093245730872718E-002
  -5.9177118681000951E-002
  -3.2480088225831830E-002
  -3.2544561199347607E-002
  -2.6685227950382254E-002
  -3.0734517964715095E-002
 -0.10688881294647427     
   4.7294972441774122E-002
  0.19628423128611194     
  -4.3645124522133670E-002
  -2.7073048597324439E-002
 -0.11060016084606722     
  -5.1571033015011161E-002
   2.0161696893870002E-002
  -1.7128733238251440E-002
  -6.6726084235435912E-002
 -0.14340980377802620     
   5.5806535451187626E-002
   8.9132365336984168E-002
  -6.8857438977877369E-002
   4.6629584248632568E-002
  -2.7581010610326345E-002
   9.9411501061171442E-002
 -0.16612589858419380     
 -0.11171724969466157     
 -0.16263983707962135     
  -1.6716085533339007E-002
 -0.14680384634204838     
  -1.8067598778954370E-002
  -6.2158931792648413E-002
 -0.10346819653410290     
  -2.6411049285991337E-002
  -2.6863796764694175E-002
  0.11658337277888929     
  -6.7894893369886494E-002
   7.5501677601364572E-002
   9.7722188057517825E-002
   4.3753866026336706E-002
 -0.13818432144321655     
   3.0107507093510347E-002
   1.5141024414513916E-002
   3.6853141373012675E-002
  -6.6962494370834860E-002
  -1.8943607722150056E-002
  -7.0905239245574458E-002
  -4.9662882006017962E-002
   3.1441823933410003E-002
   1.5710036697970147E-002
  -4.4223611333530999E-003
 -0.23376845038751926     
   9.9702771002813745E-002
  -3.4091880201573228E-002
  0.11374207022496996     
  0.20572866257433531     
  -5.4868126546910173E-002
  -3.7165062875660647E-002
   3.0124677091060228E-002
  0.13037991201924709     
   8.8683807284166805E-002
  -5.3825933892373834E-003
   3.7842323366660123E-002
   5.6844059082664593E-002
  -5.2210866990585136E-002
  -6.9843416222263033E-002
 -0.12377983326619853     
 -0.14432309996066889     
   2.0528514730885784E-002
  -7.1414583940012530E-002
   5.3775027863854526E-002
  -2.8693003092367594E-003
  -1.8479245812440842E-002
   8.3900602203161215E-002
  -6.2212524972398937E-002
  -6.3582090154238852E-002
  -8.0450780842257333E-002
  -1.0225288317819267E-003
   2.3994115707014034E-002
 -0.11780584856302073     
 -0.18453395672641684     
  -5.0150807803457022E-002
   4.5146291808692431E-002
   2.5671786268467691E-002
  -7.8828648430310344E-002
 -0.11372569796362582     
  0.12040327532233580     
  0.13199933528509228     
   5.3871126732065344E-002
  -5.7633078205493959E-002
  -1.7275883757175026E-002
  0.10550215348548225     
  0.10392996388230859     
  -6.2801418849247823E-002
  -2.6027446018442493E-002
   1.5234012585963229E-002
  -4.0867998098781264E-002
  -6.4090710067253162E-003
  0.12196213916325935     
   7.9552637751252930E-002
  0.15269517374913760     
  0.14173409237292836     
 -0.10856833827731656     
   9.9448922443980209E-002
   9.4776075493800585E-002
  0.12637624395563643     
 -0.16194160030896299     
  -4.8174176581025928E-002
   8.8592955100041060E-002
  -3.0689908124646365E-002
   2.6462810856907479E-002
  -7.8515959977428010E-002
   1.8838994726486997E-002
   6.6095690943130572E-002
   5.6461998994328570E-002
 -0.19757690580229134     
  -4.7842549703403542E-002
 -0.12211155229956172     
  0.19856987826738268     
  -3.0014216130297415E-002
  -5.1345695099225645E-002
   5.8975538219427318E-002
   8.0706574804340930E-002
   2.6592765074540430E-002
 -0.27231398288677211     
 -0.21407153461308917     
  0.12870954407855853     
  -6.4393346151457448E-002
 -0.19592959384663566     
  0.11375253643921819     
   6.4732209320656944E-002
   1.4527205769766301E-002
   8.6011284262912435E-002
 -0.34726853741465774     
  -1.0209769943769913E-002
  -9.0956943880251481E-002
   5.7544164230667889E-002
   2.8352668559058259E-002
   6.8424960962993484E-002
  0.11279181807505799     
  0.18799900637600334     
   1.7369805927042736E-002
   1.9031342640956756E-002
  -4.2697789178356094E-002
   5.7131274477429342E-002
  0.11007836389092225     
 -0.36317390301773811     
  0.24925799325551523     
   1.0188548605620480E-002
   9.8773944484467115E-003
  0.12423993247515319     
   8.3695117818328821E-002
  0.16131446569618826     
  0.18292882179140457     
  0.19693831216612548     
  -2.3558838921678912E-002
  0.28095005385825950     
  0.30535353017764150     
  -2.4107226492810510E-002
 -0.12807523395869169     
 -0.10068249243315139     
  0.24589804000907348     
  -3.9650404808773331E-003
 -0.31554813586929681     
 -0.24347309982978993     
   4.7725270157529930E-003
  0.47107753963115262     
 -0.11896846019149525     
  -6.7350788125076180E-002
  -1.4087162376507378E-002
  -8.1945421096220092E-002
 -0.17925248300443380     
  0.16094987377434505     
 -0.48934188629989472     
   5.2296698933773617E-002
   6.8163724986332608E-002
 -0.16774027560788396     
 -0.15182905787188319     
  -6.8671602665782608E-002
 -0.26446627806041528     
  0.29066970227861277     
 -0.57842538687184220     
   9.4018590748834882E-002
   4.9167653701326544E-002
   8.2959968932195260E-002
  0.38702082943869787     
 -0.90752789223322339     
  0.49199279764299420     
  -9.6307754437421518E-003
  0.23948797827396251     
   7.1033197170597306E-002
 -0.33008042661260456     
  0.10625306901159817     
  0.35137495103198457     
   8.8191610088731678E-002
 -0.29888857808625352     
   9.3225386382127989E-002
  0.19826373313310527     
   5.7050177947031835E-002
