  0.19000108152322848     
  0.18308164051943165     
  0.16245844885633687     
  0.16086339765821911     
  0.16681328004933285     
  0.16320283471217034     
  0.18001858748217500     
  0.17370532247461168     
  0.17644540923848734     
  0.17109562220167873     
  0.17764144779107652     
  0.17571878695685220     
  0.16851828268151386     
  0.17753713142880692     
  0.20070727389132403     
  0.18539268303351411     
  0.18995511715540087     
  0.18636661573978142     
  0.19863407350855963     
  0.20923687360944482     
  0.17456183816493998     
  0.18810137147164926     
  0.18769259014811723     
  0.16935800390700317     
  0.18970185851033436     
  0.17228035981284939     
  0.18817285057191194     
  0.19510828695317631     
  0.17742062702798023     
  0.18765150748722376     
  0.19506160286068255     
  0.18328476573361580     
  0.17009526733378977     
  0.17008375812242851     
  0.16177904803933063     
  0.18027961618060032     
  0.17744608641768947     
  0.18507997830080125     
  0.18444340186712202     
  0.18309834676166226     
  0.18335548387305342     
  0.19726282754676464     
  0.19152770767789293     
  0.18023567418896427     
  0.18346149440014720     
  0.18812661345941242     
  0.18153059898620114     
  0.18630487842846824     
  0.17442379765121760     
  0.18345438788136403     
  0.19102666901386275     
  0.16753358138473864     
  0.18658362614903901     
  0.16763048633350675     
  0.20657413287089396     
  0.19383206747700737     
  0.18501229194998492     
  0.18590805771894173     
  0.18388318282887103     
  0.16966324483647441     
  0.19723671103644794     
  0.20018645289368828     
  0.17986884184009611     
  0.19788107759405024     
  0.19805293766588852     
  0.18782217934355608     
  0.16306621331047758     
  0.17503140351244253     
  0.20272709969361608     
  0.18111609074304599     
  0.19404912737034810     
  0.18397047134154321     
  0.17993785050961306     
  0.17423627396505631     
  0.18336436131234085     
  0.18562484663908418     
  0.19948205263668348     
  0.19530917817860971     
  0.18493713591804781     
  0.18464403124628770     
  0.18599011607002489     
  0.18661716832019939     
  0.19331145634005253     
  0.19320402811421758     
  0.14232754178661866     
  0.19696769705600128     
  0.18846213798924757     
  0.18180648127160762     
  0.17460433593332084     
  0.17802462057298271     
  0.19549883971043705     
  0.19100996368298256     
  0.18624057630538302     
  0.19410335829656258     
  0.19930196120084109     
  0.17880199929185073     
  0.19191829638654870     
  0.18458356464207595     
  0.20347352201465518     
  0.19367890842481203     
