   1.0000000000000000     
  0.32991233912975043     
  0.18847569584273374     
   9.1408718470337672E-002
   6.2003535090036449E-002
  -3.6746496430215400E-003
   7.5038081784006769E-003
  -6.2073105335572372E-002
  -1.3757168565197798E-002
  -2.1544236327727544E-002
  -3.5449659509020445E-002
  -1.2888313583684880E-002
  -1.8425601148432419E-002
  -9.8047460301888087E-002
  -6.2515927170897129E-002
  -3.1269432497913155E-002
  -8.9669113090448893E-002
  -2.2743739740204258E-002
   4.6227856737344190E-002
  0.10275661194541834     
  0.11153514901262085     
   6.2265781064107989E-002
  -6.2444135463910033E-002
  -6.9200473743737931E-002
  -6.0447143420220804E-002
  -2.5747814913966105E-002
  -6.0936547652991363E-002
   6.3289286091135877E-002
  -6.1874575683504261E-003
   5.1209005415877445E-002
   2.3556916918996362E-002
   9.2783064146768554E-002
   5.9933678073139381E-002
  -1.8832194568278265E-002
  -7.6917260789149192E-002
  -1.2142112684517807E-002
  -7.8834284320168976E-003
   6.6324158052885164E-003
   4.2545128083167683E-002
   8.5353337145642527E-002
   4.3900778276252120E-002
   4.3225412567909079E-002
   1.4803602497281026E-002
  -3.6051939845470090E-003
   1.6456779119191818E-003
  -1.8170212922360252E-002
   1.6360359790525399E-003
   7.6437968592397145E-003
  -1.9628250262010160E-002
   2.6650928952952339E-002
   6.4905319858068689E-002
   3.5733824277248950E-002
  -6.8050218299189016E-002
  -4.8969131332530509E-002
  -5.4387681547295404E-002
   6.7662419086569701E-003
   5.8215729827872507E-002
   6.3851880346016562E-002
  0.11340744345397656     
  0.12004507546305464     
  -2.2673946941019291E-002
  -7.0476827413629609E-002
  -4.9803795751879050E-002
 -0.10538160492282857     
 -0.13947382713422421     
 -0.14604385307148751     
  -9.7589669368540202E-002
  -6.0435639371239899E-002
   1.0915155950634746E-002
  -3.5968433016097451E-002
   4.0156856312165611E-002
   3.7871440909023196E-002
  -1.2494464480172036E-002
   3.9071085304350550E-002
   3.9063719216530422E-002
   7.1326541481688113E-002
  0.11569057473995704     
  0.16551279788618570     
   8.2343473825153099E-002
   4.2552971272957298E-002
   2.5286806574771826E-002
  -1.4474594874500882E-002
   3.7498354475905361E-002
   1.8180971133976920E-002
  -7.8288261696739525E-002
  -4.5903550227840186E-002
   9.3275466654213820E-003
   2.4466284285054443E-002
   5.8326865167763212E-002
  -9.4434674574840377E-004
   5.2118338457668709E-002
   3.7503368947306305E-002
  -2.6631059478131457E-002
  -4.6809297138704457E-002
  -4.5837154853094746E-002
  -3.0931791705852790E-002
  -8.0651149667957875E-002
  -2.1526376726754930E-002
  -1.4015071575836638E-002
  -2.8103636290520522E-002
   1.9548078122887457E-002
  -1.2868604290122806E-002
   1.6049131309760399E-002
  -1.9184192926652160E-002
  -5.3457145708155844E-002
  -5.6986067350699554E-002
   6.8071235680174213E-003
  -2.5476415977744877E-002
  -4.3171421881245215E-003
   3.8721211993621919E-002
   1.9271810607567927E-002
  -2.7695579924579491E-002
   9.6025696840799351E-003
  -1.1757738509200057E-002
   1.2951788295879649E-002
   4.0333543116164501E-002
   7.2922927228404114E-002
   7.6032178815624796E-002
   5.5016367893842975E-002
   3.1199183776958267E-002
  -2.8775952615567292E-002
   1.2675314029046767E-002
  -1.7018504512494849E-002
  -3.0346574694352296E-002
   1.1588392378839789E-002
  -6.1281079737365185E-002
  -4.6664957719299717E-002
  -2.0224018231940824E-002
  -2.4852631282295881E-002
  -2.0274626535755468E-002
   2.0293520064001376E-002
   8.9365680562741301E-003
   3.9804657357139686E-002
   7.4755258353957549E-002
   7.5120277255023835E-002
   3.7505048563221489E-002
   9.4491713135221325E-002
   5.1014216368920708E-002
  -3.2266499570249713E-002
  -8.9008420969239263E-003
  -1.6225451753094082E-002
   5.1485889191090040E-002
  -3.3847834749003540E-002
  -3.7736136170658068E-002
  -9.0782071068833209E-002
  -2.8456967901902441E-002
  -8.9342922038302852E-002
  -2.5348152316724923E-002
  -3.6535141972183133E-002
   1.8282798355725449E-002
   2.8547466570393757E-002
   5.9585850102581474E-002
   5.4214435046375249E-002
   7.1418666493004934E-002
  -1.2369508520150899E-002
  -8.3990014137769291E-003
   7.7946247435497487E-003
   6.1457814588379159E-003
  -5.5134547846541981E-002
   2.5491318364023321E-002
   5.4063220722214672E-002
   6.2035498525528338E-002
   3.0712083872778958E-002
   7.4817823509788816E-003
   1.6248004837618263E-002
   5.3562639600253656E-003
  -2.6510999091189206E-002
  -6.8365068833857812E-003
   5.7215719925088207E-004
  -6.8662880963852604E-002
  -1.5796790143014737E-002
   1.6842013168086319E-002
   4.0068301906624380E-002
   1.2118814693340885E-002
  -3.4592760152167405E-003
  -7.8193520812993370E-002
 -0.11013521914437727     
  -9.4553244594637167E-002
  -7.8086081305776225E-002
  -6.4858406385274819E-002
  -1.8359718375210440E-002
  -5.1355002620287242E-002
  -5.6308006722702378E-002
  -4.3345422616766091E-002
  -8.9622928467828780E-002
 -0.11090685328179870     
  -6.8487341033030794E-002
  -8.2864347887993045E-002
  -8.6248768399304773E-002
  -4.0245057160697123E-002
   2.1325411672423980E-002
  0.10508044318437214     
  0.13547433699425987     
   6.0322818423931619E-002
   5.7579779340361632E-002
  -1.8680362529648348E-002
  -4.9399459703274987E-002
 -0.13312932072157216     
  -3.1265986818129435E-002
  -1.4599627728269499E-002
   8.4091283390802987E-003
  -6.4369050817347853E-002
  -3.0243919865129754E-002
  -4.2348678813747410E-002
  -6.4501069361109456E-002
 -0.11166595770196930     
  -3.6845398680756404E-002
   2.6422204697315777E-003
  -3.3345944950792974E-002
   3.8768258083321495E-002
   6.6924303061911924E-002
  0.10584642890028161     
   1.4951521950670186E-002
  -3.3376798105225675E-002
  -6.3816286870357827E-002
 -0.10752725449074074     
 -0.10759249485615527     
  -2.8689210224991334E-002
   3.6778956171602172E-002
   2.6656920356611432E-002
  -2.6714212789104028E-003
  -1.9100668977394847E-002
  -2.2302019367420302E-002
   3.1611422746339837E-002
  -3.3063957513273942E-002
  -8.2114732372703225E-002
  -4.0249976440386658E-002
   3.9209545306495867E-003
   1.0329328276177597E-002
   7.1127896003414320E-002
   8.7520766021126184E-002
  0.13061555619578830     
   7.6983377604322945E-002
   3.2233161033991833E-002
  -1.9902299550286998E-002
  -7.0117354824303355E-002
  -2.4470819253949842E-002
  -3.8361656644610247E-003
   5.6340117659891130E-002
   3.3183068964732859E-002
   5.4965071236049139E-003
  -3.8116745381621325E-002
   1.4595658165428783E-002
  -5.0318266747935901E-002
 -0.13063052154618360     
 -0.12122388920977595     
 -0.13123556195928998     
  -3.1090476699586221E-002
   5.5102814851276409E-003
   6.1241837896598011E-002
  0.10331371475519056     
   6.1241837896597921E-002
   5.5102814851276287E-003
  -3.1090476699586211E-002
 -0.13123556195928995     
 -0.12122388920977578     
 -0.13063052154618368     
  -5.0318266747935929E-002
   1.4595658165428753E-002
  -3.8116745381621360E-002
   5.4965071236048550E-003
   3.3183068964732762E-002
   5.6340117659891081E-002
  -3.8361656644610525E-003
  -2.4470819253949866E-002
  -7.0117354824303355E-002
  -1.9902299550286981E-002
   3.2233161033991861E-002
   7.6983377604323014E-002
  0.13061555619578843     
   8.7520766021126239E-002
   7.1127896003414307E-002
   1.0329328276177599E-002
   3.9209545306495711E-003
  -4.0249976440386616E-002
  -8.2114732372703170E-002
  -3.3063957513273866E-002
   3.1611422746339851E-002
  -2.2302019367420323E-002
  -1.9100668977394836E-002
  -2.6714212789104306E-003
   2.6656920356611418E-002
   3.6778956171602199E-002
  -2.8689210224991386E-002
 -0.10759249485615527     
 -0.10752725449074051     
  -6.3816286870357883E-002
  -3.3376798105225716E-002
   1.4951521950670090E-002
  0.10584642890028170     
   6.6924303061912049E-002
   3.8768258083321502E-002
  -3.3345944950793002E-002
   2.6422204697315274E-003
  -3.6845398680756383E-002
 -0.11166595770196933     
  -6.4501069361109442E-002
  -4.2348678813747404E-002
  -3.0243919865129785E-002
  -6.4369050817347798E-002
   8.4091283390802692E-003
  -1.4599627728269482E-002
  -3.1265986818129414E-002
 -0.13312932072157216     
  -4.9399459703274966E-002
  -1.8680362529648390E-002
   5.7579779340361681E-002
   6.0322818423931571E-002
  0.13547433699425973     
  0.10508044318437215     
   2.1325411672423994E-002
  -4.0245057160697185E-002
  -8.6248768399304815E-002
  -8.2864347887993087E-002
  -6.8487341033030863E-002
 -0.11090685328179882     
  -8.9622928467828711E-002
  -4.3345422616766126E-002
  -5.6308006722702364E-002
  -5.1355002620287214E-002
  -1.8359718375210429E-002
  -6.4858406385274736E-002
  -7.8086081305776198E-002
  -9.4553244594637084E-002
 -0.11013521914437716     
  -7.8193520812993481E-002
  -3.4592760152168125E-003
   1.2118814693340882E-002
   4.0068301906624401E-002
   1.6842013168086308E-002
  -1.5796790143014685E-002
  -6.8662880963852507E-002
   5.7215719925088175E-004
  -6.8365068833858090E-003
  -2.6510999091189230E-002
   5.3562639600253266E-003
   1.6248004837618273E-002
   7.4817823509788902E-003
   3.0712083872778923E-002
   6.2035498525528344E-002
   5.4063220722214644E-002
   2.5491318364023349E-002
  -5.5134547846541912E-002
   6.1457814588379393E-003
   7.7946247435497374E-003
  -8.3990014137769273E-003
  -1.2369508520150903E-002
   7.1418666493004893E-002
   5.4214435046375319E-002
   5.9585850102581529E-002
   2.8547466570393722E-002
   1.8282798355725396E-002
  -3.6535141972183077E-002
  -2.5348152316724933E-002
  -8.9342922038302949E-002
  -2.8456967901902441E-002
  -9.0782071068833237E-002
  -3.7736136170658102E-002
  -3.3847834749003547E-002
   5.1485889191089998E-002
  -1.6225451753094082E-002
  -8.9008420969239142E-003
  -3.2266499570249713E-002
   5.1014216368920673E-002
   9.4491713135221353E-002
   3.7505048563221503E-002
   7.5120277255023876E-002
   7.4755258353957493E-002
   3.9804657357139714E-002
   8.9365680562741440E-003
   2.0293520064001383E-002
  -2.0274626535755496E-002
  -2.4852631282295895E-002
  -2.0224018231940796E-002
  -4.6664957719299724E-002
  -6.1281079737365164E-002
   1.1588392378839801E-002
  -3.0346574694352375E-002
  -1.7018504512494852E-002
   1.2675314029046736E-002
  -2.8775952615567292E-002
   3.1199183776958291E-002
   5.5016367893843017E-002
   7.6032178815624768E-002
   7.2922927228404141E-002
   4.0333543116164501E-002
   1.2951788295879643E-002
  -1.1757738509200040E-002
   9.6025696840799420E-003
  -2.7695579924579546E-002
   1.9271810607567934E-002
   3.8721211993621968E-002
  -4.3171421881245389E-003
  -2.5476415977744835E-002
   6.8071235680173944E-003
  -5.6986067350699721E-002
  -5.3457145708155983E-002
  -1.9184192926652133E-002
   1.6049131309760416E-002
  -1.2868604290122838E-002
   1.9548078122887422E-002
  -2.8103636290520463E-002
  -1.4015071575836615E-002
  -2.1526376726754965E-002
  -8.0651149667957861E-002
  -3.0931791705852814E-002
  -4.5837154853094739E-002
  -4.6809297138704437E-002
  -2.6631059478131502E-002
   3.7503368947306256E-002
   5.2118338457668757E-002
  -9.4434674574839759E-004
   5.8326865167763121E-002
   2.4466284285054478E-002
   9.3275466654213681E-003
  -4.5903550227840241E-002
  -7.8288261696739553E-002
   1.8180971133976927E-002
   3.7498354475905417E-002
  -1.4474594874500868E-002
   2.5286806574771798E-002
   4.2552971272957298E-002
   8.2343473825153127E-002
  0.16551279788618570     
  0.11569057473995704     
   7.1326541481688141E-002
   3.9063719216530422E-002
   3.9071085304350557E-002
  -1.2494464480172024E-002
   3.7871440909023231E-002
   4.0156856312165611E-002
  -3.5968433016097465E-002
   1.0915155950634751E-002
  -6.0435639371239920E-002
  -9.7589669368540397E-002
 -0.14604385307148748     
 -0.13947382713422429     
 -0.10538160492282866     
  -4.9803795751879043E-002
  -7.0476827413629650E-002
  -2.2673946941019291E-002
  0.12004507546305467     
  0.11340744345397669     
   6.3851880346016590E-002
   5.8215729827872542E-002
   6.7662419086569978E-003
  -5.4387681547295404E-002
  -4.8969131332530495E-002
  -6.8050218299188989E-002
   3.5733824277248923E-002
   6.4905319858068689E-002
   2.6650928952952364E-002
  -1.9628250262010188E-002
   7.6437968592397362E-003
   1.6360359790525238E-003
  -1.8170212922360259E-002
   1.6456779119190955E-003
  -3.6051939845469856E-003
   1.4803602497281014E-002
   4.3225412567909093E-002
   4.3900778276252141E-002
   8.5353337145642527E-002
   4.2545128083167627E-002
   6.6324158052885702E-003
  -7.8834284320168594E-003
  -1.2142112684517781E-002
  -7.6917260789149261E-002
  -1.8832194568278254E-002
   5.9933678073139381E-002
   9.2783064146768554E-002
   2.3556916918996348E-002
   5.1209005415877418E-002
  -6.1874575683503776E-003
   6.3289286091135849E-002
  -6.0936547652991328E-002
  -2.5747814913966108E-002
  -6.0447143420220763E-002
  -6.9200473743737917E-002
  -6.2444135463910012E-002
   6.2265781064107975E-002
  0.11153514901262085     
  0.10275661194541826     
   4.6227856737344232E-002
  -2.2743739740204261E-002
  -8.9669113090448838E-002
  -3.1269432497913210E-002
  -6.2515927170897101E-002
  -9.8047460301888018E-002
  -1.8425601148432419E-002
  -1.2888313583684894E-002
  -3.5449659509020411E-002
  -2.1544236327727510E-002
  -1.3757168565197804E-002
  -6.2073105335572407E-002
   7.5038081784006829E-003
  -3.6746496430215395E-003
   6.2003535090036442E-002
   9.1408718470337685E-002
  0.18847569584273377     
  0.32991233912975043     
