   1.0000000000000000     
  0.43368626111310243     
  0.17890921683407907     
  0.12409830952320303     
  0.17278703920622845     
  0.23459411327651516     
  0.17869836575147116     
  0.12949656834083884     
   3.9758258431916646E-002
   3.9789129681102174E-002
  -6.3312196654412192E-002
  -8.7571966725515010E-002
   6.5686794027778855E-002
  0.12467398634376506     
   8.4906979028801927E-003
  -8.6645573704725948E-002
 -0.20639653265745564     
  -4.6453969420210225E-002
   1.5638521895700870E-002
  -9.0948537430497300E-002
 -0.22025516108007820     
 -0.12193683015554237     
 -0.16337712247308989     
 -0.12795574503195606     
  -7.5570302925244873E-002
  -9.0781698455402987E-002
  -2.8707249334050472E-002
  -4.8385708769799841E-002
 -0.12635392620388955     
 -0.20505159918178059     
  -6.0029799173431625E-002
  -8.8411196269808751E-004
   5.1505850593192029E-002
  -4.3241399143157236E-002
 -0.11233124108338037     
 -0.14208328628076089     
   2.5203970243671884E-002
   6.7436783210725978E-002
   9.2013010631088091E-002
 -0.10543133167404478     
 -0.13598888429620112     
  -8.5624185750011780E-002
 -0.10426935793635728     
  -3.4708771823036083E-002
  -3.9232037562323824E-003
   8.6331960587444051E-002
 -0.10403174371797533     
 -0.11293879582015991     
  -7.7078928466216615E-004
  0.12914536898219614     
  0.27603363065771963     
  0.12914536898219606     
  -7.7078928466220594E-004
 -0.11293879582015993     
 -0.10403174371797537     
   8.6331960587444023E-002
  -3.9232037562323633E-003
  -3.4708771823036062E-002
 -0.10426935793635730     
  -8.5624185750011739E-002
 -0.13598888429620107     
 -0.10543133167404484     
   9.2013010631088119E-002
   6.7436783210725978E-002
   2.5203970243671853E-002
 -0.14208328628076092     
 -0.11233124108338038     
  -4.3241399143157257E-002
   5.1505850593192008E-002
  -8.8411196269815810E-004
  -6.0029799173431604E-002
 -0.20505159918178065     
 -0.12635392620388958     
  -4.8385708769799800E-002
  -2.8707249334050462E-002
  -9.0781698455403029E-002
  -7.5570302925244914E-002
 -0.12795574503195606     
 -0.16337712247308986     
 -0.12193683015554237     
 -0.22025516108007812     
  -9.0948537430497273E-002
   1.5638521895700853E-002
  -4.6453969420210177E-002
 -0.20639653265745564     
  -8.6645573704725989E-002
   8.4906979028801666E-003
  0.12467398634376509     
   6.5686794027778855E-002
  -8.7571966725515052E-002
  -6.3312196654412234E-002
   3.9789129681102139E-002
   3.9758258431916618E-002
  0.12949656834083886     
  0.17869836575147116     
  0.23459411327651522     
  0.17278703920622845     
  0.12409830952320303     
  0.17890921683407907     
  0.43368626111310254     
