   1.0000000000000000     
 -0.14000500404026639     
   7.4639306767644534E-002
   5.4869138892586350E-002
  -7.5359656018576096E-002
   7.0548554581834858E-002
   3.2610754761149244E-003
   3.0371405094030971E-002
   9.3345410931758965E-002
   1.0201869590626318E-002
  -3.3340391026037010E-002
   4.5761077809476532E-002
   3.3864491754423347E-002
  -3.4155489792462898E-002
 -0.12137156899039689     
  -5.4917127156547674E-003
   5.2643673930463923E-002
   2.9442517377841728E-002
  -3.4055938213379856E-002
  -6.4342171789872393E-002
  0.12004702345396387     
  -1.2703433744520213E-002
  -4.3376214518699892E-002
  0.13460505695585140     
 -0.12062809938958169     
  -1.5287068247069767E-002
 -0.23790649912585873     
   3.4940209565060311E-002
 -0.10897846511964898     
  -5.3486691933147860E-002
   8.4242550518519813E-003
  -7.8453200053912441E-003
  -7.1495844566246622E-002
   3.5208510186255024E-003
 -0.13280351435563839     
 -0.16939697195245609     
   1.3023634116133263E-003
 -0.12091228270006578     
  0.13485457647504984     
  0.13037859374318392     
  -1.8041189495524409E-002
   1.9490051391676103E-002
   6.4421301777521187E-002
  -7.9023702816343799E-002
   6.3944676568554321E-002
  -6.9241742197978795E-002
  -4.5098980423024640E-002
   1.9626746472768807E-002
  -2.7056898747258216E-003
  -5.0269683179838143E-003
  0.17515276655605949     
  -5.0269683179838265E-003
  -2.7056898747258315E-003
   1.9626746472768800E-002
  -4.5098980423024647E-002
  -6.9241742197978809E-002
   6.3944676568554334E-002
  -7.9023702816343758E-002
   6.4421301777521200E-002
   1.9490051391676064E-002
  -1.8041189495524405E-002
  0.13037859374318389     
  0.13485457647504989     
 -0.12091228270006579     
   1.3023634116133120E-003
 -0.16939697195245609     
 -0.13280351435563834     
   3.5208510186254785E-003
  -7.1495844566246608E-002
  -7.8453200053912216E-003
   8.4242550518519657E-003
  -5.3486691933147833E-002
 -0.10897846511964895     
   3.4940209565060304E-002
 -0.23790649912585879     
  -1.5287068247069751E-002
 -0.12062809938958169     
  0.13460505695585140     
  -4.3376214518699899E-002
  -1.2703433744520263E-002
  0.12004702345396381     
  -6.4342171789872393E-002
  -3.4055938213379856E-002
   2.9442517377841721E-002
   5.2643673930463944E-002
  -5.4917127156547431E-003
 -0.12137156899039687     
  -3.4155489792462891E-002
   3.3864491754423361E-002
   4.5761077809476587E-002
  -3.3340391026036996E-002
   1.0201869590626326E-002
   9.3345410931758951E-002
   3.0371405094030985E-002
   3.2610754761149036E-003
   7.0548554581834844E-002
  -7.5359656018576124E-002
   5.4869138892586357E-002
   7.4639306767644534E-002
 -0.14000500404026639     
