   1.0398519580864189E-002
   1.9386112613855987E-002
   9.0473322945292308E-003
  -7.4573136158431579E-004
   6.7971007930379612E-003
   1.4638791361042685E-002
   1.6706986831536250E-002
  -7.5658207798916539E-003
  -4.9141322941746689E-003
   3.6100047816651983E-003
   1.6494451787318783E-002
   2.6636290234227689E-002
   1.5287950084881485E-002
   4.5374841899673704E-003
   1.2939168521044023E-002
  -3.2935095263400076E-003
   2.5779521654616042E-002
   2.6621289686519752E-003
  -1.8654566158489007E-003
   1.7787197768040386E-002
   1.4377133064372771E-002
  -1.0583510664605869E-002
  -1.6817985700491030E-002
   7.1437103797489425E-003
   2.2613349786716332E-002
   8.9850491789325252E-003
   6.2634693640829164E-003
  -1.7053218151490458E-002
   3.3332107138779677E-003
   1.6615725187280730E-002
  -1.1612003476953528E-003
   4.0241431996259607E-003
   9.4448336834830251E-003
   2.1494736144809096E-003
  -1.4151925380228518E-002
   1.9097288589612000E-003
   3.0770872400729013E-003
   4.2636167824666683E-003
   3.5092956965647987E-002
   3.1914369329659201E-002
  -9.4036952686243197E-004
   4.6332650556835274E-003
   1.4597859178365091E-002
   9.8878622945534345E-003
   1.9479598093701103E-002
  -5.9224893930799423E-003
   3.8776176448275788E-003
  -3.6876652481177916E-003
  -4.1146636424299731E-003
   8.0899024792793657E-003
   3.8306182537862577E-003
  -6.0420409714287016E-003
   2.6225519058293126E-002
   1.1669268956851785E-002
   8.0280039473563901E-003
   2.3854092769562955E-002
   1.4014063646619498E-002
   8.6754309080481814E-003
   7.9260934991440459E-003
   4.8095093261779995E-003
  -2.9958316712264048E-003
   1.4625283974153575E-002
   7.7680966014085051E-005
  -1.1755354273086464E-002
   9.1525135883373816E-003
  -7.6894580540727104E-003
   1.2856781408262926E-002
  -7.6513321585432105E-004
   3.4338626959439446E-003
   1.4966782304341073E-002
   9.1972283900614172E-003
  -4.9214175620485273E-004
  -3.8826797064665085E-003
  -1.9332088551253724E-002
  -8.7736604017690824E-003
  -1.8081823305338364E-003
   6.0582939214581816E-003
   7.1915938469551610E-003
  -1.2835475897643474E-002
   1.3149200010634894E-002
   8.5241431330629249E-003
   1.2989236007474128E-002
   2.1600906412866491E-002
   1.1712225008548252E-002
   2.4603746228350275E-003
   7.4769980145649980E-003
  -1.2633446432494181E-002
  -3.7796389117622049E-003
   1.0734021716844119E-002
  -7.5531991256303941E-003
   1.4565222420475238E-003
  -1.6505690537617942E-003
  -8.8343053302138378E-003
  -1.6042315694767568E-003
  -3.0620973579528207E-004
   4.6824100939521418E-003
   1.6743520729616053E-002
   1.4761759478309909E-003
  -8.9310227221914475E-003
   1.6905882179186201E-002
