   1.0000000000000000     
  0.11040499152893968     
 -0.11309115657631286     
  -5.7926910523233920E-002
  0.14519673918485596     
   5.7695225484490374E-002
   2.5866621589930555E-002
 -0.14923862642457505     
 -0.10661692941237001     
   2.0540920486253937E-002
  -5.4918152654588173E-002
 -0.10442428646914174     
 -0.12085352153886014     
   6.1569989289780011E-002
   7.2101045635020317E-002
  -1.7707195511404407E-002
 -0.12236008292830450     
   3.1890530375741299E-002
   9.0700524897323553E-002
 -0.12274692380818868     
   2.9437534185133830E-002
  -6.2165243723267621E-002
  -5.9722729775380831E-002
  -2.5122773198745438E-002
  -9.3086262418546686E-002
 -0.23033037006739016     
  -3.3015446323651568E-002
  0.14714566612744884     
  -1.6059365031691291E-002
  -5.1787724382558464E-004
  -9.7634323201900006E-002
  -4.2918065002344255E-003
  0.12105143963686577     
   6.2285766497362172E-002
   1.5715112436661257E-003
   2.1492847805209877E-002
   4.4005968398341026E-002
  -4.4401026986775366E-002
  0.10735971717367081     
 -0.15964874182719560     
   7.0038042408405886E-003
  0.12692959640982487     
  0.14052109107786570     
 -0.20854519459816603     
  -5.8968003932110685E-003
  0.16728994701164962     
   2.3156826124956013E-002
   1.6735916941772026E-003
 -0.12138311361512710     
   1.7767085611736456E-003
   2.6072512183133119E-002
   1.7767085611736565E-003
 -0.12138311361512717     
   1.6735916941772293E-003
   2.3156826124956047E-002
  0.16728994701164954     
  -5.8968003932110737E-003
 -0.20854519459816609     
  0.14052109107786567     
  0.12692959640982493     
   7.0038042408405938E-003
 -0.15964874182719574     
  0.10735971717367088     
  -4.4401026986775352E-002
   4.4005968398341040E-002
   2.1492847805209891E-002
   1.5715112436661366E-003
   6.2285766497362130E-002
  0.12105143963686575     
  -4.2918065002344359E-003
  -9.7634323201900047E-002
  -5.1787724382561446E-004
  -1.6059365031691301E-002
  0.14714566612744892     
  -3.3015446323651616E-002
 -0.23033037006739021     
  -9.3086262418546631E-002
  -2.5122773198745525E-002
  -5.9722729775380887E-002
  -6.2165243723267642E-002
   2.9437534185133819E-002
 -0.12274692380818866     
   9.0700524897323609E-002
   3.1890530375741293E-002
 -0.12236008292830451     
  -1.7707195511404410E-002
   7.2101045635020289E-002
   6.1569989289780011E-002
 -0.12085352153886024     
 -0.10442428646914170     
  -5.4918152654588215E-002
   2.0540920486253944E-002
 -0.10661692941237005     
 -0.14923862642457511     
   2.5866621589930541E-002
   5.7695225484490416E-002
  0.14519673918485607     
  -5.7926910523233947E-002
 -0.11309115657631276     
  0.11040499152893971     
