  0.70294261665559199     
  0.69378269921479696     
  0.71016861979615831     
  0.70279395358553365     
  0.68956185285843619     
  0.70598204751097038     
  0.69959293240595144     
  0.70163523479205758     
  0.69063254667161389     
  0.70070656886322080     
  0.70359821638897135     
  0.69502386868665378     
  0.71413038514488236     
  0.70713825145276976     
  0.71980351802700782     
  0.69856488362620239     
  0.70002780218234784     
  0.68690814804876399     
  0.69369728733019220     
  0.68865531643352107     
  0.70460633813665885     
  0.69878701502083329     
  0.71511986349294598     
  0.70614123711008836     
  0.69667557735930330     
  0.71519219450544891     
  0.70743280937397524     
  0.69598188451515242     
  0.68767819664638785     
  0.68481844443444073     
  0.68646339909915643     
  0.69179976600235804     
  0.68639427697096267     
  0.70251608535314658     
  0.69531993498935729     
  0.69531775773404791     
  0.68739451329516776     
  0.67865191724394747     
  0.67319779360545262     
  0.68830330665875394     
  0.70652476586512680     
  0.70454250776462068     
  0.69149290258188667     
  0.69712276745937740     
  0.68189864089094454     
  0.68880917586714308     
  0.67383920905016881     
  0.68760589850664966     
  0.68128713995993750     
  0.69585223912895211     
  0.69216449548956849     
  0.69334428650847735     
  0.69823710814647288     
  0.69326511743501917     
  0.69103754272805029     
  0.69251167798899094     
  0.69538794585714780     
  0.70254463214528662     
  0.71210588013322018     
  0.69549452470863649     
  0.71058223543670285     
  0.69917936680756987     
  0.69269359916496409     
  0.70369585177996508     
  0.69841327880013460     
  0.70273951408098101     
  0.68885950162625065     
  0.68849175497340265     
  0.71914632330385531     
  0.71069781041293179     
  0.69862114076786574     
  0.70023381935481932     
  0.70008021139210763     
  0.70513466499490629     
  0.68071075361547062     
  0.69978133551456279     
  0.70917876255264445     
  0.68458520053508531     
  0.67526069438210756     
  0.70344829672764064     
  0.70667448686810341     
  0.68986117302502314     
  0.68628864220920294     
  0.70524485313388707     
  0.69986316442469820     
  0.69962968760282707     
  0.68976458901147053     
  0.69416123313388978     
  0.71009301367148547     
  0.69958860544417589     
  0.69144067104316576     
  0.69086779238905627     
  0.69843690828466309     
  0.69965130645259954     
  0.69203446301935567     
  0.68794311575833511     
  0.70226606531512092     
  0.69502221291804400     
  0.69460045812723159     
  0.70510757342744990     
  0.70102832988956376     
  0.69916451718819517     
  0.71238830875745640     
  0.71833675799054997     
  0.68966260209627506     
  0.68544360882332789     
  0.68238995369989242     
  0.70612811976793666     
  0.70019057122487960     
  0.70124608745668737     
  0.69678058272433874     
  0.71009409874242968     
  0.68648454664286174     
  0.70021418016205972     
  0.69373134573532713     
  0.70700080526855635     
  0.70464229157072134     
  0.71077724656801644     
  0.70570047971463479     
  0.70690860546288714     
  0.69587246275168679     
  0.70173720978596466     
  0.68462814955115348     
  0.69163711078110202     
  0.70131201545053534     
  0.67990387917818162     
  0.68966981400565308     
  0.69848194757684445     
  0.71583102357171879     
  0.70764396741021873     
  0.69055621095146014     
  0.69309635271249981     
  0.69990290503556629     
  0.69884032112233851     
  0.69482990600349925     
  0.70124272498740914     
  0.69151605913722081     
  0.70422199701463084     
  0.70176853846135401     
  0.71630770936841148     
  0.71086093128826700     
  0.71334554862845345     
  0.69845499710301995     
  0.68489289755683813     
  0.71034981459221502     
  0.70508757191586302     
  0.71359748169201109     
  0.71063341732449214     
  0.70691277064006741     
  0.70884709270090440     
  0.71576290863417757     
  0.70529147748042531     
  0.70799041859933742     
  0.69623520533111127     
  0.70235502859855592     
  0.68283904105075255     
  0.69122862103548111     
  0.67911863220844260     
  0.69795264139724467     
  0.69762613139215024     
  0.71345112564376501     
  0.71261359424396054     
  0.70813619610735357     
  0.71662257220176473     
  0.70190370406161318     
  0.70467157966639860     
  0.68906343186978281     
  0.69863253764494659     
  0.69934696092108040     
  0.69714886950663979     
  0.68406150437907542     
  0.70424284088879285     
  0.69353568290979251     
  0.70360524280475445     
  0.71745023375534089     
  0.69876086492706035     
  0.66849841906650764     
  0.68423315531611006     
  0.68417105305820314     
  0.68527764207520692     
  0.68233179118089782     
  0.70390178666201775     
  0.71172266588630873     
  0.69014604091693266     
  0.69576174396926083     
  0.68966652640094994     
  0.70745268464965860     
  0.72025467287733369     
  0.71358290161668569     
  0.70558359029282780     
  0.72187339937552908     
  0.69230100236185610     
  0.71897237851994678     
  0.69958286788280066     
  0.70501268920533677     
  0.70038711490349959     
  0.70604395591443714     
  0.70743216408523379     
  0.70011082464856211     
  0.68189862302290738     
  0.68590818567317768     
  0.68856793583232156     
  0.68933641097493847     
  0.69413043059526303     
  0.70327760107586279     
  0.69266871454083356     
  0.69920773668693426     
  0.69888597038978328     
  0.68824516391326418     
  0.70609003006387894     
  0.71448907830503605     
  0.70338387148044323     
  0.70017190747759983     
  0.70226207066540969     
  0.70390167743439858     
  0.69485358185264501     
  0.69730351267334678     
  0.70450870102449648     
  0.69719003292907000     
  0.69811640628658955     
  0.68400368334140371     
  0.68817554360113664     
  0.71390443492652089     
  0.71333298024730796     
  0.71120357959632774     
  0.69973098229788999     
  0.69490086158114450     
  0.69324245749252345     
  0.71693133270445319     
  0.70994696920887168     
  0.69896786405202926     
  0.69877879467627657     
  0.68112097094554169     
  0.70959887327394200     
  0.71143991759287584     
  0.69579026273681199     
  0.69663733780468384     
  0.69824650114163678     
  0.70543114399495432     
  0.71663435051536473     
  0.70494904817556048     
  0.69384796288902451     
  0.70196118424203757     
  0.69405088804933213     
  0.68460060329415695     
  0.69166695966815739     
  0.70855546981585205     
  0.71215068105728407     
  0.71498971961192059     
  0.71374630696291708     
  0.70622141740811861     
  0.71327784256937210     
  0.71658364231081639     
  0.69849729299565400     
  0.68994589565349362     
  0.72313230030424236     
  0.70862037394115729     
  0.70951513703609714     
  0.71253233423559847     
  0.71147397225313302     
  0.69016356035169080     
  0.69176416897063420     
  0.69670365407121237     
  0.69589697339692225     
  0.69938628788345159     
  0.69596800609234410     
  0.68544914220118969     
  0.69545361275151929     
  0.69432529959008871     
  0.69612125406695380     
  0.70981169171386227     
  0.71102946396299949     
  0.70384867631779446     
  0.70292250856175187     
  0.70153491903957743     
  0.71379008154086931     
  0.68230259469823318     
  0.70272024042753045     
  0.68539225467220655     
  0.68797035231868031     
  0.70106414002249673     
  0.70972450162851863     
  0.69042702933863587     
  0.69542121466464601     
  0.69668724260973414     
  0.69282645124855868     
  0.68167144846618477     
  0.70101750585865485     
  0.69379137820012560     
  0.67794606043209227     
  0.69285698731398515     
  0.70084519242730203     
  0.69644082661081153     
  0.68023184347894017     
  0.69329753973698882     
  0.70468437320916433     
  0.67979795591083170     
  0.69216169714145082     
  0.69940568400631209     
  0.69568990799181307     
  0.69737178851400117     
  0.69324377469795784     
  0.70140641780292490     
  0.69997140065408014     
  0.69459155573482101     
  0.69566055808298299     
  0.69547534445695081     
  0.69407171279171120     
  0.69683551511490283     
  0.70400215512201403     
  0.70532487087284845     
  0.68196511492073986     
  0.68401524446298723     
  0.69320651267638889     
  0.68423080462218222     
  0.69563177131575848     
  0.70324745643875675     
  0.68040327444931659     
  0.68310588344568812     
  0.70066732955296274     
  0.70387705455638738     
  0.70674386121564847     
  0.69632908123959447     
  0.70134854747850728     
  0.70595698627539039     
  0.70094341888413114     
  0.70092922405108837     
  0.68817807334383330     
  0.69561211685981816     
  0.69152640720306402     
  0.70499320570617996     
  0.70550079836971258     
  0.71443914205929870     
  0.69050049818231607     
  0.69810378720745070     
  0.70332135757416303     
  0.68348821010309668     
  0.69834306434805382     
  0.68945512837469025     
  0.69560101076348779     
  0.69797724447048759     
  0.69926460770416632     
  0.67310986101577586     
  0.68025247504914621     
  0.69495262362998933     
  0.69112049541911558     
  0.70253030177428988     
  0.70781992281251749     
  0.69616540614749278     
  0.70407009732145298     
  0.70821516829455100     
  0.70820311820139414     
  0.69793593795462217     
  0.68070329874724211     
  0.69264293384063580     
  0.70723174188692028     
  0.69388609610228336     
  0.70263642265656456     
  0.70148454781092873     
  0.70542934900972321     
  0.68819083919556223     
  0.69113236212462037     
  0.67158962191136862     
  0.69559139310384521     
  0.70113812980170664     
  0.70535762002679880     
  0.68829641325261171     
  0.70159495056985843     
  0.69401634666193557     
  0.70777157096995846     
  0.70542843403136091     
  0.68987977613352269     
  0.67994067814512471     
  0.67972157185001414     
  0.68673803709084058     
  0.69139857847000374     
  0.70161152150274264     
  0.70864621445563047     
  0.71251421526702974     
  0.69582238433525589     
  0.69310990694018393     
  0.69012405842204105     
  0.71544882362057571     
  0.69544256553408468     
  0.68115110989685668     
  0.69017627490260247     
  0.69301414740986544     
  0.68777547622846924     
  0.69458169937401315     
  0.71153418705077298     
  0.70186063192614878     
  0.69547035672649160     
  0.69650207847391810     
  0.71971671692343031     
  0.70011074594376399     
  0.70040905246568574     
  0.71031723051705531     
  0.69502773153852981     
  0.68334832470001128     
  0.70996006875359396     
  0.70450703012741756     
  0.70878545980736574     
  0.70081818836286436     
  0.70026769063176975     
  0.68591058588022047     
  0.69960330540463211     
  0.69752245076820663     
  0.70385804138558761     
  0.69500225694664308     
  0.69961233379388921     
  0.69663719675367042     
  0.69635433009722680     
  0.69369548597743202     
  0.69321774272767622     
  0.68638946723488081     
  0.68174497648514776     
  0.67748844949914266     
  0.69879366644522889     
  0.69924834510072420     
  0.70799416711470387     
  0.69426600053252430     
  0.67938119344066639     
  0.69051398016026189     
  0.69158851889884332     
  0.69102467832476155     
  0.70293061883257180     
  0.70000165947657167     
  0.70428448343665129     
  0.69267415272891153     
  0.69642933645340843     
  0.70337501757467069     
  0.68970048806980588     
  0.71290003543689784     
  0.69276381870987536     
  0.71284077065813645     
  0.69705888062836885     
  0.70429278998400446     
  0.71143497034359537     
  0.71043004727151360     
  0.71279623025457861     
  0.71511135093272316     
  0.70968509445238448     
  0.71786814519538900     
  0.70900947804272885     
  0.70223555187173858     
  0.71752140903843986     
  0.70174551611336422     
  0.69635453492131816     
  0.69356546957467924     
  0.69945657128030359     
  0.69729546217454041     
  0.69732877642528124     
  0.69402950997171475     
  0.69858136464033804     
  0.69385751375379734     
  0.68852147706237565     
  0.68646633277886981     
  0.68642614377288869     
  0.69923644593845646     
  0.69639918596184036     
  0.70072992327153882     
  0.72289136328216175     
  0.70255631199447410     
  0.70620165230010634     
  0.70184299973400055     
  0.70083520040701808     
  0.68145948559852676     
  0.69173076502367248     
  0.69458513278815159     
  0.70849598204210340     
  0.68847885196392278     
  0.70671556317650908     
  0.70382377485415371     
  0.71178282258532033     
  0.69230941572325910     
  0.69155913096540444     
  0.70460741190143150     
  0.69599587975258215     
  0.69366759935993560     
  0.70327032161177727     
  0.70671720076464206     
  0.71743632165885152     
  0.70659464840869679     
  0.67779288267110571     
  0.70111867471096767     
  0.70342266823437216     
  0.70657409083760314     
  0.70624025353196540     
  0.71121431935359347     
  0.70011408513267237     
  0.69554210027415331     
  0.69700656307355235     
  0.72116046068915585     
  0.70082552121134134     
  0.69912772607632290     
  0.69438422757273321     
  0.70218590782536061     
  0.68704197763991859     
  0.70370934129963025     
  0.68888688373208540     
  0.70931669260881303     
  0.70054912680196135     
  0.69534773059088428     
  0.69494996418796662     
  0.69918693159239464     
  0.69374016124081195     
  0.71621384544923605     
  0.70050162591739140     
  0.69484621143949066     
  0.70560425192726106     
  0.70218456474132362     
  0.68667129954458783     
  0.70552720550885328     
  0.69776940491990735     
  0.70104604219705946     
  0.70345931240891613     
  0.69621143270519192     
  0.70897526298282387     
  0.70960642991696210     
  0.70119130960383647     
  0.71459393250511860     
  0.71386934694560455     
  0.69292160483188092     
  0.68296039131868336     
  0.69687239845109161     
  0.69761775878334298     
  0.70054697320610637     
  0.69654708276428889     
  0.68838981959003265     
  0.69584926268950731     
  0.69339896849392502     
  0.70037159165292240     
  0.68632083521394638     
  0.66792914724985786     
  0.68230198612217385     
  0.70849894389957824     
  0.70055051681502389     
  0.68959995040396038     
  0.68787415600880930     
  0.69605102837612420     
  0.69267408253968432     
  0.67828849636191191     
  0.70633184881428013     
  0.70419670553078006     
  0.69986747245614300     
  0.71287494526678696     
  0.69913344106762820     
  0.70325795967574711     
  0.69229713613751376     
  0.69350293626474013     
  0.68989020226723197     
  0.69480603541205666     
  0.70390803174975525     
  0.71966326642241940     
  0.70354706050151938     
  0.69830971248346752     
  0.70172604751435386     
  0.70601731978443905     
  0.70921171883115608     
  0.70973424154941522     
  0.68754900280783016     
  0.69906504025244798     
  0.70253007296298575     
  0.70496178738867088     
  0.70663518921337309     
  0.71376659430943434     
  0.69969782494889288     
  0.71012158077576260     
  0.70874028648648701     
  0.68649162215274118     
  0.68477093466259764     
  0.70138652044633210     
  0.69765203361882433     
  0.70350621661511481     
  0.69266985326699071     
  0.70755781243776406     
  0.70628588299787010     
  0.68335051157263349     
  0.69047106956484217     
  0.70537650331882629     
  0.69185653369937494     
  0.67200578309413717     
  0.69376962797546748     
  0.69568467591061112     
  0.70842358196358823     
  0.70106567354451299     
  0.70834051324585079     
  0.69103844686343829     
  0.69864533635998893     
  0.69924947463059517     
  0.69587366729321554     
  0.70081030804193933     
  0.70706754278651862     
  0.71662344994306804     
  0.68768782376796722     
  0.68523160259729288     
  0.68633522408709791     
  0.70423492162351931     
  0.71684462556609985     
  0.71790713316979382     
  0.70615287043445252     
  0.70851581673419839     
  0.69597611924299041     
  0.69387296179614888     
  0.69956608777870155     
  0.71694127018628739     
  0.70967025397046446     
  0.70888504548197850     
  0.71662009251344183     
  0.70419653466486309     
  0.68850396422991189     
  0.69587635938326386     
  0.69869114031900414     
  0.69228935031005134     
  0.69348758491850471     
  0.69606092874174963     
  0.68278463484962049     
  0.68615383678896391     
  0.69859333412443658     
  0.69218243745766828     
  0.69848467162783057     
  0.69795263025498833     
  0.70486255565597955     
  0.69984387326041508     
  0.69126489534047020     
  0.71456681127829547     
  0.69626899050165758     
  0.71080212633836748     
  0.70791538501335038     
  0.70146088075779223     
  0.72111358805576042     
  0.70406906136554070     
  0.66365021665184765     
  0.70135991851896728     
  0.69556545725702623     
  0.68630514865820424     
  0.68392436562429415     
  0.69880045610613528     
  0.69000541452010256     
  0.70850335490673244     
  0.70067812760173931     
  0.70125209908872432     
  0.68361329568939744     
  0.70169115644272939     
  0.71934115912663477     
  0.70770576206728986     
  0.68927570290294093     
  0.70323667564103065     
  0.71259208397966245     
  0.70647834875070481     
  0.70469550967492867     
  0.71637386904448974     
  0.69611272673978941     
  0.69165660670035967     
  0.70094866027451119     
  0.68598721965906162     
  0.71602698914053842     
  0.70074870442776926     
  0.68910584235324779     
  0.69670374853847694     
  0.70768706120177494     
  0.68671393255813995     
  0.70736748234254920     
  0.70120350007215537     
  0.68595532012690941     
  0.69909916557345175     
  0.69820731006602821     
  0.70313067809255070     
  0.69231104496772045     
  0.70233533463088360     
  0.70858721746849662     
  0.70822071415398724     
  0.69756783409959744     
  0.70092798282619739     
  0.70649504144362585     
  0.70170963961082722     
  0.69223264294579412     
  0.69085754862438709     
  0.69511119073719863     
  0.69449689408476512     
  0.69462869335487543     
  0.71455671733453541     
  0.71388526072924641     
  0.72127324322223052     
  0.70786854356361317     
  0.71371832107993494     
  0.70520773184825314     
  0.71397971739379107     
  0.71451788750499834     
  0.70421280767548999     
  0.70458480006963242     
  0.69879941135556989     
  0.69501889109556703     
  0.70059455823470407     
  0.69309711444116306     
  0.68247141300198144     
  0.71607378317245907     
  0.70650820720142615     
  0.70696423368726136     
  0.69398739105757612     
  0.69995381393479861     
  0.69721236951546617     
  0.69716775633265760     
  0.70204204495631006     
  0.68553402395541141     
  0.70064768604320193     
  0.68331665163964839     
  0.68424928361934978     
  0.70037202297603940     
  0.70497384361578908     
  0.71544792085660691     
  0.70553161772848627     
  0.70910370913659304     
  0.70265130112859153     
  0.69566678771393131     
  0.70265043223726653     
  0.71189950166055938     
  0.69958661562715485     
  0.69863336040792168     
  0.69652746296078816     
  0.71527205569646302     
  0.69576215374721884     
  0.69549268199510184     
  0.69044448531148173     
  0.70285418274764211     
  0.68525876641770933     
  0.69095024746077638     
  0.69612566614292615     
  0.69688716437259213     
  0.69953947868577027     
  0.68410174127144463     
  0.70016027567222261     
  0.70423711209825068     
  0.72170554710292911     
  0.69980465810242498     
  0.69218759207530056     
  0.68624597128378140     
  0.69811317508937076     
  0.70920194026165972     
  0.70129677925043288     
  0.70661303767636929     
  0.69852953773429449     
  0.69456233673471646     
  0.67980743939216526     
  0.70430525854644010     
  0.70149060099788052     
  0.68865429261130418     
  0.70552415663826296     
  0.69421860902880184     
  0.69882577637471011     
  0.69252223840644689     
  0.69572317589455956     
  0.68638229834101239     
  0.70133908603568651     
  0.68960526812327028     
  0.69608035810791979     
  0.70297748524245030     
  0.70675517184425185     
  0.70098495374012715     
  0.68969889315261246     
  0.69630366740215321     
  0.70597648065152330     
  0.70559287354774802     
  0.70457986333822431     
  0.70405343802501885     
  0.70092190706243795     
  0.71453854670770722     
  0.71271137499164627     
  0.69647752858520184     
  0.69700944142787280     
  0.70993079466961262     
  0.70329933052598692     
  0.69482920630194922     
  0.69324182219754693     
  0.69208464617324905     
  0.69760716284550406     
  0.68989550473598527     
  0.69524588219854500     
  0.69947528864294994     
  0.71900751495855386     
  0.70841614245220752     
  0.71003117989630415     
  0.70915209554062686     
  0.71141748605237987     
  0.69357947762099681     
  0.69447411159889350     
  0.71139234639630256     
  0.69421684116545990     
  0.69850466319941051     
  0.70440616937224476     
  0.70811892280609912     
  0.70599172616459094     
  0.67922349959447292     
  0.69905251365297949     
  0.70474777748974893     
  0.70703499733175246     
  0.69721737518300242     
  0.70186610114534886     
  0.68507997201694404     
  0.70443743382950608     
  0.69767784491570117     
  0.68654161426944971     
  0.69111194189088887     
  0.68865404287807597     
  0.71104026252272268     
  0.69935143466061067     
  0.69449736008880403     
  0.68137980723451430     
  0.69066714327125522     
  0.69863408398495785     
  0.69493152398652647     
  0.69168723577705660     
  0.69229205185662934     
  0.70572309624391238     
  0.68997508705103416     
  0.68977215436003003     
  0.70123482617017785     
  0.70280552242404526     
  0.70256040019750454     
  0.69414970775083729     
  0.68426993160389449     
  0.69290266737855333     
  0.70227679940036569     
  0.69787093577837644     
  0.69412035359224322     
  0.69028881498686312     
  0.70359727869042310     
  0.69872965623540562     
  0.72310779059847841     
  0.70284929467293300     
  0.70355993415725571     
  0.69961510181768016     
  0.69109076913940160     
  0.70646568113651498     
  0.70242050801051181     
  0.70420677746024107     
  0.70871529834430280     
  0.70744092484848353     
  0.70789910730229355     
  0.70825012536972620     
  0.72110648978290492     
  0.70350569117416506     
  0.69617675583804683     
  0.69493375861110807     
  0.69064969771052953     
  0.69385943857115207     
  0.71904446531302868     
  0.68723681863785224     
  0.70589805344689727     
  0.71446635526568281     
  0.71319786561462628     
  0.69864364827249104     
  0.69393243318459152     
  0.70536354340549778     
  0.68419213683317670     
  0.69274669586502968     
  0.69689227223812400     
  0.69565328093091483     
  0.69910982783094777     
  0.69082467364154043     
  0.69434607225264344     
  0.69707399156485650     
  0.70479313485958150     
  0.70683788855960250     
  0.70417428660442416     
  0.69015921040429262     
  0.68722248488663373     
  0.70237662039091076     
  0.69408403239181737     
  0.69732754577056910     
  0.69949282216230180     
  0.67668248717672785     
  0.68359945102170849     
  0.69066403073323779     
  0.70109694712433890     
  0.68899128355121164     
  0.71199073118925948     
  0.71293024940161620     
  0.70892520629197708     
  0.70791589353757123     
  0.70704564499820211     
  0.70905250870654402     
  0.70135033742965025     
  0.68927895140124062     
  0.72012081279061946     
  0.71301601985083918     
  0.70582523153735943     
  0.70700693690338146     
  0.70456482477985172     
  0.70092819844083398     
  0.68727970446086550     
  0.68997817087099900     
  0.70517647726309196     
  0.68816422703729196     
  0.70562532329571237     
  0.70739289105573999     
  0.69320749371371615     
  0.70853562077683641     
  0.69831121654988448     
  0.69569165281682588     
  0.68546937533381136     
  0.70609413687333000     
  0.70203833042761798     
  0.67469123119785668     
  0.69079142409168270     
  0.71022977232696782     
  0.69163847889576302     
  0.71088177984971546     
  0.70151600759632526     
  0.69608239183806342     
  0.70685997721775251     
  0.71498905069066754     
  0.70153448254923723     
  0.69949582529429533     
  0.69842453534884008     
  0.68739879662675663     
  0.70252817839964421     
  0.69160827483955178     
  0.70428555033276408     
  0.71404438663431424     
  0.70838229559877097     
  0.70151161768414727     
  0.69779701528940397     
  0.70270602171187602     
  0.70138641462386675     
  0.70026888116689978     
  0.69830851988719533     
  0.69622266556244294     
  0.69858486709421297     
  0.70815736406731222     
  0.70972068695451318     
  0.68253767072528082     
  0.70616682401670461     
  0.70032113385242345     
  0.71163538379230840     
  0.69459512388019073     
  0.70368937016670574     
  0.70072477879995188     
  0.69567260090015870     
  0.69385558301515404     
  0.68411596024004939     
  0.71251285626692840     
  0.69833389197295692     
  0.69427777208720542     
  0.71352236069470465     
  0.69498510238066569     
  0.69798724856462202     
  0.71010460882920912     
  0.70448036429535654     
  0.68391994736925721     
  0.71156702260526927     
  0.70297919778351248     
  0.70077551407885597     
  0.70655157690606529     
  0.68499693536117845     
  0.70227418394917096     
  0.70775142855549211     
  0.71493556023043081     
  0.69209405718263217     
  0.69986334172865705     
  0.69912863889541277     
  0.68155358713478087     
  0.69387984782166390     
  0.69165983227720296     
  0.68760285089649575     
  0.71484779952736743     
  0.69540925624469407     
  0.70121781506861536     
  0.69599047466108399     
  0.69938596884661575     
  0.70717715490349198     
  0.69744183557081363     
  0.69824082308462521     
  0.69665921367902894     
  0.69754060696346354     
  0.69512217978292479     
  0.70310103678013514     
  0.70280695538950155     
  0.70345748131318830     
  0.70774740621850862     
  0.69487856079368704     
  0.71644443724666240     
  0.69499427027300342     
  0.71185986263476408     
  0.69584980965541721     
  0.69632455727584786     
  0.67000453647350611     
  0.69616331825509969     
  0.71095278592773381     
  0.70795491810278011     
  0.68691909232800286     
  0.69144644394006261     
  0.71291280508290111     
  0.69775414261077540     
  0.70605779358808396     
  0.70768074725969299     
  0.69920365711200916     
  0.70627917501688720     
  0.70352337208239990     
  0.71460555033934714     
