   1.0000000000000000     
  0.13285698640121935     
  -7.6603744876879376E-002
   1.7739022840221136E-002
  -3.9869800046796765E-002
  0.14430531594483562     
   5.0881461996036846E-002
 -0.14378964705582961     
  -9.7765312289757988E-002
  -6.2520766214711532E-002
  -4.4889133890069710E-002
  -1.7222393788945564E-002
   4.4331426812705771E-002
   8.1886994356451401E-002
   9.0006841254690662E-002
   1.3824359288300012E-002
 -0.18425635688672212     
   5.2019433995614435E-002
   4.6667732338798687E-002
  -6.7274851291004342E-002
  -3.1297411799417097E-003
 -0.21751051629331536     
  -4.6008885086198797E-002
  -4.3868386691279737E-002
  -3.7387735707435754E-002
  -4.9311725092033049E-002
 -0.10061938107309011     
   6.3188479730325695E-002
   3.3800833301507086E-002
  -6.6946023578096897E-002
   5.9652037096412647E-002
  -6.5444598709893748E-002
  -2.0148437700415033E-002
   6.6849540914878311E-002
  -2.6140710900309363E-002
  -4.3652830672923859E-002
  -5.6912748065671419E-002
  -6.8298862889518641E-002
   1.8199737698045244E-002
  -4.9170229709829698E-002
  0.11586416113589963     
   5.6647787069383004E-002
  0.11044096303043587     
   3.0059459041663007E-002
   3.9578169631010643E-002
   9.2541347785361702E-002
  -5.4601099309445733E-002
   1.8504304348360569E-002
  -6.5374632266570282E-002
  -9.2359825875662577E-002
  -7.7536037739616911E-002
  -9.2359825875662577E-002
  -6.5374632266570296E-002
   1.8504304348360565E-002
  -5.4601099309445754E-002
   9.2541347785361730E-002
   3.9578169631010622E-002
   3.0059459041663000E-002
  0.11044096303043582     
   5.6647787069382984E-002
  0.11586416113589958     
  -4.9170229709829684E-002
   1.8199737698045271E-002
  -6.8298862889518613E-002
  -5.6912748065671377E-002
  -4.3652830672923831E-002
  -2.6140710900309345E-002
   6.6849540914878339E-002
  -2.0148437700415051E-002
  -6.5444598709893720E-002
   5.9652037096412605E-002
  -6.6946023578096828E-002
   3.3800833301507141E-002
   6.3188479730325653E-002
 -0.10061938107309003     
  -4.9311725092033069E-002
  -3.7387735707435775E-002
  -4.3868386691279716E-002
  -4.6008885086198811E-002
 -0.21751051629331530     
  -3.1297411799417157E-003
  -6.7274851291004370E-002
   4.6667732338798652E-002
   5.2019433995614400E-002
 -0.18425635688672218     
   1.3824359288300008E-002
   9.0006841254690662E-002
   8.1886994356451415E-002
   4.4331426812705819E-002
  -1.7222393788945523E-002
  -4.4889133890069703E-002
  -6.2520766214711546E-002
  -9.7765312289757988E-002
 -0.14378964705582961     
   5.0881461996036846E-002
  0.14430531594483562     
  -3.9869800046796765E-002
   1.7739022840221171E-002
  -7.6603744876879362E-002
  0.13285698640121926     
