  0.99900000000000089     
   5.8640565434906521E-003
   1.1450985388415397E-002
   3.5770239118935968E-002
   3.8878893354326018E-002
  -4.2589639883609731E-003
   3.9846400576413775E-002
   3.4200438972156825E-004
  -2.5924180808307499E-002
  -1.0429817144936980E-002
  -1.1443560377290002E-002
   2.6440778772940699E-002
   8.8323751966332149E-003
   1.5428716007175861E-002
   9.2079486886824675E-003
  -3.6278486170379938E-002
  -1.2932127421094281E-002
  -4.4934030938465548E-002
   5.3885467800695315E-002
   7.6858204767323912E-002
   1.3441145853650671E-002
  -1.2971428094810398E-002
   8.3483931344060888E-002
  -1.1839098964048705E-002
   4.5573505043096020E-002
  -1.3096121993730581E-002
   2.8940947053586019E-002
   4.9944218257793098E-002
   2.0467880085516376E-002
   5.9413882233284969E-002
   6.8198340995957438E-002
   3.4984545565500492E-002
  -2.7494314216121266E-002
  -5.4590833061143301E-003
  -1.9301070580645462E-002
   1.7034709464980400E-002
   7.8312308900015462E-002
   1.1094866833053722E-002
  -3.6002811667701107E-004
  -3.7547332927210311E-002
  -1.7736633626742781E-002
  -4.4505736322826266E-003
  -2.8242317162601462E-003
  -5.1508531950783072E-003
  -2.2931322862452131E-002
  -1.8148484227044907E-002
   3.3476363480884328E-003
  -7.0933652655267047E-003
   5.0021419935189805E-002
   5.7428394349709859E-002
  -1.3167223679208789E-002
  -4.4004206689198503E-004
  -9.5973962138725492E-003
  -1.8161224079853978E-002
   3.3377193972967407E-002
  -2.2891683801514102E-003
  -9.2784547990984786E-003
  -2.9073688722736826E-003
  -4.0757453940613291E-003
  -2.5467869139602018E-002
   1.8493940051132838E-002
  -3.3328516037666178E-002
  -2.3606168437524611E-002
  -1.7743483670328072E-002
   6.2325622799223566E-003
   1.7815029958699647E-002
  -7.2121666137373003E-002
   1.2699997476622371E-002
   1.5061320948635873E-002
  -6.6616925022479151E-002
  -1.5518804354701904E-002
  -2.9321670142546129E-002
  -3.6154102288516810E-003
   5.6803807629494637E-004
  -5.6948609564518110E-002
  -2.3838945718114336E-002
  -2.1385986119685309E-002
  -2.0757560919082020E-002
  -1.3668594751205538E-002
   3.3428886742543427E-002
  -3.1453312286078616E-002
  -3.0818875385876323E-002
  -2.4761949783578545E-003
   1.0149156848568121E-002
  -2.0334069345999878E-002
   2.2073247121086191E-003
  -1.9494213799440024E-002
   6.3988175189878720E-003
  -2.3915043444693564E-002
  -4.5542220597043971E-002
   2.2664904350894303E-002
   1.4158802373815433E-002
  -1.9946057649425711E-002
 -0.10317333722941983     
   3.1045280931112130E-002
  -1.0878098432058293E-002
  -5.4970228485647706E-002
   3.3943800628973507E-003
  -2.3073645628491960E-002
  -2.6019672178935836E-002
  -1.0505772192098481E-002
   1.4470008045777865E-002
   3.8138571529429638E-003
   7.9077461803674469E-003
  -5.2783617346419620E-002
  -9.3617359675386772E-003
   9.5049237564918069E-003
   2.9176795078106623E-003
   1.0690637714953053E-002
   5.7410032686231315E-002
  -4.7999498638578178E-002
  -5.1204597615513714E-002
  -1.1879241771962252E-002
   4.7897520144553278E-002
   2.5949603971401912E-002
  -4.6601062846083868E-002
  -9.8381101483040329E-003
  -1.7437728533993481E-002
  -4.6402683484794028E-003
  -3.0538288085527041E-002
  -1.3171444641808039E-003
   3.6017692995769274E-003
   7.8428826424724388E-003
  -6.3427354412782147E-002
   4.4710154597602234E-002
  -5.6251255952502043E-002
  -3.9247460001448957E-002
   1.1834905553668972E-002
   2.6814392833282769E-002
  -3.6772110804678536E-002
  -5.0030848973590725E-002
   9.0506305577150190E-004
   2.3516467598040137E-002
  -3.7418721898472715E-002
  -4.5954329144093746E-002
  -1.5977390196703271E-003
   4.1331065333607551E-002
  -1.8941376957305928E-002
   2.8838463003601062E-002
   1.1489595754470880E-002
   1.1429310481371399E-002
  -1.4333879167218861E-002
   3.0242823141880697E-002
   1.5336626235591099E-002
   2.8191424291871506E-002
  -4.4069100805410308E-002
  -4.5256951048721281E-002
   3.3879743466860832E-002
  -1.1201281334695917E-003
  -4.1861735505137644E-002
   4.0260422254075244E-002
   2.6031562968758928E-002
  -4.6329224222685067E-002
  -6.8701798693867524E-003
  -1.5855914453748454E-002
   1.4801180868702399E-002
  -2.5980706557218118E-002
  -2.1008090095758131E-002
   1.5342764690785731E-003
  -1.2014885080887737E-002
   5.9737617524572066E-002
   3.5454907218111474E-002
   7.3282910070930482E-003
   6.7443992964315454E-004
   2.6273840770761881E-002
  -2.6894477399191766E-002
   2.5056560184364491E-002
  -3.4262427708875401E-002
   1.4493698316246161E-002
  -6.6908095337787606E-003
  -5.3254291282508741E-002
  -5.2051099358181502E-002
  -1.1671656407899231E-002
   4.9845363822827359E-002
   9.7344287173409746E-003
   4.3941119982254867E-003
  -7.4831883184543466E-002
   2.0835869489687599E-002
  -7.1612187397599003E-002
   3.9503860759341598E-002
   9.1673905766013510E-003
  -1.9313299139094704E-002
  -2.4429589328435751E-004
   2.7190381166963942E-002
   2.6759549245115363E-002
  -1.0297116530876331E-002
   9.5680992760310262E-003
  -1.2627459232964535E-002
   6.7799506949611538E-002
   4.0494057669731029E-003
  -1.8414115337046337E-002
   2.5947093870692866E-002
  -8.8111318512161581E-003
   5.2211090459433999E-002
   3.6891287960301215E-002
  -2.2933057550815497E-002
   5.5605711385221919E-002
   3.4852877566707623E-002
  -7.2225359822385204E-002
   4.6440914602917917E-002
  -5.6872490603674754E-002
   8.6090187239752178E-003
   9.5709155522546701E-003
   4.0815685762390905E-002
   1.5117336782676292E-002
  -5.7139031428730377E-002
   9.2484265882006450E-003
   4.5865884373367761E-003
   3.9219395760741217E-002
   4.8029379172796524E-002
   8.3151987473048441E-003
   1.0409739122815911E-002
   1.8358829907213440E-002
   6.6679003623256614E-002
   8.3726578946512840E-003
   6.1481720946694372E-002
  -2.6226070955854268E-002
  -7.8854113077707413E-002
   1.7186541625108687E-002
   1.0383437445843604E-002
  -3.1926986309628244E-002
  -2.0893778613885226E-002
   7.8368823997154793E-003
   7.8644322814080125E-002
  -1.3816222605151441E-002
   1.8044020215059989E-004
   2.6457086139791440E-002
   9.0264373115189409E-003
  -2.0626867657502740E-002
   5.8647886198453791E-002
   4.8695207638332919E-002
   4.1150959684818543E-002
  -2.5130877433873204E-002
   4.7565223196664973E-002
  -3.2669717960081839E-003
   5.6499610430829775E-003
   1.6175032573586191E-002
   3.4333798954897070E-002
   6.3599801981334934E-003
  -1.8778684572246681E-002
  -4.6872416007335766E-003
  -1.2165191920784930E-002
   1.5776241038022571E-002
  -2.0533379478546020E-002
   9.9911555729366112E-003
   4.3237524890669003E-002
  -2.0789682526905322E-002
  -3.0008097587789825E-002
   2.4693313693920096E-002
  -2.6191786129219276E-002
   6.6999083303852609E-003
   4.2921186902634287E-002
  -6.6307704888969213E-002
  -4.8872805178833169E-002
  -1.0694360620328872E-002
   7.0376233789485243E-003
   3.2970466123826370E-002
  -9.7594550521657008E-003
   9.1179682878353586E-003
   6.4104861894326404E-002
   3.1275940364674550E-002
   2.0255634500844413E-002
  -4.3484296202653877E-003
  -1.9107258430571792E-002
   7.5093961035703705E-002
  -6.2731754964020165E-003
   1.8860661839234997E-003
   3.1941153438705322E-002
  -8.7158347873062647E-002
   3.9515976726595015E-002
  -1.8498697098380149E-002
   1.6912237539388336E-002
   2.5823865806785116E-002
  -4.0494734447038841E-002
  -1.9344916814603104E-002
  -3.3011807185962208E-002
   3.2832758582833001E-002
  -4.7179255292375245E-002
   3.1202174146091149E-002
  -2.4685724152360044E-002
  -1.1226135637895450E-002
  -1.6910829438229656E-002
   8.3228054888247402E-002
   1.5493319562714969E-002
  -6.7830600934391777E-002
   1.2106990195528595E-002
   6.1394114332566412E-002
  -2.7034901858526233E-002
   1.9652033626424106E-002
  -9.2371415291728574E-003
   1.3772084611378788E-002
  -2.0996853019785675E-004
   2.9171546275075930E-002
   3.2452795211491393E-002
   1.8573809610900140E-002
   1.0243886486282765E-002
  -8.7056775775408348E-003
  -3.8100322382048579E-002
  -4.5042257960742967E-002
  -4.0627724961131935E-002
  -3.1219740008572340E-002
  -1.1999445331041882E-002
  -7.3845166965334306E-003
  -2.8314367369269889E-002
  -1.6309046289315246E-002
  -3.2968960395246945E-002
  -7.1530075903204912E-002
   3.9537211411073102E-002
   2.1198347681310726E-002
  -2.6767686257386958E-002
  -4.6739134776719897E-003
  -2.9768809926829162E-002
   1.8283096201919841E-002
   2.7672402004868372E-002
  -1.9319660234612769E-002
  -7.6717376737630892E-003
   4.3862629028591262E-002
  -2.8212271102866959E-002
  -4.5103945835570397E-002
  -2.1939850912177871E-003
  -6.0007258636022076E-002
   9.6426309177326128E-002
  -4.2836216738026393E-002
  -1.5350105530038119E-003
   2.7009827883361100E-002
  -2.1059248171295579E-003
  -1.5308404572059611E-003
   5.9591193440030272E-003
   1.8292433792573042E-002
  -4.8310933570693139E-002
   2.0394708395349045E-003
  -4.1737448249092021E-002
  -3.3419957273837998E-003
  -1.8391280083669487E-002
  -1.9821803903916694E-002
   3.5410641471272752E-003
  -1.9921526190916201E-003
  -2.5064268057587387E-002
  -1.3660530657611557E-003
  -1.2311725589622039E-002
  -3.0427346732761242E-002
  -6.1231581965760493E-002
  -3.4081273322774129E-002
   4.8980231073557524E-003
  -1.1393882480775587E-002
  -1.1680758908830210E-002
  -2.1312701837890168E-003
  -6.5465681261799635E-002
  -8.7658903916457531E-002
   2.1596366790503647E-002
  -1.4179393444690014E-002
   3.7365838980300443E-003
   6.7473451954565333E-002
  -6.6724546628422018E-002
   1.6530916849185600E-003
  -1.1715278284524266E-002
  -1.3460630683783810E-002
   5.5783235416097234E-002
  -3.6834665341091366E-002
  -1.9947982846141875E-002
  -6.2752736217980443E-002
   7.1827030585779796E-003
  -7.1232744349115154E-003
   1.6764073651393041E-002
  -2.1668013554156526E-002
  -3.0617480364790294E-002
  -5.3409189048028625E-002
  -2.4242320008529605E-002
  -9.5557529499059705E-003
  -1.7293413598147754E-002
   1.5539663236669925E-002
  -3.4364709454284138E-002
   5.0873442195684633E-002
   4.4186424298312502E-002
  -2.0604748673716037E-002
  -5.2839269776197788E-002
   5.1144099991234537E-002
  -5.4676512567475868E-002
  -3.2825188509105846E-002
  -1.3599437796916839E-002
   2.1367060749045495E-004
  -4.0855887346628672E-003
  -1.5221591021869433E-002
   2.2919121874042124E-002
  -8.6344355996877536E-002
  -2.8014745226776279E-002
   1.6040763400157226E-002
   9.9332118413678516E-004
  -2.5406007048315946E-002
  -1.5273497858915720E-002
   1.9310240400266826E-003
   5.7996947851463976E-002
  -1.6796850357275732E-003
  -1.0806204301557419E-002
   3.2775492740775666E-002
   1.2247321859895202E-002
  -6.2592113882900285E-002
  -1.2785578481199463E-002
   4.0543532671188633E-002
   3.6392025968364029E-002
  -1.2995285235429224E-002
  -9.0588460023941809E-003
   1.9119605112929405E-004
   2.2053524855715677E-002
  -8.4197340514927443E-002
  -1.3838320647880884E-002
  -1.2395182025976951E-002
  -6.9910039005675578E-002
  -4.9686712837488586E-002
   3.4087618373600664E-002
  -2.9345305709847877E-002
  -4.0922808505284076E-002
  -1.7079847329292543E-002
  -1.7844656256661585E-002
  -6.3295927747667857E-003
  -2.9151413785211761E-002
   6.4929386154550118E-003
   6.3342220263328572E-002
  -5.1081330020358078E-002
   5.7558673070409058E-002
   8.2627931408053700E-003
   6.4534814485782827E-002
   4.3807328032985468E-002
   2.0906622120148516E-002
   3.6485454540393820E-002
   3.1373605564147269E-002
  -8.0357162003857383E-002
   7.7329770544595083E-002
   1.0121195499250673E-002
  -1.8239244824147415E-002
   3.3933019834264173E-002
  -6.7268999388789469E-002
  -2.1115675957722232E-002
  -1.2421190198174767E-002
  -3.9083907846561149E-002
  -2.3525205315781943E-002
   2.1289054862302054E-002
  -1.5429038076545621E-002
  -9.0671457605387027E-006
   3.2992547775967024E-002
   1.8705882305472890E-002
   6.8512351405609045E-002
   5.5501572155646321E-003
   5.2237901582150831E-002
  -2.8950204203705311E-004
   1.8626359716839208E-002
   2.5285734645559901E-003
  -5.1396688978632872E-002
   1.7179966155066142E-002
   6.1330331043998244E-002
  -7.0553966539811594E-002
   1.5607040397468755E-002
   4.8203172538695917E-002
  -8.2246836373582821E-002
  -3.8482140089181452E-002
  -2.6092994358973415E-002
  -8.6116104339781979E-002
  -1.4551966512699613E-002
   5.9089488655263648E-003
   8.0461664749896591E-003
   1.3997840399634915E-002
  -1.3669542296748032E-002
  -5.5311227661503835E-002
   6.5047212974797222E-002
  -2.3222456818451514E-002
   4.2821018673277561E-002
  -1.7529652732396851E-002
   6.2593876276400813E-003
   3.2402551032262840E-002
   9.8177812181277739E-003
   5.9508944892183148E-002
   2.2463502867879508E-002
   1.3713265807411940E-002
   4.5287242561553046E-002
   2.2670736102387255E-002
   5.6524430826247682E-003
   6.6980080317671942E-002
   8.6883539180131989E-004
   1.3653764617912722E-002
   1.5947234792236985E-002
  -5.5249424096081537E-002
  -1.2302374173714368E-003
  -1.8366569183027835E-002
  -6.9836000491613467E-002
  -1.6171838282934555E-002
   1.3522272574376076E-002
  -8.0572574724424445E-002
  -4.7612641272560728E-002
  -1.0112535516985722E-002
   3.8196608075532303E-002
   1.3105651736172844E-002
  -2.7706309358554240E-002
   7.2128291249705925E-003
  -7.1944626859514471E-002
  -2.5756979962436446E-002
  0.13744730146853651     
   6.9930241789023531E-002
  -3.0372212121784453E-002
  -3.6339266769965052E-002
   2.3848095780403686E-002
   8.9904096281812465E-002
  -1.2425176347180137E-003
  -5.4643291960546299E-002
  -1.8849710062313261E-002
  -2.8917603143778134E-004
  -9.5533943957769474E-003
  -5.3124370024325872E-002
  -4.9332812099584997E-002
  -3.4688585102710345E-004
  -8.8247535106169110E-003
  -4.8995708591020433E-002
  -2.2592450710821662E-002
   3.4378011716700713E-002
  -6.2257510914175619E-002
   7.4839849325925830E-003
   5.4220065797515996E-002
  -1.5749076881133070E-002
   2.0845941000691839E-002
   7.2202176248893662E-002
  -1.1171376810885952E-002
  -5.5403283760984676E-002
  -3.5066281300354891E-002
  -1.4325073456210001E-002
   7.4123591406231037E-002
  -5.3021175937119962E-002
  -1.8056025162935469E-003
  -9.5048099862533632E-003
   7.0945638138768544E-002
  -5.2671244120938994E-002
   5.2361151744457482E-003
   7.9627131287710817E-002
   3.5476931951901929E-002
  -2.3376813584797065E-002
  -4.4024625748884366E-003
   3.8042957005380317E-003
  -9.3726838533971166E-002
   3.2702773765230099E-002
   1.9118132034301492E-002
  -4.0391637576041237E-002
   1.5480955976642756E-002
  -3.2285511296568072E-002
  -6.8767434080365224E-003
  -8.4488812835850163E-002
  -3.0083984835831815E-002
  -3.6606207524902880E-002
   4.5581289957543424E-002
  -2.0688997796846260E-002
  -5.0454801806657290E-002
  -1.6672246476630962E-002
   6.0765446323471486E-002
  -1.5411725840853287E-002
   4.5752547655541966E-002
   2.3610344912911832E-003
   6.9511759227260411E-002
  -6.7037025398038047E-003
   2.8677086013272238E-002
  -2.5254134502246110E-002
   2.8365156442901645E-002
   2.3489371831291895E-002
   5.8175042432240934E-002
  -3.3440003819606628E-002
  -6.8481738923440311E-002
   3.0674074762663511E-002
   2.6111071028449132E-002
  -3.1200066541496223E-003
  -3.5370029296095742E-002
  -7.2673934320158038E-003
   2.0564808208774709E-003
  -4.0408602902225914E-002
  -7.8151040574382102E-002
  -2.1842889698727368E-002
  -6.1268128700502550E-002
   1.3441803952765695E-002
   3.0945931876717879E-003
  -2.6436494680239394E-002
  -3.4634155439282714E-002
   4.0663150940137768E-002
   2.1238090641384186E-002
  -4.0269965546155022E-002
  -1.0684113566374324E-002
   6.7361587113471235E-004
   1.5763358457449831E-003
   3.8433013241581916E-002
   6.1661008590398171E-002
  -1.2510159708871609E-002
  0.10210504506179117     
   1.5932803986733256E-002
   8.1458344947375971E-002
   3.8545190709093791E-002
  -9.6244276661609882E-004
  -2.6231801621121788E-002
  -3.6261477411352258E-002
  -3.7628952204741245E-002
 -0.10025753558001617     
   1.7470011524653814E-002
  -7.0192173555582493E-002
  -4.8286917048797055E-002
  -3.7167679928298281E-002
  -7.8407450323724995E-002
   2.8321127800088986E-002
   3.2513260971174761E-002
  -4.6760200516487958E-002
   4.2815981470595482E-002
   4.3096572018572997E-002
  -2.1470805221314553E-002
  -8.2155762076708647E-002
  -3.3525532491893453E-002
  -3.1532551284672215E-002
   2.2619823494582424E-002
   4.3265897297908765E-002
   1.1594216079895744E-002
  -3.6536165070238402E-003
   2.1480527827005748E-002
   1.6443858652302367E-002
  -1.4686429806249594E-002
  -6.3219670843252376E-002
   1.4664372621221874E-002
  -8.1815448074313863E-003
   2.4583840753088393E-002
 -0.12358138307081884     
   3.3205434553180229E-003
   4.3024397316025156E-002
   4.2165946866277955E-004
   1.5221459847155769E-002
   2.1970790106907001E-002
  -6.6868827978838835E-002
  -1.9522853636420447E-002
  -9.0193893714047943E-002
   4.8299488371004749E-002
  -5.5912454495647988E-002
   2.1650959743618843E-003
   5.5258025633109865E-002
   6.2120961945503997E-002
   1.8788740019622049E-002
  -6.4559827375394285E-002
   3.2854023796845169E-002
   8.4442145595574919E-002
   1.9942607293597970E-002
   9.4955202214963563E-003
   2.4358856159661324E-002
  -1.5704326411408048E-002
 -0.12741085966600693     
   8.1481166685623288E-002
  -2.2476120846549093E-002
  -3.2356459676948231E-002
   3.9811279200395899E-002
  -4.3269386387437922E-002
   1.5021854580008261E-002
  -9.9726187850718954E-003
  -3.8793558214547628E-002
   2.9703739608299154E-002
  0.13554093345726001     
   3.3909098021875736E-002
  -2.0615183033008161E-002
   4.3587089714040614E-002
  -3.1647782102567072E-002
  -7.0272307119217201E-003
   1.0307220902232839E-002
   5.8863745477372012E-002
   6.6603736937064839E-002
  -6.6879375584992296E-002
   8.2250690121989968E-003
   4.4171024677207231E-002
   4.3004576995716859E-003
  0.10102668366302418     
   3.1287547038259790E-002
  -8.9620860463843821E-002
  -3.5662876119747444E-002
   2.0617990432278400E-002
  -8.7927171098099416E-002
  -2.8851246435136112E-002
   4.0481001283312487E-002
   4.2593630949556850E-002
   6.5627875787215961E-002
   2.3955499983991001E-002
   1.2983992924544692E-002
  -5.2949851379692957E-002
  -1.9584699228794654E-002
   1.7890939124191107E-002
  -3.1125073953212845E-002
   6.1203646047084462E-003
   5.4925868729440698E-002
  -7.9484493602315076E-002
  -1.0165507596637445E-002
  -3.1448515418198458E-002
   6.5399920697521820E-003
  -1.9469704942391700E-002
   4.8175266204060742E-002
   2.4331269025582143E-002
   9.5385438358074563E-003
  -5.1077081816074975E-002
  0.10943671001028180     
  -7.6140007925428924E-002
   4.0624253047412268E-002
   5.7736272982851174E-002
  -8.4733597114175385E-002
  -8.7544711657860583E-002
  -3.0576396950540579E-002
  -4.3627014540890498E-002
  -5.1864664243585760E-002
   5.7023348121276157E-002
  -1.1923900237103782E-002
  -4.4613309290096111E-002
   9.5561320902870187E-002
   2.3223835552355669E-005
   7.8432606502275723E-002
   4.2246803891404526E-002
   8.8590521572745190E-002
  -5.2912585322631059E-002
  -1.0147777647791194E-002
  -4.9998353067565580E-002
   4.5199698549098798E-002
  -9.0285904483779558E-002
  -9.0004163959685624E-003
  -5.7868101826755357E-002
   1.0885203205106575E-002
   1.3700639904299643E-002
 -0.11271323212493348     
   2.2880587605315490E-002
   1.4401481989617066E-002
 -0.14129170806303773     
  -6.0076251398061491E-002
   7.2139829341551585E-003
   2.5329931550631134E-002
   2.1895739607898319E-002
  -8.3409089540179587E-002
  -2.1551054314481576E-002
   3.7217787428260721E-002
  -7.9546350289791096E-002
  -2.1006833388341944E-002
   5.7235520142674377E-002
  -5.6460988560053094E-004
   1.0293517862279920E-002
  -7.1327821198585398E-002
  -1.3120107826156758E-002
   8.0099381131876354E-002
   2.2460788821437008E-002
  -2.2387262074741024E-002
   6.4061093735926097E-002
  -8.8758133633133035E-002
   8.9201109859057600E-003
   5.7314931042139181E-002
   3.4735590347554496E-002
  -6.4851370906244973E-002
  -6.6002715294836853E-002
   6.1720083894675495E-002
  -3.9569070046498171E-002
  -7.5910925844667285E-002
   1.9945829533338250E-003
 -0.10053372494833408     
  -1.3294950328645428E-002
  -3.0219356266633468E-002
   7.2817807418692787E-002
   6.0948880400517914E-002
   9.2354743314559160E-002
   4.2609689339835222E-002
   2.5191646234054749E-002
 -0.15409528255268207     
   1.9173190347211076E-002
   4.8689093319541923E-002
   2.8371671622067610E-002
   4.2949907667319438E-002
   3.2498487833853527E-002
  -9.4476314560725888E-002
   9.4643933434498395E-002
   8.1526352090011498E-003
   1.6409736784528058E-002
  -3.5647090799550925E-002
  -3.1320133929451592E-002
 -0.12456101114819532     
  -4.6848913069230932E-002
   7.2763188808125462E-002
   7.6308855286013166E-002
   8.9595699916893118E-002
   4.3549439399088598E-002
  -4.5694084304783500E-002
  -4.0535166781994529E-002
   7.9778086658370120E-002
   8.7699195765185926E-003
 -0.11615840124904354     
   2.5758764248711704E-002
   6.2096159881461728E-002
  0.20055235325069154     
   6.8458174292055904E-002
   7.5860453510913264E-002
   2.8498926478327826E-002
   4.0634776811299574E-002
   3.0580567540990696E-003
   3.2416500799145820E-002
   2.1769194445654987E-002
   8.4912558370967173E-002
   6.5875195646830420E-002
   3.6068984128459201E-003
   3.4415179080773843E-002
  0.10430927404492540     
  0.20451360952369851     
   1.7266597251041359E-002
   1.3523697727422701E-002
  -5.0781093769420166E-002
  -1.6328083261461377E-002
   5.6906789717659167E-002
   8.5188575180390788E-002
  -6.2214649343186178E-002
  0.12494705739884152     
  -3.7359135105599448E-002
  -6.8118636860685519E-002
  -5.0702612302979934E-002
  -2.8182691617622664E-002
  -6.3930634334562197E-002
   4.4908295124678692E-002
   6.6264738484017802E-002
  -5.1392098141788065E-002
  0.13209546240073849     
  0.13212928476373750     
  -1.5858406182972726E-003
   5.5521640368602299E-002
   2.8709874933779040E-002
  -3.5553481680398999E-002
   7.4805856964385006E-002
  0.10376780178322995     
  -1.1938185979120297E-002
   2.3904917975850894E-003
   4.6323937504133723E-002
   3.3421056066852334E-002
   8.1236724574098182E-002
   3.6592815326556415E-002
  -4.6056517005754284E-002
  -7.0070199427114191E-002
 -0.19510048741989089     
  -4.4657419837989321E-002
  -1.6050773818555308E-002
  0.14996562607867783     
   7.1141466737581170E-003
   2.5101509795344947E-002
 -0.14598311701738909     
  0.14061687734248474     
  -9.5124555237148495E-002
  -3.6304187350967063E-002
   6.8204463541157861E-002
   2.8442372483838720E-002
  -3.0266768110681682E-003
  0.10414692638971014     
   8.8063395172429101E-002
   6.4851728827727495E-002
  0.17198380963797319     
   9.0728043566441263E-002
  -7.3433896688800210E-002
   9.9693925293723104E-002
   5.0734872844025454E-002
  -3.1162984846301121E-002
  -5.9994154468699261E-002
  -5.6045293836153942E-003
  -2.9504519309190909E-002
   1.9332489572771675E-002
  -1.6594623047605634E-002
   6.6147990858011693E-002
 -0.11849809420410730     
  -9.5403951705683235E-002
   4.3311857308957020E-003
   4.5756391486205222E-002
  -2.8304820944938481E-003
   9.2391875806971058E-002
   9.3231612862318871E-003
  -7.9407414691177527E-002
  -8.3842805872907600E-002
  -3.1066570923917645E-002
  0.15274081739773820     
   3.2762149516128825E-002
  0.16027660152970230     
  -8.7192940487301904E-002
  -9.6846114480018008E-002
   8.6666870194245429E-003
   4.3573406655558873E-002
  -7.5278300723896546E-002
   6.2322287730766521E-002
 -0.13464137772447435     
 -0.10797610649815742     
  -7.5468873566625512E-004
   2.5417734078158168E-002
  0.10541169662416564     
   2.1764580796336482E-002
  -6.8760319818960816E-002
  -9.5929585626558407E-003
  -7.0619924244451113E-002
   1.6134832019280544E-002
 -0.10520811047199076     
  -3.6532794275596213E-002
   3.2736484483348552E-002
  -7.9521073175544466E-002
   1.2269477476514877E-003
   2.5402905638854393E-002
  -6.4974694785687057E-002
  -9.3551097485411877E-002
  -7.7379238400724859E-002
  -9.9784903031984062E-002
   8.2631768483464541E-002
   3.5717569771398561E-002
  0.15003975556265761     
   3.5149013037317288E-002
   5.6571106829049200E-002
   4.9286854706259292E-002
  -2.7742228807735969E-002
  0.11837475188334720     
   4.5826758934333467E-002
   8.2175448197644330E-002
 -0.30510900660869894     
  -2.9841716340894976E-002
 -0.17501385180070306     
 -0.11120486262354158     
  0.10513347265714645     
 -0.16590912038431616     
 -0.24909033049293916     
   5.5320264161512228E-002
  -4.8078178548375483E-002
  -4.5903984137727845E-002
  0.13506542441861458     
  0.15610998196899498     
 -0.13370147212507591     
   8.2582030316879745E-002
   8.4236496585274073E-002
  -5.1173837328452446E-002
  0.12156737208410975     
  0.20227115009947419     
  -8.7772070002464883E-002
  -7.3609371536271409E-002
   5.7061620243620088E-003
  -9.9889904013655037E-002
   1.3630731642601285E-003
  -3.1442858179070404E-003
  -9.9239945747317246E-002
 -0.18282017224564781     
   9.6698567654291592E-002
   6.3081679262696852E-002
  -4.4369681377100043E-003
  0.18375487582136471     
  0.19807039214133523     
  -4.5052249093871156E-002
   9.5178449465093143E-002
  0.21433630244596796     
 -0.17316292198538435     
  -5.1997061408182088E-003
  0.10794511009733143     
 -0.35585972225094303     
 -0.11394370241986090     
  0.21471640799758804     
  -1.5481029808743364E-002
   3.0207727269804016E-002
  -4.2739788119961757E-002
  -7.4870541262451698E-002
 -0.10419227910044354     
  0.12842283242574504     
  -4.8138132637376735E-002
 -0.20792134207607324     
  0.12745324454835408     
   5.4290559664777902E-002
  0.13353640626928298     
  0.15427038634602355     
   6.4896139705864858E-002
 -0.17185492032110089     
 -0.17949551985444004     
 -0.10651685546133507     
 -0.11187512811793003     
 -0.16388041699521294     
  -6.4710156625011839E-002
  -4.9027432455480552E-003
  -8.9089182900946334E-002
  0.15261657898232439     
  -4.1058558550194052E-002
 -0.16460795656677599     
  0.18023401766491370     
 -0.12503474348274093     
 -0.25556947830659454     
   8.7636616821445239E-003
 -0.11826526698449813     
   9.1022735976719490E-002
  0.31324210814684339     
  -4.3246252614475615E-002
 -0.39985024301658789     
  0.18554615656999660     
  -8.5658330377442846E-002
 -0.16071968819886429     
   6.4436587055279215E-002
 -0.17928076586181213     
  -7.0753181421311415E-002
 -0.16261936923623277     
   9.3880701756254389E-002
  0.49560293055013405     
 -0.42660987029215341     
   9.8368389691575950E-003
  0.12345041977592060     
 -0.14781344682630668     
  0.31153529313012862     
 -0.11621014201235677     
 -0.27898388671576052     
   1.0172599926649104E-002
 -0.34342729541338107     
   4.6278282877362346E-002
  0.42237503633330858     
   4.7662753204076556E-003
 -0.17254770878849465     
