   1.0494814190399531E-002
   1.4775806617076826E-002
  -6.1379343894485058E-003
   6.4758227688403742E-003
   1.5054839128809465E-002
   3.2555626445573409E-002
  -2.7918744787973093E-003
   9.8325132000530429E-003
   2.8072354957482327E-002
   1.7971230580499469E-002
  -7.3424884111152298E-003
   7.2942738553839889E-003
  -5.3220593195444496E-003
   2.4304241421965914E-002
   1.2796201549485298E-002
   2.2725931553731482E-002
   2.6066297423524037E-002
   5.6444186428201591E-004
   5.6846473035679010E-003
   3.2497660892446948E-003
   3.1117683049353851E-002
   2.6428695393334429E-003
   1.4666666583398514E-002
   9.1905066879198524E-003
  -3.8560799322866776E-005
   1.3129136292865417E-002
   1.3841212925331976E-002
   3.4664830376036440E-003
  -5.6254727580072302E-003
  -9.5105369186272506E-003
   1.7814118686881878E-002
   8.6426759114166130E-003
   6.8066658951050378E-003
   1.0581458599859589E-002
   1.3893440631014246E-002
   1.4471355659385010E-002
   7.4260243103438173E-003
   8.8712548626292236E-003
   3.8539675711073244E-003
   1.9581843134582784E-002
   1.9508498877839769E-002
   8.5755028195059445E-003
   8.3343856433163973E-004
   1.5670260392259085E-002
   2.8758622056320095E-003
   2.1989848685262388E-002
   7.8387683749647739E-003
   6.7953658661641381E-003
   6.9637064722707625E-003
  -2.2624385217332268E-003
   2.8211742747640818E-003
   1.0340777531164488E-002
   1.9185418859834727E-002
   6.1213275131788980E-003
   1.1546160436905753E-002
   2.3277686549899639E-002
   8.3321702427484445E-003
   2.1886134726373165E-002
   9.4276246859775932E-003
   1.0325339357268735E-002
   5.1942679346711857E-003
   1.8133556770082052E-002
   1.5003837909300762E-002
   2.7957872541394320E-002
   1.5180721962916574E-002
   7.0547193545230438E-003
  -1.7296754589911354E-003
   9.9935557133138293E-003
   7.1872896484067202E-003
   1.5967953137550235E-002
   5.0641905089495783E-003
  -9.0337126965478048E-003
   3.2815258640816200E-003
   1.0508400523985472E-002
  -7.5971504200352926E-003
   1.6683316404486779E-003
   1.2921836072096292E-002
   1.3402974762789926E-002
   2.1164571773437883E-002
  -3.8132946883450113E-003
   2.4451421551568230E-002
   1.7738355718725030E-003
   1.1902468012234192E-002
   3.8825058162279074E-003
   1.4236418981462093E-002
   1.3486429423271473E-002
   5.5011281375519213E-003
   4.1793031021838158E-003
   9.1865053154800789E-003
   1.9698957870407634E-002
   1.2965621457053949E-002
   1.1490443702928859E-002
   1.3927227109770714E-002
   1.3290770073094621E-002
   2.8064024208751311E-002
   1.3871254070722126E-002
   6.1359383442717340E-003
   1.8413353044004731E-002
   1.0380231737811940E-002
   1.7578019322253766E-002
