   1.0000000000000000     
  0.39683871852761854     
  0.10676920375744132     
   4.0482874493411328E-002
  -7.9505773451244863E-002
  -4.5583126215187349E-002
  -5.1709622849673169E-002
  -6.4897705071373629E-002
 -0.17951410469052406     
  -9.6790985542735450E-002
   4.9844724797818298E-002
  -2.5835337233687240E-002
  -7.8781964435599816E-002
  -6.6347421502042536E-002
  -2.7740733502668803E-003
   1.5093902177015159E-002
   6.3598239511830487E-003
   9.9105686699572954E-002
  -9.6387779287467855E-003
   2.9974211419242287E-002
   5.6896229253225947E-002
  -7.4411246215088156E-002
  -8.2782537997998229E-002
 -0.18401956960700930     
 -0.15544613019391476     
 -0.11736661712724897     
  -7.5636698646906073E-002
   6.7173808528952175E-002
  -7.0512957650495631E-002
 -0.17799655280957316     
 -0.23773003819365537     
 -0.14969608315100910     
  -5.0316915808228370E-002
  -2.5929933437191096E-003
  0.10304992274430126     
   5.3197910990261414E-003
  -9.2300133358245204E-002
  -2.4423547798810379E-002
  0.10598573985662441     
  0.12332279536936491     
   1.9086742342118618E-002
   2.0870919656037674E-002
   2.3501973239879157E-002
  -5.2867931787946659E-002
   1.5875082678838272E-002
   8.3112553257243173E-003
   4.2021434782135249E-002
  0.14629205889850380     
  0.13737572314632931     
   9.3821450042805954E-002
   7.2209546347520762E-002
   9.3821450042806009E-002
  0.13737572314632934     
  0.14629205889850372     
   4.2021434782135311E-002
   8.3112553257243069E-003
   1.5875082678838286E-002
  -5.2867931787946701E-002
   2.3501973239879136E-002
   2.0870919656037660E-002
   1.9086742342118566E-002
  0.12332279536936495     
  0.10598573985662439     
  -2.4423547798810480E-002
  -9.2300133358245218E-002
   5.3197910990261561E-003
  0.10304992274430122     
  -2.5929933437191153E-003
  -5.0316915808228356E-002
 -0.14969608315100913     
 -0.23773003819365515     
 -0.17799655280957333     
  -7.0512957650495631E-002
   6.7173808528952189E-002
  -7.5636698646906086E-002
 -0.11736661712724895     
 -0.15544613019391465     
 -0.18401956960700927     
  -8.2782537997998271E-002
  -7.4411246215088142E-002
   5.6896229253225940E-002
   2.9974211419242294E-002
  -9.6387779287467872E-003
   9.9105686699572954E-002
   6.3598239511830383E-003
   1.5093902177015133E-002
  -2.7740733502669064E-003
  -6.6347421502042495E-002
  -7.8781964435599816E-002
  -2.5835337233687250E-002
   4.9844724797818277E-002
  -9.6790985542735436E-002
 -0.17951410469052401     
  -6.4897705071373615E-002
  -5.1709622849673217E-002
  -4.5583126215187349E-002
  -7.9505773451244890E-002
   4.0482874493411314E-002
  0.10676920375744135     
  0.39683871852761854     
