  0.99899999999882294     
  0.29055255950308106     
   5.5151348022237860E-002
  -1.1122593586916741E-002
  -3.8830180698674707E-002
   5.8736866934940811E-002
  -3.1328885328315279E-002
  -8.5603160062648447E-003
  -2.7935174104268611E-002
   2.3084884102132764E-002
   6.3578225424393495E-002
   3.3456287469172937E-004
   1.2760955569282717E-002
   1.6639342977204966E-004
  -1.1128396257780426E-002
  -2.3458040286450297E-002
   1.9611348942077323E-002
  -1.3840062768422062E-002
  -1.9853668296430132E-002
  -3.8810551493749540E-002
  -8.8000586931658385E-003
  -4.1850347380106949E-002
  -9.7684004015173714E-003
   6.6716320357065553E-002
   3.0159798741593274E-002
  -2.1545367953295157E-003
  -1.3522523365688504E-002
  -6.2512190457733208E-002
  -2.1631911439285383E-002
   5.0566240175965921E-002
   2.0316770037370722E-002
  -4.4967113826098651E-002
   3.1222818763322327E-003
   2.3002737156495118E-002
   2.9582338344163114E-002
   6.9274157481640411E-002
   6.2869405501192993E-002
   5.4624391797561678E-002
   4.0782226134995891E-003
   1.6253322448629561E-002
   1.7757634008575957E-002
  -1.4553991479970607E-002
  -1.7085228287236837E-003
  -1.5095624302206748E-002
  -1.3430661227609289E-002
   1.0997451557822960E-002
   3.7283081999256985E-002
   5.4580204867263529E-003
  -2.2447428752375865E-002
  -7.6361748520815233E-003
   4.9746807793122584E-003
  -7.6415341321950806E-003
   1.3531280708455849E-002
  -1.1211542881432623E-002
  -3.0457665322374729E-003
  -2.3650093743101858E-002
  -1.9581209235217112E-002
   7.4959184696703320E-003
   1.3305062775418977E-002
   3.2664114696817875E-002
   9.3398763256853454E-003
  -3.7124497063679915E-002
  -1.8156068221495146E-002
   2.3331335377812620E-002
  -5.1287142804024889E-003
   2.6609751474627017E-003
  -1.2348648316949333E-002
  -1.5270258342711824E-002
   1.7550308085478195E-002
   6.3250178167755369E-002
   2.7051578771125861E-002
  -6.9941578683406058E-004
   2.8953288908550440E-002
   1.3305941620382950E-002
  -2.2809269843549172E-002
  -1.7042605597937445E-002
   4.7475957982066108E-002
   5.0847888531693676E-002
   1.7462124281602164E-002
   8.9924778378368108E-003
  -1.2371557035998805E-002
   1.5599762181982791E-002
   1.7589462699446830E-002
   4.3880128165919591E-003
  -4.3096711867844695E-002
  -5.8475814900697053E-002
  -4.3756221413187302E-003
  -1.7386775983502657E-003
  -5.8175550910590297E-002
  -2.6764155836152145E-002
  -8.5996160372072333E-002
   4.8754454376381999E-003
   2.5746935272254221E-002
   8.2945590630997788E-003
   2.7884023946074851E-002
   1.2640124617278913E-002
   4.1094846619669965E-002
  -2.8270584790196268E-004
   3.5159338617023715E-002
  -5.7723081053347993E-003
  -2.8816615331575871E-002
  -2.1130582956812665E-003
  -8.5289130530916777E-003
  -4.3125930717914512E-002
  -1.5019543507842441E-002
   1.5933665839381453E-002
   1.0701646605196865E-002
   5.7210576306172531E-002
   6.9759379159726451E-002
   6.5826170841459239E-002
   3.7125727245376820E-002
   4.2499731669821969E-003
  -8.8968884375219374E-003
   5.3209808149069972E-003
   8.1250902876448178E-002
  0.10712982148291440     
   8.6011141354026960E-002
   5.7295002376613120E-002
  -5.4845932886145668E-004
   7.9487111956048809E-002
   6.2923394128385518E-002
   2.6792176304895807E-002
   5.2795932674606100E-003
  -2.2643834983084241E-002
  -8.3572684610771393E-003
  -6.4462036808257614E-002
  -4.3051122816097666E-002
  -1.9602937562181507E-002
  -5.4680647687021973E-002
  -3.6850423620082393E-003
   8.3808389849191409E-003
   7.2201557098302838E-002
   6.7812456125138018E-002
   6.7996075320586644E-002
  -4.2878188123139033E-003
  -2.4643109718924364E-002
  -3.7428865122664974E-002
  -1.2712254342595266E-002
  -1.4745144429943487E-002
   1.5976217629764412E-002
   3.2385988392667327E-002
   5.3066459739674271E-003
  -1.7663126657193821E-002
  -3.5460781537480016E-002
  -1.1749817437616574E-002
  -6.7222170438432528E-003
   1.1803844572096253E-002
  -1.2387088291096544E-002
  -3.1839332113615663E-002
   1.3341771650815674E-002
  -1.5723326022024361E-002
  -1.9263903293659491E-003
   8.2365885016071234E-004
  -5.3439881587223119E-002
  -1.3026610753308269E-002
   6.2886559284751078E-002
   8.7855449991347090E-002
   2.6630932293968151E-002
   5.9073660816051665E-004
   4.9390678559996834E-002
   1.8367784640897312E-002
  -2.4660966157228920E-002
  -3.7962757394535793E-002
   7.8489331258619066E-003
   1.6659435690804428E-002
   1.2842340858946874E-002
   5.1728280881925007E-002
   7.2893055966873760E-003
   9.3396120560545748E-002
   7.4996226485839562E-002
   3.7288393543034266E-002
   3.8281286095756218E-003
  -2.2761187964589199E-002
   2.6076592886549923E-002
   6.3210386299610124E-003
   1.2412411236279525E-002
   2.5849159663946200E-002
  -1.8183567551849019E-002
   1.6570579143614803E-002
   2.1113461505597921E-002
   1.4017462401758470E-002
   4.2722225071580334E-003
  -5.6523396736391104E-002
  -2.8985793253185451E-002
  -1.7653576509638617E-002
  -2.8793974135408483E-002
   1.7238971162615647E-003
  -4.1492764513740399E-002
   1.5590048584511490E-003
   2.1718089262822166E-002
   2.8557278012342074E-002
   3.1880339756262512E-002
   4.4033119425782835E-002
  -3.6000303171533479E-002
  -4.0282136738656132E-002
  -2.0008598666136228E-002
  -3.1813820616765687E-002
  -2.6423145088327629E-002
  -4.2282039840867161E-002
  -4.0363849673976993E-002
  -1.9222215022995842E-002
  -2.0743536829189647E-002
   4.3339918059840984E-002
  -3.0555512340568408E-003
  -1.5045959134361684E-002
   3.4992945585024242E-002
   1.7542331404744236E-002
  -5.6760063770741338E-002
  -5.1540086838391362E-002
  -6.8119762572608706E-003
   1.0771721992756188E-002
   3.9123056709573750E-002
  -8.9426713933487816E-003
  -3.7907029214283336E-002
   2.5566959251584514E-002
   4.1998475058062694E-002
  -3.2483121193249919E-003
  -3.8758830312751152E-002
  -4.7462212744566384E-002
  -2.2414202869366347E-002
   2.8635366293461941E-002
   5.1271976456312734E-002
   1.9877888801573040E-002
  -1.5817586933779115E-002
   6.5135675665556628E-002
   4.4896537758778367E-002
   2.9965801075053193E-002
   3.8233375444213527E-002
  -3.8450592069812869E-002
  -4.2796145282078090E-004
  -2.6992005203004963E-002
   2.4981146376947420E-002
  -3.6126037584034796E-003
  -1.7422718013993435E-002
  -1.1284340909612235E-002
  -1.6679900867660517E-002
  -2.2472731507595056E-002
  -4.6431397611647857E-002
   1.1266149808129188E-002
  -1.5930395001264069E-002
  -3.4854411760158042E-002
  -5.3079881653644370E-003
  -4.0972494157355419E-002
  -7.3272235264316948E-002
  -4.1467133307589270E-002
  -6.7259514047594126E-003
   5.1331848283510437E-002
   6.5997168875439466E-002
   3.5895362102545132E-002
   1.9115392111756266E-002
  -4.2391990512651474E-003
  -4.3629275643992826E-002
  -2.6447683837172924E-002
  -2.0394129601608572E-002
  -1.0835229708715439E-002
  -2.6990092323086533E-002
  -4.5122313039447678E-002
  -3.3121578325871794E-002
 -0.10356523644157979     
  -2.2915131009468941E-002
   6.5424054631992700E-003
  -1.6285982432138160E-002
   2.5856055785508148E-003
  -5.5166900482460736E-002
   1.9440922029088092E-002
   1.5723366446072850E-003
  -2.9109796332461510E-002
  -5.7708302969323140E-003
   1.9840913742004796E-002
  -1.1744175138240606E-002
  -2.0656030289709901E-002
   9.7178900779798065E-003
  -1.6868847254765833E-002
   2.1474899157681332E-002
  -4.7026175523564931E-002
   1.0029619585817214E-002
   1.7962474966599046E-002
  -1.9578120260018636E-002
   7.4715448059142681E-002
   4.8418384872561011E-002
   4.2660483661796894E-002
   1.0022097364304648E-002
   2.8417466445180561E-002
   8.7468879366224883E-002
   2.9646607471388715E-002
   2.0757585485971512E-002
   3.5943303992995467E-003
  -5.5086929515911286E-002
   2.4218234588576418E-002
   1.7789405070885823E-002
   2.4864751997461659E-002
   4.9059578227445118E-002
   7.7057020440143226E-003
   1.8139725341854006E-002
   1.5864036243763490E-002
  -4.0150367051366924E-002
  -2.9157907413589031E-002
  -3.0312263373846907E-002
   5.6904016011799516E-003
   1.7860064526395828E-002
   1.0765103819702561E-003
  -2.5917610858234904E-002
  -4.4800243391445317E-002
  -2.3656002814221574E-002
  -6.7089676193406764E-002
  -4.0903083911592836E-002
  -1.3491901123341097E-002
  -2.5171441437497975E-002
  -1.8383342991102440E-002
  -6.6183126553359672E-002
  -7.9925090792333064E-002
  -6.2121960571770662E-002
  -6.7726622270138995E-002
  -1.8989592854486453E-002
   1.1333741066594393E-002
   7.5366727686099921E-002
  -3.5861904570106476E-002
  -7.5785770796087018E-002
   1.6538865489960645E-002
  -7.4241018261628937E-004
   4.0021458053888645E-003
  -2.2791615081138600E-002
   4.6877947957160354E-002
   6.7075409338198180E-002
  -1.4211457278346428E-002
   5.4046040153481710E-002
   1.5747408115584560E-002
   2.5996254576531104E-002
   3.7208487802017506E-002
   1.1944710624432982E-002
   6.4405323942632754E-003
   5.2859657989045898E-002
  -2.4992042946970987E-002
  -6.7048845670115667E-002
  -4.3540959476557999E-002
  -6.8150661586508759E-002
  -5.7331323658488829E-002
  -8.4972558648201107E-002
  -4.1937022365650015E-002
  -2.5594078974028059E-002
  -3.8790178585784603E-002
  -3.6454401744562656E-003
  -3.5753143007237219E-002
   5.0026257991783715E-002
   1.6587908531363283E-003
  -5.6714002352005726E-003
  -1.0041453331745723E-002
  -7.0932019523720677E-002
  -1.5318070776769596E-002
  -5.6411735415882285E-002
  -8.0917181195621163E-002
   1.0295712773360924E-002
   2.4361464374282301E-003
  -4.9192246593026616E-002
  -7.1684712473860310E-003
  -2.5476831954180587E-002
  -7.3211641083178874E-003
   6.3336823357013558E-002
   5.4352438422416244E-002
   1.1601521987229515E-002
   7.3236953020640802E-002
   2.4367108430915350E-002
   1.3217523234866985E-002
  -2.6552053486519778E-002
  -4.5033928556323349E-002
  -4.8432007154367629E-002
  -6.2763402335074978E-002
  -5.2062056103275633E-002
  -2.7292657092377978E-002
  -8.7971453022110298E-003
  -5.7869418158843562E-002
  -9.7256137374716625E-002
 -0.10207184647680920     
 -0.13083902940747383     
 -0.13916719820790591     
  -6.8290254934369271E-002
  -6.9783261249667092E-002
  -5.2080181627139073E-002
  -2.4660952564035919E-002
  -2.8353538782952811E-002
   5.0159945883372963E-002
  -5.1713011554862251E-003
  -3.2664877128567790E-002
   8.2866425460796384E-003
  -1.5534898870835430E-002
  -4.2616315664011084E-002
  -2.7366007290866565E-002
  -7.7057142684073534E-003
  -3.2830100351483107E-002
  -2.6596715695618351E-002
   8.2923862873164663E-003
   5.8130833777792308E-003
   2.8448501195756645E-002
   2.1851534397846838E-002
   3.2742122476536760E-002
   4.6628591829668033E-002
  -2.8826972308745844E-002
   4.2612402456151000E-002
   4.2045148335050637E-002
   7.6486904407600635E-003
   5.4266377768101240E-002
  -3.5748162041786158E-002
  -1.1053124014229055E-002
  -2.8281928799274283E-002
  -1.8759675351164018E-002
   1.3173424305553252E-002
  -4.7660230673367762E-002
  -1.0175124170628588E-002
  -2.1990015301141953E-002
  -1.8898655714387192E-002
  -9.7273165351508244E-003
  -3.0402659892322267E-002
  -1.4463395771506717E-002
  -3.7717455719489729E-002
  -1.2239213134424136E-002
  -5.0705639432609714E-004
  -3.7051505208492597E-004
   2.7602958841960030E-002
  -6.3195079439037419E-002
  -5.2813808555828991E-002
  -2.0156885443352295E-002
  -3.0183534603022096E-002
   3.9315233320391364E-002
   5.5072825746078557E-003
  -5.0229198857355578E-002
  -4.9744186947897326E-002
  -4.5155656728364718E-002
  -7.5871083940094938E-003
  -8.7747878651382380E-003
  -4.6411642168503055E-002
  -4.9379199200446418E-003
  -8.6850435502034112E-002
  -2.9723099166723117E-002
  -9.0330288363889968E-002
  -3.3139937846792943E-002
   8.9842941071595642E-002
   2.2809017079618073E-002
   4.3221682546705505E-002
   9.9934607313296051E-002
   3.7502219624118670E-002
   7.7829064755929905E-002
  -9.2176014466220993E-003
  -6.3847043180509655E-002
 -0.11274941310608426     
  -4.1744147966199921E-002
   6.3460457763014247E-002
   4.5465736050439250E-002
   4.5285481845298604E-002
  -4.6018904886960546E-002
  -1.4025849769501260E-002
   2.1171962279201990E-002
  -1.6269185546290962E-002
   6.1999550967033962E-003
  -8.3822880254238286E-002
   1.3891486415996506E-002
   2.7804075763201324E-004
   1.7169583416251240E-002
   1.2666366582235054E-002
  -6.3727627118225260E-003
  -6.3720749757028312E-003
  -2.2537712566621491E-002
  -2.1696085033867003E-003
   3.0695963515878548E-002
   7.6524549348890372E-003
   3.1922747360502789E-002
  -3.9894758510758228E-003
   6.6955129087717538E-003
  -1.6581180181798206E-002
  -7.1785845580112931E-002
  -6.3935674718760119E-002
   1.5437431768033831E-002
   4.0185492225576708E-003
  -3.8215201877750980E-002
  -3.1070191110156704E-002
   6.7204541034664847E-002
   3.0323489490485123E-002
  -6.6160970306235163E-003
   2.3163560001993213E-003
  -1.3305412238248640E-002
  -4.7741980301153251E-002
  -3.3363947242153656E-002
  -3.7547381283748966E-002
  -7.5805311374211731E-002
  -3.6205826289888401E-002
  -5.6155733471311413E-002
  -9.9524995665478386E-002
  -1.2546073137600281E-002
   5.2741210155161098E-003
   3.9759224060675516E-002
   7.4861193093846128E-003
   2.1170450364037507E-004
   3.1714133914357408E-002
  -5.3789344541072322E-002
  -3.6717161595646169E-002
  -4.2561082851372931E-002
  -2.7357995497618967E-003
  -2.4088410300452810E-002
  -1.1371949096935383E-002
   1.9649929774184068E-002
   8.0518216430358266E-002
   7.4816645564285300E-002
  -2.3489703075105530E-002
  -9.2378715988498967E-003
   5.7111043891797282E-003
  -2.7932343145517922E-002
  -3.7525378465630546E-002
  -2.7965876303921649E-002
  -2.1383910574752098E-003
  -1.9492054510795654E-002
   3.1914245052143492E-002
  -2.5958490483578796E-002
   7.9944277089934769E-003
  -3.8906939465276270E-002
   1.5712979562597552E-004
  -2.5747757969072586E-003
  -1.2572415217058328E-002
   5.5235742629313866E-003
   2.3807773966634201E-002
  -2.6496465844281395E-002
  -5.2700553953995311E-002
  -1.3347419727863965E-002
  -1.4034373129852692E-002
  -8.9410198601118235E-002
  -7.7438632257243734E-002
   4.1448577454514204E-002
   3.9786301381002382E-003
   3.1647598722648058E-002
  -8.6511127899776708E-003
  -4.6379413165701176E-002
  -2.2350104739123321E-002
  -3.2965013641205014E-002
   3.5856043051197599E-002
   4.8962190132104219E-002
   2.8602655029364547E-002
  -3.0273330813948871E-002
  -8.5935295139491039E-002
  -3.0399596577003083E-003
  -1.6764564956859733E-002
  -6.1189814472374968E-002
  -8.8935403401625673E-002
  -9.9376855428229841E-002
 -0.12377139668239158     
  -5.9738396185644999E-002
   5.3853129276368025E-002
  -2.4788439227995404E-003
  -5.5047416646423573E-003
   1.4110384210416460E-002
  -5.2788896035786792E-002
  -1.8191741347257120E-002
   1.5463603889453663E-002
  -3.3539979237342796E-002
  -6.7233448247778438E-002
  -6.5117035283186936E-002
   6.7820989422872360E-002
   9.2396724787818643E-002
   3.9700279927439505E-003
  -1.3987743460178248E-002
  -8.3941537214458475E-002
 -0.11206274236104902     
   1.6839914286227279E-002
   2.2222099745932623E-002
   3.1174713873269734E-002
   1.6408228474412891E-002
   4.4279362889001351E-003
  -2.9840564210653991E-002
  -9.1336971221524163E-002
   4.8440030264825032E-002
   1.5579114180870168E-002
   4.1660046345341172E-002
   2.9014324845090686E-002
  -1.0174837518191521E-003
   6.7313677673997763E-002
   7.0361905176724887E-002
   3.4081868724126649E-002
  -1.4605238706584842E-002
  -5.0852806967923089E-002
   4.2531553455115362E-002
   5.4397533013035189E-002
   6.1473780143276861E-002
   3.5442522900018332E-003
  -3.4028455702617352E-002
  -3.1727730299304320E-002
   4.7405615621198133E-002
   2.2718689553338538E-002
  -1.6355006263938338E-002
  -3.3090483146696825E-002
  -1.1676708620713730E-002
  -3.1562923163811839E-002
  -7.9583994587348716E-002
  -3.8579213464717307E-002
  -4.7177791641393040E-002
 -0.10410206106384175     
 -0.10907880501205622     
  -7.7222498324235481E-003
   2.2645969966342709E-002
  0.10241088527229746     
  0.11010680294271545     
   2.1643125344166271E-002
   3.2603892873779995E-002
  -9.3248779306669180E-002
  -5.7109396157134909E-002
  -3.5234154188610978E-002
   2.0953787703085945E-002
   3.3273862976070719E-002
  -2.6441395714629515E-002
   6.4428106636278654E-002
   6.9240319036997552E-002
  0.12957451737358153     
   7.1163310699649110E-002
   3.8472774699821445E-002
   4.4079710734805919E-002
   4.0632568136418357E-002
  -2.1673953267501853E-002
   4.8567909822670841E-002
   2.4244838203965665E-002
  -6.8828804149578038E-002
  -3.1601674033626188E-002
   2.6813996004449144E-003
   4.2032519564293228E-002
   5.8744119140498319E-002
  -2.5605458449180846E-002
  -2.1170588343522454E-002
   5.3029422371807917E-002
  -4.7698131061480568E-002
  -4.0542644405341492E-002
  -3.5361371830125485E-002
   3.4782094344186130E-002
   2.6681016246803874E-002
   9.5454291289391955E-003
   5.6423586770765297E-002
   6.8156805592936617E-002
   4.3505482832719052E-003
  -6.7980546717595625E-002
 -0.10311297672290796     
  -7.6380834026394409E-002
  -8.3875405844007225E-002
  -3.2698594573796612E-002
   9.3033428697984304E-003
  -7.9449121348043619E-002
   1.0183616960894241E-003
  0.12352670042526001     
   2.3121949109527491E-002
   1.9277546284547871E-002
  -1.8606777702178647E-002
   7.1025820053117306E-002
  0.12730707437867231     
  0.12414422655370412     
   3.0520012684560646E-003
  -9.8198600426432511E-002
  -9.3857643413215744E-002
  -7.3039840091674718E-002
  -5.4084055437274917E-002
  -5.2963546933813159E-002
 -0.11224198379871159     
  -8.1100727149465895E-002
  -4.0132102474325748E-002
  -5.1133211272120629E-002
  -5.0698347346965086E-002
  -5.6853273760108847E-002
   4.2858587847589391E-002
  -2.8153864698591182E-003
  -3.0792933985203722E-002
  -4.4980056797947650E-003
  -2.0177940538133900E-002
  -6.5317218595357829E-002
  -8.4627272193762873E-004
   9.7753337929874159E-002
   4.8101334135525975E-002
   1.3054053187465629E-002
   4.9939800069979265E-002
  -2.7678698409125398E-002
   2.7619040607422894E-002
   2.3209160213112780E-002
   7.8424319273645987E-003
   7.7291994651897461E-003
   4.7137376954757032E-002
  0.12926181052303709     
   3.9352830076028383E-002
   4.0720362214173973E-002
   6.6550596325430492E-002
   1.8389067999314362E-002
   3.8520913746063908E-003
   5.2686467103210559E-002
  0.11428011700709333     
   1.3891459440691372E-002
   4.7793664707011123E-002
   6.7492643463803098E-002
   2.1442785658360587E-002
   1.9149482296265317E-002
   1.2462243811617700E-002
  -2.0983201440632995E-002
   5.9613532706556003E-003
   1.5919841108489433E-002
  -1.4255496696234911E-002
   1.8364840390804951E-002
   1.5654075484268927E-002
  -5.0110254803202581E-002
  -5.5889239437439092E-002
  -5.1960183293979632E-002
  -1.1045029477494304E-002
  -1.6857699979613949E-002
  -5.7200483568756608E-002
  -1.8546879214267099E-002
   4.8988983734902063E-002
   3.5980458183011640E-002
   8.8277561140908661E-003
  -8.8311349703629388E-002
 -0.10145673053772553     
   3.6005479859041137E-002
   6.9532258230958627E-002
  -5.8961772942232819E-003
   2.8646075631968682E-002
   7.3826231163648490E-002
   7.0367255664446973E-002
   5.4180413260446784E-003
   2.1344674394327565E-002
  -7.1131736482822215E-004
  -1.8637727659316669E-003
   5.8716383685287955E-002
  -4.4640234400883192E-003
   5.4147079424324326E-002
   2.1478466473511343E-002
  0.15354523637725226     
  0.13081251261037477     
  -5.8516502030770023E-002
  -5.6034273050999020E-002
 -0.10160272694984454     
  -2.8926857729627942E-002
   7.0291459362186989E-002
  -1.0102819181907807E-002
  -5.0915421149028271E-002
  -9.2909781062255614E-002
  -7.6131326666998107E-003
 -0.16773568554796317     
 -0.13329360055997050     
   1.8551510957667744E-002
   6.4062999187962016E-002
  0.15963558108648307     
  0.16348528507415586     
   4.9573277475855028E-002
  -2.1767250982854973E-002
  -1.8765190125181772E-002
  -3.3001328974394735E-002
  -6.4626364183381704E-002
 -0.11784655938177334     
   2.7152432564597870E-003
  0.10452829262035279     
   2.4095985648387420E-003
   6.7278626842498704E-002
  -8.8142569560163614E-002
  -2.6271798157172174E-002
   4.9665275459139117E-002
   4.8389049814166474E-003
   8.1094710065999793E-003
   6.6689211593530431E-002
   9.0436110834294411E-002
  -2.7668000225883463E-002
  -3.6336340182144544E-002
   3.4744978274951911E-002
   6.4187971922188225E-002
   7.0535132658691643E-002
   1.8410683732460281E-002
  -7.1813432300496777E-002
  -6.3728777501637954E-002
   1.8894796174086955E-002
   1.3448587191993837E-002
   6.0647478021961528E-002
  -1.3678729183627635E-002
  -6.3779056507166212E-002
  -5.4117590460592287E-002
  -7.7927052033230873E-002
  -4.8039519970361731E-002
  -9.6956533557294736E-002
  -9.3224775443480346E-002
   1.5930415259056935E-002
   5.6901829813236944E-002
   5.7127471492261883E-002
  0.20591897331562375     
  0.11680947296350878     
   1.6592306977061073E-003
   5.8946180369940128E-002
   8.0255409355271243E-002
   7.6830241782316335E-003
  -5.0084798318666794E-002
   1.9296483274809435E-002
  -4.6861773388481914E-003
   5.1699069537458758E-002
   2.8928006035237382E-005
  -3.1008140639418400E-002
  -2.3394663401266027E-002
   2.8654711598118936E-002
   6.7539965348695802E-002
   7.3273592208699181E-002
   3.7708925850724925E-002
  -7.4507716400678894E-002
   8.5523550205271123E-002
   1.4803887102611676E-002
  0.10660287325912166     
   9.0451556180536241E-002
   8.7285102195951828E-002
  0.15673290376991056     
  -2.0364531145195000E-002
  -2.3101569122263872E-002
  -8.8870958751301327E-003
   2.6409967740586566E-003
   6.9509548598421893E-003
  -1.1946957475768574E-003
   5.6988723687717104E-002
   3.2143659386304320E-002
   5.3122102360591547E-002
  -1.2259639567355683E-002
 -0.15142202896891738     
 -0.24255285261920317     
  -8.1022005382625981E-002
   4.1128572229622122E-002
   4.9734592684575751E-002
   9.3934678845427576E-003
  -2.0848369745211249E-002
   8.9472965474541213E-002
  -1.1891934972829249E-002
 -0.10410969121214697     
 -0.13475123672810421     
  -7.4695036717739374E-002
   6.0926185250296236E-002
   2.1974954064921969E-002
  -2.6016596646982360E-002
  -3.3870178922811162E-003
   1.8975547000433263E-002
   9.9150523953071543E-002
   4.2971943267863466E-002
  -6.4493434781541362E-002
   1.3103009129602758E-002
   9.7229736960445276E-002
   7.7481589728197658E-002
   3.0456541800209361E-002
  -4.5186034799688996E-002
   2.1218932101362172E-002
   6.6276190200297805E-002
  -1.4694712889948032E-002
  -3.8408802703897717E-002
 -0.21728763837680848     
 -0.18659831194270887     
  -5.2656906877186535E-002
  -4.5026026885256344E-002
   2.1793953736743001E-002
   2.7638836462242956E-002
   9.9344791298523527E-002
   9.9307406016639801E-002
  -5.6921921608651102E-002
   8.9358951274815412E-002
 -0.11391560487211892     
  -4.8785167443385673E-002
   5.4544305414755571E-002
   3.9536633830369025E-002
  0.17563996473904453     
  0.11469315029904494     
  -4.2789046106231993E-002
  -1.4048919806367310E-003
  -2.4625749558533656E-002
  -1.3678474530540779E-003
   4.5426295819026880E-002
   1.0769829892316533E-002
  -2.6868765245885020E-002
  -2.9640533226632067E-002
 -0.12177621753976095     
 -0.10581924723110178     
 -0.11826540007075062     
   6.0715887539743323E-002
  0.13049035415382526     
   7.8448961950007501E-002
   1.7837745924272175E-002
  -3.0048012696975015E-002
  0.13234963697158614     
   2.4384780118318992E-002
  -3.4137187191281074E-002
  0.13974371962243934     
   8.1566723588347823E-002
  0.14825672074967869     
   6.7369673401566202E-002
 -0.10638605798901114     
 -0.22111186127041521     
  -9.9481595619770519E-002
   4.9333855525210829E-002
   7.9513172343329500E-003
   2.0507697180129000E-002
  -2.5076354693767108E-002
  0.19192516685240946     
  0.12391367859566119     
   6.0161460659866099E-002
 -0.14888157021279658     
 -0.17942756050264022     
  0.13586914877650189     
  0.21885651789175173     
  0.12389069557042090     
   1.0632758327880559E-002
   7.7237444991430843E-002
  0.15319088956395099     
   7.5551841130783795E-002
  -3.1317143471681123E-002
 -0.15371370273803359     
   5.7900883182094673E-002
  0.21722088281476212     
  -6.0341572984798093E-002
 -0.26450678461006732     
  -3.1340005633462113E-002
  0.18804196003354395     
  0.11364948810308631     
  -4.5252430398473778E-002
  -3.9204756862167456E-002
   5.4467052204397078E-002
   5.3993354678335714E-002
   9.8348125947996273E-002
   1.8599184894709259E-002
   5.1501321774837468E-002
   6.4045317223614021E-002
  -3.3238552832626909E-002
  -5.6288366228480040E-002
 -0.13143796627770649     
   1.3410279307493394E-002
   6.4025033266083093E-003
   6.4691620424710022E-002
  -6.3799043822837243E-002
 -0.11293708567835298     
   2.1301336990832039E-002
  0.24584249417992210     
   3.7211433921809277E-002
  -2.5897838995020503E-002
   4.3566880247265342E-002
  0.13709816112367054     
   3.0381102846350282E-002
 -0.12498344609164289     
 -0.10346082644420297     
  -8.1055211798819748E-002
  -3.3032767802345847E-002
  0.11068724753044401     
  -7.1771589550198231E-002
   4.6609833934039321E-002
  0.21458241359390359     
  -3.1721352710899979E-002
 -0.23173082266267553     
  0.13125349897345748     
  0.26322906936529655     
   2.4743845734546303E-002
 -0.12809372004030037     
  -1.5299186730146823E-002
   6.7928055372384027E-002
   5.9280319297952751E-002
  -2.0838338771515367E-002
 -0.19228374734500431     
  -9.8787474142386270E-002
  -5.9770605969364836E-002
 -0.13777449783558374     
   6.4408022077526179E-003
   3.5059552365387041E-002
   2.7311320709635482E-002
   8.5385041591664546E-002
  0.13977212512891643     
   2.6901673667370684E-002
 -0.26918487657012496     
 -0.29000655916598161     
  -2.7840280575518093E-002
  0.14823130590540382     
  -1.1826215317034743E-002
  0.26249529961763740     
  0.24860209352496512     
   5.2231869374394085E-002
 -0.17735409929054524     
 -0.28464811999971507     
  -1.8065425820206964E-002
  0.26506017908940743     
  0.45300490049659520     
  0.11582942365373708     
 -0.18981239562666624     
   7.3952589429073193E-002
 -0.21180253829990781     
 -0.28567290672319945     
 -0.30205866515904939     
 -0.14394637753679507     
  0.12284549140720318     
   9.9131863612044083E-002
  -1.2286902323692202E-002
 -0.20557858980767282     
  -8.3366521770480984E-002
   2.5478452252919045E-002
  0.13737784214589627     
   9.0799145730896924E-002
  0.13093426908181860     
  0.25775770950689425     
  0.15237365725221730     
  0.10929754433678122     
 -0.14511616726089063     
 -0.12425740310799979     
  0.31424773557082641     
  0.71381283690933128     
 -0.18420186735126706     
  -1.3909301326967280     
 -0.43821721550399789     
  0.83494671319318514     
  0.42408741716976089     
 -0.99665233314101842     
