  0.64771861604292125     
  0.63342035464168156     
  0.63314975291624320     
  0.65295393916440891     
  0.66729707086353107     
  0.64811394233925312     
  0.63854583137293408     
  0.63859585202990599     
  0.63441193654264239     
  0.63614755085082986     
  0.63703460890507790     
  0.65160575242727647     
  0.64014805496102845     
  0.64193394339893528     
  0.62828706543561386     
  0.62338779335699979     
  0.62920072853766607     
  0.61010538070815201     
  0.63385168194127373     
  0.64023137179994105     
  0.64522884981439965     
  0.66003015131986609     
  0.63632586878523867     
  0.64210047759935041     
  0.63353151495330318     
  0.63839052981069500     
  0.64965506023908381     
  0.66582449114183972     
  0.66203699224450951     
  0.63660903036923289     
  0.64243844418305585     
  0.64678859733512795     
  0.63711616801001292     
  0.64410182762017287     
  0.64173200642457429     
  0.62981390127008563     
  0.63606902619130390     
  0.65971662385032803     
  0.62705158212003365     
  0.64047618491561475     
  0.64158275986433666     
  0.64122788094309835     
  0.62907356911329004     
  0.62329843977879373     
  0.62217500831571260     
  0.62223464874010670     
  0.62748926990110432     
  0.63039701013456484     
  0.63527119406092980     
  0.64181619647071053     
  0.63144570436525338     
  0.64150648860746418     
  0.64466225732712634     
  0.64157075244563400     
  0.63611941661919635     
  0.64534055070962071     
  0.65235898921868252     
  0.63634894473552484     
  0.63738479890813082     
  0.65194814862284778     
  0.64482544461188851     
  0.60961509670637248     
  0.62865399770768959     
  0.64117704778627393     
  0.65518959925397835     
  0.64064053425091927     
  0.63908137631858530     
  0.64437317746954503     
  0.63457635251702271     
  0.63666637888752009     
  0.62751663275826597     
  0.63469116588946106     
  0.63411041793590694     
  0.65197196710138261     
  0.63493376679505964     
  0.63067366544765291     
  0.64337996679475595     
  0.64918205413935770     
  0.64676676948397460     
  0.64272638277076821     
  0.65285067688298726     
  0.65250113601969606     
  0.65886453467185913     
  0.62957999631531725     
  0.61228239908212034     
  0.64107344900164975     
  0.63852242466265252     
  0.63683696014537716     
  0.63354983547396404     
  0.62942071265325339     
  0.65153254229184221     
  0.64751748051909053     
  0.62713054128114420     
  0.61115647598394240     
  0.60618064407935279     
  0.64429481959538848     
  0.65680520575389767     
  0.64394563459289866     
  0.65825651205163405     
  0.63192745922274929     
  0.65262442494805495     
  0.64665031162699571     
  0.65227133916846913     
  0.63339909597612776     
  0.63090211814888963     
  0.66537217670545556     
  0.64263596993984262     
  0.64903601705725622     
  0.64215860855796802     
  0.63299441450904104     
  0.63354307010128230     
  0.62853533573417719     
  0.62917302744841264     
  0.61389448099424504     
  0.65534959224065759     
  0.63386861072128253     
  0.65607239293192821     
  0.65730563305892087     
  0.65532266353905444     
  0.66505516156399946     
  0.63627191574450692     
  0.64141274408595317     
  0.64079342771493575     
  0.63720259900369358     
  0.65212466218556742     
  0.64019815129782487     
  0.63729812417414988     
  0.63551915119497004     
  0.64836415290877203     
  0.64031549880739991     
  0.63827807890936727     
  0.63148703668575978     
  0.62907505567282740     
  0.62382110729714013     
  0.64100391070221197     
  0.64525023912723289     
  0.63476795320126778     
  0.65406810874618482     
  0.62883053507025011     
  0.64748562694240974     
  0.65287836203618410     
  0.59921504612684562     
  0.64367086300922260     
  0.63379168832193311     
  0.64162585245452042     
  0.66061872431414448     
  0.64405265264297284     
  0.65153052663213362     
  0.64239282351766125     
  0.65221057387176518     
  0.64784963479322133     
  0.63692679715132317     
  0.62105803472235244     
  0.62408144218309025     
  0.64636793395460490     
  0.63638441262404255     
  0.63415130549200072     
  0.63511065491522756     
  0.62589760156418150     
  0.62704401656681397     
  0.63403916943413496     
  0.63482280238301902     
  0.63132716605823935     
  0.64633300156535922     
  0.62858914883077754     
  0.61886091139838506     
  0.63701684101502776     
  0.62798591838591655     
  0.64983732563809926     
  0.64742690489603616     
  0.65722163677426138     
  0.62548408197577443     
  0.63621214283792549     
  0.64933677536868850     
  0.64947143598167878     
  0.64756308409764429     
  0.64231079184616324     
  0.63384777748512378     
  0.64427124780881329     
  0.65885457778307077     
  0.64536774786886442     
  0.64981854491367963     
  0.63763284742732718     
  0.65563643872461408     
  0.64920246314438779     
  0.65032080837228523     
  0.65222749617541009     
  0.65035197167403613     
  0.64169025886480813     
  0.63639167290562293     
  0.63637100361018761     
  0.63685260162106361     
  0.62814818102420789     
  0.63685118568780597     
  0.65502694101203407     
  0.62184364363574296     
  0.63885283517912317     
  0.65345130297431397     
  0.65060416167294355     
  0.65369448249679585     
  0.64852780310978364     
  0.63502829676876515     
  0.63125688623959042     
  0.63586282920382764     
  0.62888422501699737     
  0.64056927114848872     
  0.62327825971909290     
  0.64145976455715348     
  0.63639145482648818     
  0.64490450376691288     
  0.63205089026323114     
  0.64304960750494211     
  0.63728689743430822     
  0.66054505861106139     
  0.64381726079820678     
  0.65604738478176983     
  0.65230788912318616     
  0.64734102362552559     
  0.64541227646874921     
  0.62568260254787011     
  0.62982432758494755     
  0.63079309178135823     
  0.64544905249794171     
  0.65908089159553929     
  0.62133871312494215     
  0.65374554497650217     
  0.64981494936585182     
  0.64168621101988910     
  0.62731738657903158     
  0.64174144689981372     
  0.63978666693041286     
  0.64175077540235193     
  0.65223514876837596     
  0.64006914614382904     
  0.62288223150278110     
  0.64830440441132375     
  0.64373291902661745     
  0.64437259584918727     
  0.64148101595591800     
  0.62947414773616739     
  0.61597479788394904     
  0.62833447295540823     
  0.64776505542848617     
  0.62786481755643830     
  0.63093206587293482     
  0.65337513975629558     
  0.65753792649107468     
  0.64541164022050723     
  0.64037198500016967     
  0.64171596466044400     
  0.62553212917965650     
  0.64293620130188078     
  0.65096871910021148     
  0.63568150198856843     
  0.63846261278107974     
  0.63088738632063157     
  0.63026605201540320     
  0.64925541502122741     
  0.64986695088783397     
  0.65361750365695426     
  0.63158337861799374     
  0.64708721814097270     
  0.64037810490538938     
  0.61662498385348186     
  0.64662463704443685     
  0.64119462329827637     
  0.64408023027948669     
  0.62001151439821267     
  0.63977667572871399     
  0.65075969292693114     
  0.62480376946734206     
  0.64386702856001432     
  0.63186082669388632     
  0.64335336234815921     
  0.63022057899518424     
  0.63249088729410918     
  0.63650402851034549     
  0.63129791136045921     
  0.64547627029207177     
  0.64139360993824412     
  0.66063567552040336     
  0.64972321674441269     
  0.64172308250368804     
  0.64204253686242363     
  0.62318935948790743     
  0.65165050252013912     
  0.65401917701001899     
  0.64353856111676599     
  0.64875992261226167     
  0.63243054410307653     
  0.64079283011335952     
  0.64993450657659746     
  0.63665234076570920     
  0.65041130875985953     
  0.64550949461550344     
  0.63934118076856972     
  0.65292780817586815     
  0.64578398415993354     
  0.64473552769942843     
  0.63524676562402993     
  0.62152911060783056     
  0.64441707119802372     
  0.66074304883844892     
  0.64112627090059604     
  0.65603635600093901     
  0.64852944783178557     
  0.64938876706762327     
  0.64562743175740978     
  0.63856574404138000     
  0.63078553815229632     
  0.63682555065487112     
  0.64115115097205166     
  0.63897718838690898     
  0.62716450362418596     
  0.62685469705259755     
  0.64709694782448046     
  0.63979022450386325     
  0.62242315222219746     
  0.63351978102189177     
  0.66066949203776892     
  0.65324835723761443     
  0.64277123386302359     
  0.64529600104794893     
  0.62391827382799570     
  0.62837398153405111     
  0.62251652256263568     
  0.63525022852141466     
  0.63998512521967799     
  0.65094793673476747     
  0.64985389245996250     
  0.64207254669116487     
  0.66093926290839056     
  0.62752477781067717     
  0.61426914364918683     
  0.61827779974636188     
  0.62675194957731684     
  0.63246937479904142     
  0.64483840658656244     
  0.64518297300473382     
  0.62454429193757521     
  0.61768167765432569     
  0.63853610843239950     
  0.66496946327652118     
  0.64947390781837011     
  0.64838544367941153     
  0.64068532551880186     
  0.65122299664752714     
  0.62204574130425261     
  0.63431618037806681     
  0.65165378154022413     
  0.64710336894172926     
  0.64042604705178485     
  0.65457163315869604     
  0.64317323457933950     
  0.64538343163752709     
  0.65151206923874061     
  0.64357456591610851     
  0.62576437894422743     
  0.62792409938962446     
  0.61824306706328525     
  0.62599211531845067     
  0.62632700924224904     
  0.64858733185178352     
  0.64700656120315980     
  0.66510823386297391     
  0.64425478494099930     
  0.64865175328696090     
  0.64623909560972181     
  0.62644839220397774     
  0.63970851235741533     
  0.60879440759022119     
  0.63186608739352035     
  0.63673729472565999     
  0.64510607781541274     
  0.64431284296074720     
  0.61781579689538857     
  0.62660798322138789     
  0.64983906614477926     
  0.68418313793736918     
  0.66085479881888753     
  0.63998797024210974     
  0.64800360754216868     
  0.63390276403646029     
  0.64594531982871073     
  0.64876646811758976     
  0.65316671891746980     
  0.63802801235568107     
  0.64470857940007353     
  0.64700605028888103     
  0.65056798097221791     
  0.65025992456633730     
  0.65139548778123846     
  0.63149242492760971     
  0.63117181972914294     
  0.63425587282838836     
  0.65276614990562398     
  0.63646827746342471     
  0.63812501317981452     
  0.63138599108505622     
  0.63120744713343402     
  0.62416310387841989     
  0.65150560581233308     
  0.64470848518687063     
  0.63534262074476944     
  0.62971886486775197     
  0.61297146487510568     
  0.62120387495782503     
  0.62736447754257896     
  0.64989802354859838     
  0.64425498295734673     
  0.64618906819607846     
  0.64492003191728031     
  0.64771873730580665     
  0.66518562916292145     
  0.64774513645519061     
  0.66014049832378818     
  0.62667223126630367     
  0.63439077101207275     
  0.65479488788067608     
  0.63994681074636728     
  0.67034941105983281     
  0.64461775270214372     
  0.64388581292313440     
  0.65681195794823555     
  0.66480131396616216     
  0.64787093839142929     
  0.63094484572790210     
  0.63813114472221999     
  0.64029413866201623     
  0.64897043147102518     
  0.63419702084850516     
  0.63354158790904069     
  0.63219174056587546     
  0.63745093321316870     
  0.63227558928529481     
  0.65057467741830111     
  0.65946165198462980     
  0.66039011768394240     
  0.64313383661179080     
  0.64093279998105690     
  0.63466087627994494     
  0.65274908934548093     
  0.63932818826726456     
  0.66548729772142889     
  0.65149699044323284     
  0.65736613451223969     
  0.64389297133879919     
  0.62926139220814103     
  0.65914046373430779     
  0.65608077389866737     
  0.65241698290319616     
  0.65659495875808160     
  0.64132719888873946     
  0.64814435532887160     
  0.64499243197517020     
  0.63467630748730375     
  0.64555433801507112     
  0.65504271133664393     
  0.64402940987621571     
  0.65183367383654656     
  0.66287341290873703     
  0.65684735582627385     
  0.65639106070790543     
  0.64005157898471643     
  0.64311114252180990     
  0.67333442707727542     
  0.65256062134531856     
  0.63890646263812023     
  0.64798669514702611     
  0.64815857614086914     
  0.63697099328914231     
  0.65294199754667603     
  0.63676592563470458     
  0.64059083363733216     
  0.64871937169291594     
  0.65018848294861709     
  0.64738031347637748     
  0.65940052924343362     
  0.65240294198761406     
  0.64199487634768093     
  0.63779516269433456     
  0.63687845989078651     
  0.64392165872490137     
  0.64551007104064706     
  0.63204823590838899     
  0.64904003526846610     
  0.62441680490691320     
  0.63070777859756288     
  0.63685507581699863     
  0.61630654753172487     
  0.63062157339674041     
  0.64764365671509960     
  0.62657076212225982     
  0.64288887614810875     
  0.65051938242908458     
  0.64080047472662993     
  0.64413719543070092     
  0.65191028129890194     
  0.63672789309160605     
  0.64852408863474187     
  0.64530231153328621     
  0.64585093090773615     
  0.64950939174152655     
  0.63782172754566480     
  0.64095328550810482     
  0.64504063828463698     
  0.63833627605992016     
  0.64955564334746252     
  0.62366608847744065     
  0.65059319927492965     
  0.63405083418065733     
  0.64341221825418515     
  0.64420030573867182     
  0.64004244054996628     
  0.64392049991793832     
  0.64474311161126574     
  0.62492827444265253     
  0.65853756799286378     
  0.63997729229724265     
  0.63434534511232854     
  0.63557912528459726     
  0.64059293478516155     
  0.64730918363294843     
  0.63368400637195632     
  0.62368210574306604     
  0.64806691441905462     
  0.64933838947507894     
  0.64623381880512865     
  0.64180030756235540     
  0.64589025723574101     
  0.65782094090264553     
  0.64252871516495058     
  0.65126700446859120     
  0.64417785510376946     
  0.64219176120263255     
  0.63581793924502228     
  0.63403085928465219     
  0.66482964251719046     
  0.62502400306076333     
  0.64495564312555642     
  0.64303683483453189     
  0.61976650454673110     
  0.65580523752542486     
  0.64578781258972562     
  0.64983742773541486     
  0.64249368441573118     
  0.64078628949466454     
  0.65712918839911483     
  0.63306173502686847     
  0.61383584863877483     
  0.63667244642417520     
  0.62299526070186895     
  0.64598290113457357     
  0.63054139336335613     
  0.64647346691349383     
  0.64157035809758467     
  0.64871364245478857     
  0.66997228953859655     
  0.62797428303492653     
  0.64632007778233092     
  0.63963188601708110     
  0.62973762544220746     
  0.61879120162185619     
  0.62793449330954931     
  0.64899547673198565     
  0.64588144158329708     
  0.66191003874809595     
  0.65118966738371242     
  0.64410726887579872     
  0.65317539987507200     
  0.64759309847812263     
  0.63828819104314816     
  0.65200633935388719     
  0.65708958577522159     
  0.65925226923847002     
  0.65427371683414581     
  0.65682560231441456     
  0.65647218181462075     
  0.63721602058607374     
  0.64835825321684570     
  0.66337035792879240     
  0.64224121954736302     
  0.65959285566655668     
  0.66608127640589110     
  0.66480237123330599     
  0.65063358168206731     
  0.63632144379118960     
  0.64865716273631668     
  0.65401642157578843     
  0.66476692148663408     
  0.64359024756257166     
  0.62778166593088736     
  0.64057999216559103     
  0.63980316636269774     
  0.63592280721602190     
  0.64138067848966529     
  0.63557645878778490     
  0.63601220737021424     
  0.65115356044350281     
  0.64105724820085763     
  0.63428289172891728     
  0.64160965475198073     
  0.65090179778555157     
  0.65413851696152003     
  0.64861492801569443     
  0.65033344156666661     
  0.64302768271691080     
  0.65146187903680808     
  0.64458824194434849     
  0.66431665918835625     
  0.65268122228210101     
  0.65401549067711473     
  0.62785233798845363     
  0.64771553549487926     
  0.64295519482147878     
  0.62584798388824647     
  0.64593260402494657     
  0.63761569025591791     
  0.62979034116315802     
  0.63557379249003931     
  0.63384857111616932     
  0.65490117248405821     
  0.65065766849164641     
  0.64150495178328437     
  0.64674171746072751     
  0.63288278455855052     
  0.64692410771403763     
  0.61621410004529231     
  0.62712910914057163     
  0.63702700596227946     
  0.63748067280334419     
  0.63044262093549375     
  0.64796541690721632     
  0.65206177981029589     
  0.65985254239794389     
  0.65616831201768855     
  0.63178376402155578     
  0.65757776096536447     
  0.63145163873610755     
  0.63334664369963323     
  0.63948486961753770     
  0.64541078281034447     
  0.64777909059338590     
  0.63056722941330967     
  0.65517197436489161     
  0.65635368608572664     
  0.64909650172331890     
  0.63910983610728378     
  0.64618317621887678     
  0.65007173236134430     
  0.66350923774952630     
  0.65926329990115040     
  0.61460194049726091     
  0.62071724460746358     
  0.61243469597913824     
  0.63748945424817605     
  0.63419444793788526     
  0.63819253457773151     
  0.64811883612633714     
  0.63782447679595622     
  0.62723025788288900     
  0.64458765642179050     
  0.64810420310298700     
  0.64270520691366639     
  0.63823808893724099     
  0.62173094823198605     
  0.62107223671077660     
  0.64886281731895679     
  0.65385084444131525     
  0.64648033709673813     
  0.64425980662976345     
  0.66199557720351165     
  0.65053196279991210     
  0.64103556654089022     
  0.64813965108401661     
  0.64493330005388394     
  0.63018371591090494     
  0.64594455959135999     
  0.62858155555080331     
  0.63121429220703018     
  0.65405084219620535     
  0.64080212211689058     
  0.64593664864445521     
  0.64337314423122083     
  0.63249948442266046     
  0.64814275670730859     
  0.64104716703036613     
  0.65998590950108715     
  0.65621086826342778     
  0.62818386471356691     
  0.64242808782798522     
  0.64658192221452415     
  0.65020388423620890     
  0.65498679214627731     
  0.63945512669073490     
  0.61717910914086582     
  0.65097050127065714     
  0.64757379006529947     
  0.65325550863706128     
  0.64895997609277789     
  0.64736252576821063     
  0.62770051852969022     
  0.64322035166433711     
  0.67023251519002403     
  0.66552379565974173     
  0.64182481948524261     
  0.64025206869991502     
  0.64239767111693191     
  0.64272709038652853     
  0.63489810339728314     
  0.62203319617692254     
  0.63885403452021561     
  0.65802543301694605     
  0.65317412374459582     
  0.63444734460682151     
  0.63776266074861998     
  0.64042109715831608     
  0.63116003633874773     
  0.64725293225523173     
  0.61776647560926512     
  0.62733163633274147     
  0.64787447024623623     
  0.63973688759437974     
  0.64250054928658806     
  0.65679232250781949     
  0.64805805400690131     
  0.64738189883391994     
  0.62955648380874685     
  0.63272009258355943     
  0.62436156229631101     
  0.61140170721539355     
  0.63313708428468185     
  0.65077924140899179     
  0.63553258438370253     
  0.64639789779502232     
  0.65168028174844606     
  0.64287020381130300     
  0.62752053724145007     
  0.63366727292119440     
  0.61872221592838073     
  0.63377939831333563     
  0.64308211438237251     
  0.67730091806476500     
  0.66519118587643145     
  0.66911593330338814     
  0.65265406277984916     
  0.65482705218558113     
  0.67055894605077870     
  0.64547054315426311     
  0.64387626938633369     
  0.64850448915814662     
  0.64404385235495076     
  0.62291444295319431     
  0.63593600324711830     
  0.62067676590299636     
  0.61293270618573614     
  0.66148533704786083     
  0.66004644639638088     
  0.64471284607072632     
  0.64654572850646530     
  0.61458695929862384     
  0.62446684574023237     
  0.62634043866879274     
  0.64338119544114225     
  0.65393182534843508     
  0.62287474696327261     
  0.62629909009220941     
  0.62743836869461489     
  0.63453823091252404     
  0.63755207694047544     
  0.60700924002216294     
  0.63172491403883024     
  0.63500119543640299     
  0.63645682281194693     
  0.64131098853733548     
  0.63094291238603339     
  0.65185932435993488     
  0.64845724152313533     
  0.64219810537517263     
  0.65219507122764109     
  0.63818549039264860     
  0.64938066654894200     
  0.64012267167200465     
  0.62427294819937695     
  0.64385472406972422     
  0.64002720857176620     
  0.63898862894888731     
  0.64736153622974990     
  0.65863677619013195     
  0.65124157465200727     
  0.65521993846561843     
  0.64885936457513793     
  0.64853426534180725     
  0.63899838543618925     
  0.65211021308877770     
  0.63711161918353665     
  0.62736170306126549     
  0.63425856046401108     
  0.62460957904095060     
  0.63508787044055126     
  0.64958644809216415     
  0.66638000372796713     
  0.65518606343547348     
  0.64613146585781711     
  0.62820372207383601     
  0.64469155355101393     
  0.63838153276450493     
  0.63945983364702397     
  0.64327010729266942     
  0.63623220854564388     
  0.64065125195156070     
  0.63763341148923358     
  0.63335463831053840     
  0.64755398080195647     
  0.64383164503343082     
  0.61661368993649923     
  0.61193399254865599     
  0.62268404982010939     
  0.66052128003281529     
  0.67262638624080984     
  0.64730749687913669     
  0.61662066725963949     
  0.63647959717711100     
  0.64603009358215968     
  0.64069505813112759     
  0.65609600584992012     
  0.63516958812728963     
  0.64297410698753621     
  0.65352855637849483     
  0.63943163571755834     
  0.63873493766303124     
  0.62394978050497507     
  0.63006667443290665     
  0.62804650968107223     
  0.61757648971901702     
  0.63696013329023105     
  0.64259444380695141     
  0.65254715287999809     
  0.61985761776846837     
  0.63616718583711451     
  0.64764465469485899     
  0.62831354639457671     
  0.64208195440411109     
  0.63478614315517046     
  0.65149939648134969     
  0.64241455098679667     
  0.62796511577192127     
  0.62724584901653024     
  0.63956288530767191     
  0.62010764015627451     
  0.60546657938530346     
  0.63735243182594414     
  0.64683993676007145     
  0.65268245307714334     
  0.62997253250532126     
  0.65917884543481986     
  0.64431751639791268     
  0.67350591376977131     
  0.66489621737358295     
  0.66509007163452327     
  0.65123154082715784     
  0.62476068280606312     
  0.65415680884725380     
  0.64864751682250521     
  0.64886893429487225     
  0.65428157517492747     
  0.64081577443028459     
  0.64963600409360422     
  0.62595348318306376     
  0.62285120780196024     
  0.61775920206378510     
  0.63427522707807305     
  0.64634608853367959     
  0.66698757084158422     
  0.64538959341367386     
  0.64867927822873150     
  0.64034769899619215     
  0.64306652130323538     
  0.64906250519538777     
  0.63629542363065750     
  0.63566435582812941     
  0.63906119085282720     
  0.67520763560435026     
  0.65299017113616187     
  0.63133416014279664     
  0.61978995657502101     
  0.63840264310365880     
  0.63760321713144708     
  0.64948139575330843     
  0.62547294293783107     
  0.62889281245572470     
  0.65080962491632666     
  0.64110567490748316     
  0.63458259702634967     
  0.63851942058690225     
  0.64958694815478157     
  0.64708895547634537     
  0.64857029930856569     
  0.65727225248437693     
  0.63194839970247230     
  0.63623665098795368     
  0.64195405470674338     
  0.64709088486246524     
  0.63553451498547797     
  0.64543987377135470     
  0.65132912494055739     
  0.62920340176361189     
  0.62735685496660165     
  0.63704807694151078     
  0.66148004242550462     
  0.63535965596055499     
  0.64070987181134909     
  0.65162537188843428     
  0.64469715440788700     
  0.65218942930338386     
  0.65055296413544494     
  0.64441686702865286     
  0.63979370783850131     
  0.63934137427449000     
  0.63011834181408044     
  0.64578824240312449     
  0.63816167556919801     
  0.62551359853390187     
  0.64038785275353594     
  0.64850343348071837     
  0.64521096466094374     
  0.63940019960709626     
  0.65002489278210140     
  0.64299788518458412     
  0.63678735978899081     
  0.61309484058387254     
  0.63381976408311258     
  0.64949611183545197     
  0.64784359393613000     
  0.65812954011855451     
  0.63746911278138996     
  0.62322245487583761     
  0.63641951442881417     
  0.62905126630419150     
  0.64164224071863873     
  0.64439071903014400     
  0.62559427705563331     
  0.61419292162444517     
  0.61032165224453028     
  0.64490762203888796     
  0.64814730366302165     
  0.62680582756777392     
  0.64452522287526126     
  0.64438961428354458     
  0.64268766969754687     
  0.64119277046952450     
  0.63918232302347944     
  0.64418468109626115     
  0.64304780069677903     
  0.62250214177249830     
  0.63531978426018443     
  0.63167785808363730     
  0.64896499442531796     
  0.62758413205237995     
  0.63361618481114268     
  0.63981121617107339     
  0.65531355276100334     
  0.63528986950925581     
  0.64313162928039302     
  0.64564578274883766     
  0.65755932075861467     
  0.62464864975889023     
  0.64371723405731218     
  0.65514649212685816     
  0.64051304882757942     
  0.61944414463407160     
  0.63829550179450689     
  0.63829674381487034     
  0.66208808857358836     
  0.66220701186110398     
  0.63317513253148749     
  0.63506292951045551     
  0.65584831200703464     
  0.64517963367164366     
  0.62789203306908248     
  0.62705275865586618     
  0.63313535487647477     
  0.65550600835639461     
  0.65597102797414264     
  0.64736955018541054     
  0.61866932252183426     
  0.63678298458300231     
  0.63763455079332010     
  0.63714344034748627     
  0.64243793526342963     
  0.63867270610150961     
  0.66204109922545040     
  0.65359657579358954     
  0.64655240580018747     
  0.64168655033076949     
  0.62733148704148600     
  0.65246214516837464     
  0.65816174131940619     
  0.63269165798531812     
  0.61900481077325697     
