  0.99900000000015510     
  0.59647524644696603     
  0.42300022960595146     
  0.31205214645724555     
  0.23982320212088140     
  0.17494736796732227     
  0.14913309626525148     
  0.11924227894865395     
   7.5655437747588691E-002
   4.8769526367774318E-002
   2.3010537320752453E-002
  -5.4044888915134100E-004
   2.7629947644124211E-002
   7.0699297157451055E-003
  -1.1984266161855255E-002
  -5.0110862547314984E-002
  -3.2079829365031121E-002
  -3.7187038936684895E-002
  -4.3895015958033134E-002
  -4.0880333689022913E-002
  -4.6333676543228314E-002
  -2.0083179078171504E-002
  -3.4299947710316761E-002
  -8.9048102478670080E-002
  -5.9102441974287295E-002
  -6.9528186664685285E-002
  -8.9550754350773656E-002
 -0.10389970884116990     
  -9.0997390357221208E-002
  -9.0841831072194318E-002
  -7.0211580831272422E-002
  -5.8140193269544588E-002
  -5.3395164865493450E-002
  -4.7791690340052977E-002
  -2.8329395835445258E-002
  -3.7054210313299842E-002
  -5.2991690547258127E-003
   1.3086203671713375E-002
   4.1548705496839457E-002
   2.0709606024214552E-002
   2.6546270972300456E-002
   1.2612490008957197E-002
   2.1853780087242192E-002
  -3.4495291514095422E-003
   7.7770887104080411E-003
   2.8122954613328546E-002
   7.7733723084774636E-002
   6.4226145493899309E-002
   3.7019329382921753E-002
   1.8553588090407178E-002
   2.1584104294945481E-002
   9.5973577810305639E-003
   3.2266103994807588E-002
   5.0392717985483296E-002
   5.7877128358527860E-002
   8.5185800812910509E-002
   7.6773840788778580E-002
   5.6851490131514054E-002
  0.10213454168258544     
   7.6310223371186411E-002
   6.8884225292178650E-002
   4.6491488145913473E-002
   4.8533278233935377E-002
   3.0470711329002496E-002
   1.2695362579238294E-002
  -6.4052252186946488E-003
  -1.7776065922957763E-002
  -1.8677590667653475E-002
  -4.8878191113676590E-002
  -1.9626389003266843E-002
   2.8293706508991379E-003
   2.8122925335426392E-002
   1.5274337680299022E-003
   4.9980416437971206E-003
   4.0490528873986284E-002
   4.3298814739782678E-002
   4.5622741478458878E-002
   4.4013324138657703E-002
   4.9114800182615173E-002
   3.9374373687843182E-002
   1.6356174543425965E-002
  -1.2220076224850990E-002
  -1.5096264041283662E-002
   4.1218764601997429E-003
  -9.3047422771371912E-003
   2.1438968704202935E-002
   2.6400686917887741E-002
   1.3094109613192899E-002
   2.6739731151205051E-002
  -1.2539269633853933E-002
  -4.8747334512344392E-002
  -7.0136648179208366E-002
  -7.4102966679629942E-002
  -7.1942146047519820E-002
  -6.1275986549907270E-002
  -6.3315820195734909E-002
  -6.8286572520407804E-002
  -7.0214197828523325E-002
  -5.5969155185710932E-002
  -4.5247021156223262E-002
  -3.5148718084477698E-002
   2.9625559283677351E-003
  -8.4014547694279389E-003
  -3.0540581698795827E-002
  -1.8001683674662781E-002
  -1.5768020594709567E-002
  -4.2699053745380838E-003
   2.0820823960182620E-002
   1.7936081160351856E-002
   4.4372333335595066E-002
   4.3804304909731355E-002
   1.9195162641946480E-002
   5.5115591065796714E-003
   1.1227110553187604E-002
  -1.0215613394592413E-002
  -4.2141965380172565E-003
  -9.7514936649054224E-003
  -1.5875206783210492E-002
  -2.3126956932280611E-002
  -4.2767055575317257E-002
  -2.2023634323557046E-002
  -5.6098282403990916E-002
  -6.3927108036986813E-002
  -5.3546383397851172E-002
  -8.8393123663037254E-002
  -9.5567954230877022E-002
 -0.10045697488628000     
  -7.8350251619317551E-002
  -9.6051509094210979E-002
  -8.6251016897085059E-002
  -6.4236316920708594E-002
  -4.9673816359779396E-002
  -1.2530844137444364E-002
   4.2320896393597766E-003
   3.4306627593884725E-002
   4.9690317880175992E-002
   3.6328798618787267E-002
   2.4685767159770545E-002
   2.7302868836320739E-002
   4.5636477623293238E-002
   6.6208346119534620E-002
   9.1736030818466707E-002
   5.5020361314124584E-002
   2.5855260891141103E-002
   3.9573896786062157E-002
   2.9452516568669176E-002
  -1.5606430002558966E-002
  -2.3418355463174355E-002
  -2.5020032127676558E-002
   9.5477805389009127E-004
  -1.4383558718933924E-002
  -2.8388205052010201E-003
  -7.1132173318310598E-003
   4.0400822770354384E-003
   9.7397096589408230E-003
  -8.1468677124283302E-003
   2.3540526893897899E-002
   1.3761941367546852E-002
   2.7675399254853534E-002
   1.1681927452904804E-002
   8.5191967844504678E-003
   3.4431780136450714E-002
   3.4701924088377363E-002
   3.3645536147241285E-002
   2.9240447443868733E-002
   3.4413450013935816E-002
   2.9303230391620454E-002
   3.1596597183370999E-003
  -1.3396017741880937E-002
  -2.8634890294439740E-002
  -9.8803896136584243E-003
  -1.4426383507157334E-002
  -9.5960202992131701E-003
  -9.3538172050864430E-003
  -9.0975009923942220E-003
  -1.3501468914065059E-002
  -4.4263855086158162E-002
  -4.2880913743310781E-002
  -1.0452089423832181E-004
   1.1113196124395111E-002
  -1.8274601507187801E-003
  -1.2521182420385831E-002
   1.3018265001573159E-002
  -1.4475261011967784E-002
  -5.5905118391325961E-002
  -2.0631924141918098E-002
  -2.8874830444994875E-002
  -1.4128756481740140E-002
  -4.3148767930537991E-002
  -3.2255975079150005E-002
  -4.0079779038442745E-002
  -2.0321244430472223E-002
  -1.8793671241378779E-002
  -3.0463786596122519E-002
  -2.8241377255925130E-002
  -4.2405849147828462E-003
   1.3092290281186480E-002
   8.2237529111031191E-003
   1.6032750231103496E-002
   3.6982387882277513E-002
   1.9273841108375506E-002
   3.3091140080506537E-002
   2.6796131500546477E-002
   6.0271543142690301E-002
   7.7579679177053079E-002
   3.8066942430229213E-002
   1.1522281135507172E-002
   7.2221467698652311E-003
   9.9652654130379537E-003
   9.3870382488897841E-003
   4.6558702556820562E-002
   5.9094891179742405E-002
   3.3281399804311121E-002
   1.0777494564149687E-002
  -3.6319871457857915E-002
  -4.3143640160837854E-002
  -2.1980643697908080E-002
  -3.0772132152286562E-003
  -6.7090902606290331E-003
  -2.1359524677491554E-003
   3.8506724075776176E-002
   7.2897174132159723E-002
   5.4148277654661438E-002
   6.7142113098999173E-002
   1.6028925363597714E-002
  -1.6645781204060937E-002
  -5.0134632554320137E-002
  -2.5091428213161893E-002
  -9.1561333270643551E-003
  -1.8623087737858774E-002
  -4.7996193786825708E-002
  -5.2285605588230186E-002
  -3.6946283865476874E-002
  -4.8949466429315837E-002
  -6.8298138417049153E-002
  -7.0737675718014995E-002
  -5.9631769087696726E-002
  -4.1392369196408825E-002
  -7.9817371793458450E-002
  -5.8023342971588211E-002
  -4.4490878332121189E-002
  -1.4807981709400930E-002
  -1.5683769297367620E-002
  -9.8294220952896676E-003
  -6.6856336818789741E-003
   3.2222224369091155E-003
  -2.1519171247821389E-002
  -1.9030248081474195E-002
   2.3982427544858615E-003
   4.3896833261208655E-002
   5.5147134091395641E-002
   4.8401340509712877E-002
   4.3642504740778076E-002
   5.9310950249597344E-002
   9.0677850687377812E-002
  0.10810558173095466     
  0.10722756438032072     
  0.10173688952611516     
  0.10544178317025640     
  0.10018584858666640     
   6.7023694993704225E-002
   8.2438125372885501E-002
   9.9975676417505877E-002
   8.5771541504116519E-002
   4.3136646882708962E-002
   4.9263242461586761E-002
   7.1686249730298452E-003
  -1.8340895417036283E-002
  -2.8624508251725821E-002
  -3.5586451696537104E-002
  -4.2922502979092315E-002
  -1.3310988738297157E-002
  -4.4664624080325475E-002
  -1.1724339839652258E-002
   1.5550360571648813E-002
   1.5903525271457341E-002
   1.3774062252453074E-002
   1.7471534220391428E-003
  -9.9452505939237740E-003
   1.4205972564015333E-002
  -7.9013836334984929E-003
  -2.3776713542779325E-003
  -1.3765695334047897E-002
   2.6759527628580143E-003
  -9.1188869140507167E-003
  -1.7280842169738186E-002
  -2.5366089130797475E-002
  -6.9394038250849303E-003
  -5.1788747957855687E-002
  -8.4183078879930512E-002
  -9.2911109092405048E-002
  -8.1199352500376201E-002
  -4.7784662866231641E-002
  -2.4196586719774881E-002
  -3.3685553170043910E-002
   2.1952362967962886E-003
   2.7757760118020558E-002
   4.3976467820420535E-002
   3.4495327378806478E-002
   4.4344155244730371E-002
   3.1559642674127919E-002
   4.7113442546068474E-002
   3.9150092998888650E-002
   1.7293687284461397E-002
  -1.1455013407953973E-002
  -1.4673384922862618E-003
   2.7789775805377358E-002
   4.9496333997106533E-002
  0.10406415157306534     
  0.12185140666832356     
   9.7338577861262335E-002
  0.12157245886988056     
  0.10394578154363923     
  0.12010454491543324     
  0.13602238594208307     
  0.12140338464811681     
   8.1931802837109324E-002
  0.10837743241276704     
  0.10484571824388343     
  0.13501005494841009     
  0.14152186736487621     
  0.15562949093434694     
  0.10432014405866111     
   9.2847338835101378E-002
   3.6830406097084212E-002
   8.3101338557704761E-003
  -1.6710581777326407E-002
  -1.7116606294668820E-002
  -2.9436527701889446E-002
  -4.2554391976154264E-003
   3.4354691615483039E-002
   6.5868814509559448E-002
   4.7881559812311299E-002
   6.7160251820139238E-002
   8.5061105704035023E-002
   6.4728714452571112E-002
   5.9467272226790706E-002
   6.5953084255256547E-002
   6.9364833953807797E-002
   5.1219931319955038E-002
   4.4017247323202280E-002
   3.5807344941000005E-002
  -2.2011759609317092E-002
  -1.3207042647285995E-003
  -1.5633539657603945E-002
  -2.3713844287243251E-002
  -6.2178516543641614E-002
  -8.3346336642827548E-002
  -9.4837258342186467E-002
  -8.0413160101102027E-002
  -8.1329987856605487E-002
  -7.4772623415708589E-002
  -8.8100170074532677E-002
 -0.12309289198597918     
 -0.10514862264799055     
  -9.0338055008269941E-002
  -8.2006861423808045E-002
  -5.7138655992372299E-002
  -8.5600709440511555E-002
  -9.0375975704164807E-002
 -0.10153724268201977     
  -7.5525807642364232E-002
  -2.9820613692768588E-002
  -4.7349770653259758E-002
  -4.2847877949055237E-002
  -9.5050133819135810E-002
  -7.2087440270169501E-002
  -5.0538058608224738E-002
  -4.2069904766839882E-002
  -2.5740269922171755E-002
   2.6650282501605527E-003
  -1.0861113952358515E-002
  -1.0992404922890974E-002
  -4.4572890702176342E-002
  -4.2701176538947554E-002
  -2.2676273018880810E-002
   1.2187032224044048E-002
   8.2064094023351149E-005
   1.2293750979128472E-002
  -9.5690308139668428E-003
  -3.5162831348701178E-002
  -1.1210127187676546E-002
  -2.3748376041572622E-002
  -2.2926546730664358E-003
  -3.2045270770844868E-002
  -4.0677631748160956E-002
  -4.9045741807859797E-002
  -7.3294155299575794E-002
  -2.2439124707518132E-002
   1.6213914206432145E-002
  -3.6199913634097031E-004
   2.4248021188938970E-002
   2.7665221067862622E-002
   3.0255655282652019E-002
   6.4529253764732730E-002
   5.0659281531122258E-002
   2.8840690481575636E-002
   2.2002452844202642E-003
  -5.4473717157946721E-003
  -3.7125250992045604E-002
  -4.4587639840719132E-002
  -4.3539938822128144E-002
  -4.8998045575475803E-002
  -5.5508693104384818E-002
  -3.5356284159470688E-002
  -5.2490514412366671E-002
  -3.3251114701998090E-002
  -1.7157520391895296E-002
   9.0782780438105250E-003
   9.6437905324496375E-003
   3.8143565131015203E-002
  -3.8458742512342660E-003
   4.3351835895537878E-002
   6.9694926176975869E-002
  0.10246648982480687     
  0.10245388804946882     
   5.4782051080827114E-002
   8.5843147657538928E-004
  -1.0761450614275213E-002
  -1.9967902684038174E-003
  -1.4136933830018319E-002
  -2.1665143771853714E-002
  -1.9307448922334901E-002
  -6.0394675222257312E-002
  -3.8806133140493880E-002
  -5.8687580777593042E-002
  -5.4662376763326088E-002
  -6.4013182304280075E-002
  -6.9353604579500600E-002
 -0.12480358396734506     
 -0.14358168266198390     
 -0.16051759429254847     
 -0.17686347716419615     
 -0.17953335596068673     
 -0.16728832348632117     
 -0.16264343809762488     
 -0.17702519035920569     
 -0.17017024108946513     
 -0.17751252291854724     
 -0.17542774150695625     
 -0.12876268976807814     
  -7.5254553650905900E-002
  -9.0538603446346066E-002
  -7.5386861693845772E-002
  -9.3074016439594259E-002
  -9.5996466067184733E-002
  -9.8670923317574627E-002
  -6.0084243494573190E-002
  -1.7022976096752875E-002
   1.4313144328933045E-003
   2.9655393901827243E-002
   2.2509519200495594E-002
   5.7664314064822385E-002
   9.2361150937421435E-002
  0.14796150705948544     
  0.14956599962166903     
   9.8568691734730152E-002
   8.2053100299672679E-002
   9.1362096794713729E-002
   7.5885838705570363E-002
   8.7353214472253610E-002
   7.1819346282258792E-002
   9.6657826074711212E-002
   7.3682804820608738E-002
   9.9329490890939703E-002
   8.6559479379744578E-002
  0.11330974993315834     
  0.11258114461410301     
   5.0786170116879928E-002
   5.2232156987561829E-003
  -3.8168942239764490E-002
  -3.1117520734650538E-002
  -2.3205955562592046E-002
  -4.9411749277447133E-002
  -3.5607308092874955E-002
  -2.3938080415231811E-002
   3.4834358813268344E-003
  -5.8832744476765867E-003
  -4.5101145799934815E-002
  -2.6693554210689731E-002
  -6.8526595121440562E-002
  -9.5924260604966394E-002
  -8.0909660625309812E-002
  -4.9960087976070433E-002
  -1.9384917612150557E-002
  -2.6382914378265045E-002
   2.0574507151523817E-002
   5.8599266502006163E-002
   7.4053882021606773E-002
   3.7513923006097884E-002
   2.4137087306561108E-002
  -9.4916374615153631E-003
  -2.4949572506914974E-003
  -1.8333630675328567E-002
  -2.0103031873286339E-002
  -3.5844582968312000E-002
  -7.7201370948357911E-002
 -0.11374913030129953     
  -5.4453627102380664E-002
  -1.4267505858266982E-002
   2.4222740095338632E-002
   4.0846947173854287E-002
   4.0416925969956531E-002
   2.9557741551594942E-002
   5.6830698000684694E-002
   4.2086247456835237E-002
   2.3394439423365301E-002
   2.1415160397789314E-002
   3.2429505905507923E-002
  -2.9194243576761793E-002
  -3.8684221228193108E-002
  -2.0017467561606588E-002
   3.4194297459919573E-002
   7.8315203080640480E-002
   6.7726872690943324E-002
   1.9366666156354830E-002
   2.1398131111051943E-002
  -1.7931202536967242E-002
  -2.5906026114115636E-002
  -3.5301710189509318E-002
  -4.5434529193278837E-003
  -9.4677875912515530E-003
   3.2881835867150495E-003
  -9.0823212026449533E-004
   3.5835803656842830E-002
   4.3169645985324787E-002
  -9.6955544219083211E-003
  -4.5604124732694255E-002
  -1.4865434494431387E-002
   1.8103232426674654E-002
  -2.2284286939136012E-003
  -5.2590766595498391E-002
  -1.6045444734887788E-002
  -2.0787053798692591E-002
  -4.4964436343431207E-003
  -3.3344332127958010E-002
   4.4601416408979076E-003
  -2.7522749443739943E-002
   9.7161965944192203E-003
  -4.1096017683141563E-002
  -3.0352126438542744E-002
  -2.1105842112050587E-002
   1.7792956353248176E-002
  -3.7361310577761875E-002
  -5.9333610207732389E-002
  -7.0407500118878058E-002
  -8.5244988195806143E-002
  -6.4037608734185528E-002
  -4.0692514653587170E-002
   2.6583270450625204E-003
   5.2841944872832440E-002
   1.8379653670874564E-002
  -1.9103829501147210E-002
  -1.2428884490372803E-002
   1.0483548551763724E-002
   1.1885763565365890E-002
  -6.4551734517556232E-003
   9.1437622532426679E-004
  -6.6393542929906457E-003
  -1.7768021398186385E-002
   5.4530250336049984E-003
   4.1436802823943852E-002
   4.4810385843764074E-002
   4.1693418740458260E-002
   5.5941847437515749E-002
   5.4851590779673703E-003
   3.7742548823653750E-002
   4.1931312685345661E-002
   2.5557565499690047E-002
  -5.2654077458633396E-003
   6.6067673775838795E-003
   3.4922212721156642E-002
   4.2286336345132909E-002
   3.4778526193930959E-002
   4.4674952882300792E-002
   5.1670341594579321E-003
  -1.4497391381124144E-002
  -8.5158716728296988E-002
  -9.8050674040987981E-002
 -0.11018014932644879     
  -7.7964447258244862E-002
 -0.14713330048030732     
 -0.13891064826919552     
 -0.14844326400668667     
 -0.13783241067462509     
 -0.11914538083146863     
 -0.12150401294577916     
  -9.7266188298480410E-002
  -6.3502574503063555E-002
  -5.9757351594837804E-002
  -6.9339767574008754E-002
  -4.9384680211146975E-002
   5.2251716280091540E-003
   5.1892196982127992E-002
   6.5918411898711032E-002
  0.10422351339381607     
  0.11477876841333898     
   4.5361701116329582E-002
   3.8644679668508299E-002
   7.1997916718651425E-002
   3.4166613788371207E-002
   5.3726122266118649E-002
   5.8453409733020600E-002
   2.4997032020286854E-002
  -2.8020703646238196E-002
  -5.5858043858894257E-002
  -8.5641548536955339E-002
  -6.8822731420499841E-002
  -5.8235368786462842E-002
  -4.5262629039370186E-002
  -2.2235034421384022E-002
   4.7795857767932229E-003
  -2.1072425946187270E-002
  -2.4674100446791386E-002
  -2.8546455650348492E-002
   8.3048058057093761E-003
   1.6823243039135519E-002
   3.7519436784881330E-002
  -2.6292401401825723E-003
  -4.0035227397176562E-002
  -5.7119597784559141E-002
  -5.6302700891952127E-002
  -2.4508064349192692E-002
  -1.8540228977350880E-002
  -6.7963150816725590E-002
  -7.7715761814053083E-002
  -3.9006579043079852E-002
  -2.3981912156110771E-002
  -1.4331253173104137E-002
  -8.8664966446231643E-004
   1.0091892350275227E-002
  -1.8521566423067605E-002
  -4.5215706642723313E-002
  -6.5308554393692930E-002
  -7.5311459900111968E-002
 -0.10177808050252311     
 -0.10372711552395422     
  -6.7212472271460932E-002
  -6.8598536185429493E-002
  -7.2614475783202292E-002
  -4.9151153621532016E-002
  -6.4823054118090542E-002
  -2.9495782670795858E-002
  -1.8899876441774578E-002
  -2.5153514784133680E-002
  -6.2458092996586735E-003
   2.0251391520980950E-002
   6.7550041747815995E-002
   3.9620943639654030E-002
   8.5694116852573096E-002
   4.9839065541152194E-002
   6.5365346614570163E-002
   6.6475855006440335E-002
   7.1476651798691740E-002
   6.7708922484090925E-002
   4.8513614033659148E-002
   6.3087742714038067E-002
   5.5605138336056605E-002
   5.9062974308322642E-002
   7.8059078024498262E-003
  -8.9007084700822803E-002
  -8.9896376338989309E-002
  -8.4027795137892020E-002
  -8.5965406227650670E-002
  -9.7891107519161316E-002
  -8.4304680549414840E-002
 -0.11736781650737182     
 -0.15795146364354765     
 -0.10290346767731956     
  -2.3883398354981669E-002
   6.7259966107351701E-002
   1.8005378323467727E-002
   5.8349602108302328E-003
  -6.2293096594108590E-003
  -2.4046048396373313E-002
  -2.0197724902427123E-003
  -5.0148794259161834E-002
   4.8648587986600076E-003
  -5.7066422542447350E-002
 -0.16526298419276636     
 -0.22038698601958701     
 -0.24950887586413353     
 -0.26959356395480144     
 -0.26498631366634323     
 -0.22917652373005110     
 -0.19874798579583133     
 -0.11855941113748913     
  -4.1284423872302460E-002
  -9.4317940850842649E-002
   5.4033136910788026E-003
  -2.7757246363494952E-002
  -4.1106494189719692E-002
  -9.9845312277645829E-002
 -0.15285305434635094     
 -0.14460532862733061     
 -0.13586458127030376     
 -0.16399586894430071     
 -0.11176024233655819     
 -0.10815209138194180     
  -6.5879466240460940E-002
  -5.2641484559590439E-002
 -0.11284578306705674     
  -9.2259679462206867E-002
  -1.7298069902472721E-002
  -3.2297775134147957E-002
   9.9464283383298296E-003
   6.7958467854309132E-002
  0.11382768862208881     
  0.16367932412681022     
  0.11084790986261857     
  0.11101536236724849     
  0.20789755073641117     
  0.19722238525361749     
  0.14218138308775669     
   9.4509624707202033E-002
   8.8652146994169970E-002
  0.11867678549368962     
   8.3754853816850175E-002
  -3.6601151683707642E-003
  -2.3796588778709472E-002
  -9.3969225576844562E-002
  -8.4830681979535152E-002
  -6.5132847123654594E-002
   3.3496651102293079E-002
   6.1070067829085355E-002
   7.1924486886767419E-002
   5.1936553140536773E-002
   8.6902295361290766E-002
  0.17528519570402187     
  0.19204832993443410     
  0.12058777269146810     
   9.7788494442653001E-002
  0.10367335188845409     
  0.15783422085009968     
   6.7538923618805549E-002
  0.10721439279158540     
   7.7173406537200812E-002
  -3.6327073539754264E-002
 -0.12203221899175098     
 -0.15012972313746356     
 -0.19719421712708837     
 -0.19768826644160342     
 -0.23348832370203576     
 -0.23229399043894133     
 -0.15842853120047831     
  -8.2020963619292106E-002
 -0.11356406768569999     
 -0.15185071237183920     
 -0.14895413996133411     
 -0.13943497183024903     
 -0.18182773956974801     
 -0.22077902943480596     
 -0.19456385238614407     
 -0.10499007160401017     
 -0.15203827199185441     
 -0.16834492453840805     
 -0.15378547275985541     
  -6.7977029872680048E-002
  -1.4922608789245321E-002
  -4.6520123348031711E-002
  -4.7851374362838373E-002
   1.5296917511528035E-002
   1.3285037723140491E-002
  -2.0632277288614689E-002
  -6.1867336626651531E-002
  -4.9465982988246324E-002
  -6.1522910525987080E-002
 -0.11155544335078561     
 -0.15723127227711198     
 -0.10781984652924105     
  -7.3827889392223456E-002
   2.0282087800784592E-002
   6.5217634188765253E-003
   2.7135961668652439E-002
  0.14857337924744793     
  0.18950779312884058     
  0.13762480494455795     
  0.20182700540803439     
  0.19930266106504499     
  0.17636946846845664     
   8.8286163924981814E-002
  0.10517511185179201     
  0.12291544469729464     
  0.16246086780619445     
  0.17660079974200030     
  0.17073062230638528     
  0.13270737195240787     
  0.15095457093673231     
  0.14718942677041341     
  0.12302259566413580     
  0.22232722918568881     
  0.19722940660822472     
  0.12335733373867568     
   8.9230697810533249E-002
   6.5366726516055906E-002
   2.6514305702175080E-002
   6.2887684358422166E-002
   9.6045041110429233E-002
   8.0286717207969302E-002
   6.9636686795573693E-002
  0.11686179457405579     
   3.4637793688445002E-002
  -7.9422904237934716E-002
 -0.10902594325288908     
  -8.9410443004146758E-002
 -0.11243591647882409     
 -0.15775912674604212     
  -4.9167989585619777E-002
 -0.10860649774707695     
  -8.0189133230457912E-002
  -8.2078965813640242E-002
  -4.3890787847765976E-002
  -2.7147373876865728E-002
  -4.4658712621668040E-002
  -5.6291147983611532E-002
  -8.7787532974447691E-002
  -9.6041982584242652E-002
  -7.7801816606384550E-002
  -3.8853120047965713E-002
  -4.3364764228144892E-002
  -4.7330973186053928E-002
   7.2055386010934169E-002
  0.10308372632447717     
   9.5537427637472180E-002
  0.14345622939896632     
   9.9869210703694311E-002
   3.6804384301830799E-002
  -1.4771060178567877E-002
   3.8110182687722371E-002
  0.13545672780887416     
  0.11271508310029112     
   9.2767974970960024E-002
   1.9995120788323974E-002
  -6.3064673589493074E-003
   2.7408287565711311E-002
   5.7102075389499130E-002
   2.9249259192288064E-002
  -3.2026012971827472E-002
  -1.9492712095319623E-002
  -7.1492091403628749E-002
 -0.16413374092640851     
 -0.25268383821811624     
 -0.26581232399193910     
 -0.15794126989752161     
 -0.16909920349858962     
 -0.14172241358097454     
  -8.8860431334724974E-002
  -6.4263332213396529E-002
  -2.2420268631597004E-002
   2.2709754980079808E-002
   2.8164563770871096E-002
   3.7455312774402859E-002
  -7.2087679358260673E-002
  -5.9079359163973062E-002
 -0.16158940980258171     
 -0.14007629098742796     
 -0.13653470226087966     
  -9.3860631375514467E-002
  -3.3742546187538656E-002
   2.3258542394038090E-002
   7.3060794906494156E-002
  -2.1213810685477664E-002
   6.9785750558542733E-002
  0.15658390618926249     
  0.17666299926813767     
  0.25367697051030907     
  0.26569891954703012     
  0.27656371228263099     
  0.33508259711045646     
  0.40074694449151499     
  0.34479710698693783     
  0.24946372323746321     
  0.17463914438591155     
  0.10153868895647694     
   2.5010991993291935E-003
   1.6666972413945783E-002
   2.7863569937975809E-003
  -4.3727011596939175E-002
  -2.5427175007052365E-002
  -1.8864102200578554E-002
  -8.2007762455162961E-002
  -3.5693607777894681E-002
   3.1551401573483816E-002
  -5.2518157359775247E-002
  -2.9917406043624712E-002
   1.8066684158571419E-002
  -7.6391052831977363E-002
 -0.14289415881216186     
 -0.15667137447929200     
 -0.12091092803730062     
 -0.17642346704566406     
 -0.30458720323136701     
 -0.35648857253749677     
 -0.32460966206509401     
 -0.22889245293286781     
 -0.16862854118141332     
 -0.16340223586549898     
  -9.5660132076376733E-002
  -6.8308491991428674E-002
  -1.0483048518567564E-002
 -0.10550960862793533     
  -7.9163666553907830E-002
  -1.6864769105269184E-002
  -3.5787719741409943E-002
 -0.10822286342522697     
 -0.12846008738886613     
  -2.9009924870045108E-002
   3.2205097145455948E-002
   6.6066410870302527E-003
  0.10369165447475702     
  0.23093357413176965     
  0.24392237558856270     
  0.19514865595366643     
  0.21151220702980172     
  0.19410266477941543     
  0.18409982069978348     
  0.20469104943060856     
  0.20432177140461333     
  0.15980961327613866     
  0.15149406539395982     
   3.0737580015078998E-002
 -0.16690823961188836     
 -0.26871873207793345     
 -0.12068480819887133     
  -6.5686081199406540E-002
 -0.13736290323499473     
  -5.5008683573204514E-002
   5.5302483151096239E-002
   9.2795460854283876E-002
   3.3971204990332085E-002
   7.6326428526114112E-002
  0.16296240250606037     
  0.18629255523366364     
  0.10547698965396007     
   6.8786827829510691E-002
   3.5433391967555454E-002
   5.7829129174819457E-002
  -2.4137490346972891E-003
  -7.3068679262320649E-002
  -6.3833135680969197E-002
   1.5515832730063383E-002
  -2.6938089606902981E-002
  -9.0378005500700034E-002
  -3.9337210314365836E-002
   4.4112885011840977E-002
  -8.0616172565887961E-002
 -0.27601780413060334     
 -0.37636677123121259     
 -0.20103343308772564     
 -0.14540535178776742     
 -0.16338876249318657     
 -0.13931558071656222     
  -3.0327461794085148E-002
   8.9325716578152234E-002
  0.18418399488747816     
  0.20689416434562496     
  0.40202767717083976     
  0.46155092609781040     
  0.22278577447862877     
   1.0617213981238247E-002
  -6.5074585621271885E-002
 -0.19056287957556650     
 -0.37964328163799038     
 -0.32112490826685752     
 -0.20687523141748765     
  -5.7156247555128929E-002
 -0.15773276915130438     
 -0.22233547981538565     
 -0.24545630421881634     
  -6.9574354132192082E-002
  0.15279101297417025     
  0.37839149721143028     
  0.39806816039508591     
  0.47971331426246272     
  0.27969310546879478     
   4.3159824464435712E-002
  -2.4352028783769419E-002
   8.9386884991281806E-002
  0.11496894096590109     
  -1.2609674535536691E-002
 -0.28296938251525239     
 -0.39083532161587692     
 -0.41343340113155203     
 -0.45433349519098004     
 -0.23474319447725345     
  0.43543976902723686     
  0.57304654827309365     
  0.44372226892921079     
  0.57035175910284241     
  0.25080939147216297     
  -5.1221810675253721E-002
  0.10121785527952071     
  0.27779622299407075     
  -3.3550944494071311E-002
  -3.9646703621437580E-002
 -0.34696724500389881     
 -0.96119751775202245     
 -0.66083066067555041     
  0.58394981203937613     
   1.0415573320128066     
