  0.40698533549048610     
  0.40725701040302759     
  0.43777356916466598     
  0.43680246215105994     
  0.42696184316782421     
  0.41993094962226735     
  0.42928948754252022     
  0.42684357303612319     
  0.44966767804019392     
  0.45821360250281890     
  0.42464414234801451     
  0.42618099619208250     
  0.41521976022467666     
  0.39870926693055964     
  0.41101407746044283     
  0.42773900851126728     
  0.43260795029808324     
  0.44321400013292722     
  0.44109277929681895     
  0.43278713639762323     
  0.42469812971080034     
  0.42843891659012834     
  0.44355497204834560     
  0.47305866995814955     
  0.44954711068170061     
  0.42952111852361941     
  0.41518627869894714     
  0.42385738309031801     
  0.40914500734416870     
  0.41344774908519433     
  0.40456757424041723     
  0.42742394900505393     
  0.40053338325407639     
  0.39462336726059033     
  0.39423448093584074     
  0.41060459457355125     
  0.42943502354822427     
  0.42337751296691101     
  0.42381627634960417     
  0.42247270639137918     
  0.43471893106316489     
  0.40409059662975633     
  0.39584895990864755     
  0.41252760321499887     
  0.41853368493487375     
  0.40229653689393713     
  0.41272318140099290     
  0.38761080673079984     
  0.40786329766135615     
  0.39348304954990526     
  0.40251040459659698     
  0.39204685816671947     
  0.42302036399655796     
  0.42264942048871795     
  0.40187175986249635     
  0.38891711611847535     
  0.41962889643932977     
  0.43118255434132285     
  0.42205586357949021     
  0.42559431151704891     
  0.45185297363686616     
  0.45746516760335421     
  0.48632764295213127     
  0.48780968828321652     
  0.47334131457867040     
  0.45856860079656614     
  0.46065768764421905     
  0.46032213513465231     
  0.43737043005658194     
  0.45597236118423257     
  0.45346348305616885     
  0.44403637109636418     
  0.42411623102597473     
  0.44145820414350145     
  0.42388716889729328     
  0.44715850872258806     
  0.44472566854931211     
  0.45816502866550873     
  0.43162606391882868     
  0.40832881360673345     
  0.40288031955370951     
  0.41535081720876110     
  0.43286010297252858     
  0.41292044684754786     
  0.42398928025498983     
  0.40961122204591954     
  0.41154413085004410     
  0.42570331473796735     
  0.41625985464647902     
  0.41738772212115394     
  0.41712187526675487     
  0.40258253135756600     
  0.38889991305000360     
  0.39635125780273667     
  0.40859217029793066     
  0.41683607744032519     
  0.38978069254988573     
  0.40326824611952289     
  0.41224938311661224     
  0.40602406268588104     
  0.40841773317823399     
  0.41330838632129213     
  0.38593401205778888     
  0.39860480638515750     
  0.42376788300722812     
  0.41958613920145277     
  0.41100170334115099     
  0.38665703905039861     
  0.39938223836908288     
  0.40407854180971692     
  0.40675910713678731     
  0.43767287990606141     
  0.43706045977241859     
  0.44960168534415074     
  0.42502494482582676     
  0.43388943669206320     
  0.43283687959239558     
  0.42830992154026071     
  0.43337050821352807     
  0.40911094688563110     
  0.41161341640677290     
  0.42252835975212344     
  0.42003148587158079     
  0.42295198641944742     
  0.43317591179878590     
  0.44536033851155127     
  0.41850395890374065     
  0.40705121687402956     
  0.41184664029294271     
  0.40605162712133624     
  0.39086171226408406     
  0.40664539574454706     
  0.38288310054311131     
  0.39450778580260176     
  0.42590224688121781     
  0.40762639297815656     
  0.41357675015594175     
  0.43419298806860196     
  0.40481232770501691     
  0.43278537250335297     
  0.43368153769343470     
  0.42398944152297308     
  0.42082109449132787     
  0.43919920104840771     
  0.44177582387240311     
  0.45452404552189324     
  0.43342930353133519     
  0.43882476877737309     
  0.44987424695995981     
  0.41473879553904575     
  0.43312354808574405     
  0.44729994276303331     
  0.41529919900753920     
  0.40560974348641426     
  0.40172870350414380     
  0.38065171218362404     
  0.39127098149140549     
  0.41147184939668230     
  0.44673608422555922     
  0.43427059254034828     
  0.41761308563927779     
  0.44987719357549427     
  0.43402240013053867     
  0.42224432592226363     
  0.40637245855164861     
  0.40654121399337989     
  0.40402908699023377     
  0.40296922215603970     
  0.39930556876083412     
  0.40534601236715767     
  0.41175270868437586     
  0.40916251652336244     
  0.43059168712704299     
  0.43202372436752001     
  0.42208163136956739     
  0.43525134517963682     
  0.44136960234050709     
  0.44187050138441963     
  0.44063015207976791     
  0.43722628181707901     
  0.41524579200081824     
  0.41376317830597514     
  0.43351853673791257     
  0.42226145912385071     
  0.44070705648766578     
  0.39951938822395061     
  0.38518794363168068     
  0.40482514641723977     
  0.37812928720364586     
  0.41415375089763973     
  0.42438117085154631     
  0.40027337870449270     
  0.39515005017081611     
  0.41219019183106476     
  0.42268280864504298     
  0.43357933658982439     
  0.43647932324249528     
  0.45672006889085354     
  0.44583465256327420     
  0.43478695906075571     
  0.44624159361692323     
  0.43540119553445078     
  0.42441417962923395     
  0.41638500964227604     
  0.42068028182225947     
  0.42646614934172261     
  0.43535947873573577     
  0.39999599216649440     
  0.37925173642958349     
  0.38474278764664499     
  0.39083420761116849     
  0.38032897678421884     
  0.37853893020964402     
  0.38875410390242210     
  0.41210123246035818     
  0.42548426317754751     
  0.42211815589959173     
  0.43157614253609583     
  0.43629108468009636     
  0.45395204611748763     
  0.40546735665594402     
  0.40277465238829274     
  0.42493039419574286     
  0.42377381259552283     
  0.43169354266747262     
  0.41676867306598170     
  0.41505991122139679     
  0.44490456649993904     
  0.45433525274613928     
  0.43279908891213248     
  0.43148043339893999     
  0.44338602937583987     
  0.42346872122680329     
  0.44052921271487017     
  0.41908887055083194     
  0.46880467154922806     
  0.44313241146155519     
  0.42037315541273423     
  0.42793751168692529     
  0.43038345365741609     
  0.42886674589000595     
  0.42278451988749327     
  0.39548124635519716     
  0.40701558827088258     
  0.40031794947648008     
  0.41384190934520632     
  0.40929329193316005     
  0.41898434195054973     
  0.42270546300648404     
  0.42111610538694488     
  0.39044835068234462     
  0.40103441361178693     
  0.40221500787572600     
  0.38484069249328012     
  0.39289237354532996     
  0.42178157301158126     
  0.42227203612011055     
  0.40840583239740652     
  0.42240435526765818     
  0.43739588259288686     
  0.42102758630483983     
  0.43926332536934942     
  0.43524947021033283     
  0.42329996323203739     
  0.40981760218586993     
  0.42120587431053980     
  0.41658381601512146     
  0.42239744177656946     
  0.40994296580116951     
  0.41951704976063042     
  0.40077746258468644     
  0.41728140987459861     
  0.41480964675500198     
  0.42370590591763968     
  0.42407149184414294     
  0.42732232448640012     
  0.42026842245878376     
  0.42624741304413682     
  0.39238303645106110     
  0.43128380426027185     
  0.43703063534850389     
  0.44453925018012524     
  0.45705765250510544     
  0.44929998373349134     
  0.41663169228170943     
  0.45047388428832663     
  0.45188547504438153     
  0.42915347345961019     
  0.43099393528433683     
  0.43974233282301478     
  0.41352081404487867     
  0.42226341610270096     
  0.42985723866194020     
  0.44642908716641805     
  0.42425707415021435     
  0.40855556928249614     
  0.38534024426261648     
  0.38936373481831976     
  0.42566647667447022     
  0.42273767671231055     
  0.40700926737409621     
  0.42055066854791989     
  0.42063468703520995     
  0.42224209386251582     
  0.42955674714230102     
  0.42098811221668975     
  0.43015624940906105     
  0.42324199323121187     
  0.40201712529729744     
  0.38778046398351890     
  0.42857820792830942     
  0.42836560025627063     
  0.40026986581010748     
  0.40016267873770739     
  0.41099468528078464     
  0.40917584788476391     
  0.39796160286438431     
  0.42364999490422289     
  0.41683564464984585     
  0.41332836490569114     
  0.40403813370184832     
  0.40524360464116377     
  0.41822528825612093     
  0.42007937573770898     
  0.40532530735521288     
  0.41822321426598535     
  0.42289317434979506     
  0.41523994910821260     
  0.41379768670251366     
  0.43079459856399610     
  0.40675886446261478     
  0.41383657752717595     
  0.43136437632656416     
  0.44284327505211663     
  0.43324509653349136     
  0.44729245063976553     
  0.44401443301790039     
  0.43667193497251033     
  0.44962894311985324     
  0.44010118841196344     
  0.44364648350062125     
  0.42495903378235345     
  0.44977593675345540     
  0.41282683030887907     
  0.43867203848584435     
  0.43129191406640194     
  0.44574382096238169     
  0.42341722360113265     
  0.43276294628456335     
  0.42902074706578386     
  0.41889671329679556     
  0.40323474896647504     
  0.40557088786608447     
  0.40568641245483916     
  0.42119898938326389     
  0.41654123960625128     
  0.41578029718215653     
  0.42319614342000128     
  0.41965698869239920     
  0.40400654354978527     
  0.42244099818848013     
  0.41586287216563705     
  0.42848012833958427     
  0.40242126587363414     
  0.43103927281830584     
  0.41474115956756302     
  0.41764928040839111     
  0.41842283206585185     
  0.44618127199088231     
  0.43989393792547071     
  0.39721769790923983     
  0.41232702628539669     
  0.41719271490333260     
  0.42153198331965674     
  0.41825003412598022     
  0.41374464845845216     
  0.39830903214022223     
  0.39639940605903995     
  0.41921292709768726     
  0.42647801318597123     
  0.44776029642322956     
  0.44112084686608610     
  0.44160530710318813     
  0.43674410106169598     
  0.43247734026531065     
  0.43208666723394357     
  0.42092615505793174     
  0.42489301863599427     
  0.41733473207668131     
  0.41155641860206227     
  0.40178468923763638     
  0.41148371265746342     
  0.42278514631936603     
  0.40141400716359893     
  0.41083853370751727     
  0.40086719189736381     
  0.40524788892407493     
  0.41656569222164230     
  0.43445199661245587     
  0.43856703813047371     
  0.45310928316281146     
  0.44263648478693768     
  0.44087609699306340     
  0.43530815244054355     
  0.42752725691255083     
  0.42452305111549760     
  0.41500864707423712     
  0.41756341164883465     
  0.40846038241488203     
  0.40506755934647654     
  0.40477786782676900     
  0.40269665448737779     
  0.44401074026282017     
  0.42821657785923134     
  0.40334394369379123     
  0.39777519917526888     
  0.37348174302044818     
  0.36708367027108496     
  0.41172134054853754     
  0.39738072156856497     
  0.41156572943192743     
  0.42961604432199491     
  0.40883901077579826     
  0.42714289914755743     
  0.43789114165338594     
  0.37464721383786848     
  0.38083979978379190     
  0.41584995139950831     
  0.38599633174717457     
  0.38884019950237353     
  0.39446582356720999     
  0.42016634795844476     
  0.41460893174103330     
  0.42305872003430778     
  0.42075977852122093     
  0.39915592595241473     
  0.40958034237802621     
  0.42216231569862844     
  0.43458890225679575     
  0.43627144459950695     
  0.41401645127280090     
  0.40171044737745631     
  0.40489861987328124     
  0.40900728509491985     
  0.40887396806866860     
  0.43966969701959352     
  0.42840391328594868     
  0.42005936680892070     
  0.42855510261002827     
  0.43343119942933223     
  0.42613800651001210     
  0.42827626502381694     
  0.43826090964803960     
  0.39234533679705252     
  0.41962119548927640     
  0.41116672069878535     
  0.42480452591857548     
  0.41448461166307266     
  0.44116284263337024     
  0.42222239373907477     
  0.43370712562437197     
  0.43043203381026457     
  0.41607786658508461     
  0.41187434890165808     
  0.41167206566624087     
  0.43369997648901659     
  0.41674707177892434     
  0.42583041063137739     
  0.40333825832200665     
  0.41429567027337211     
  0.42961356425972891     
  0.43011547631775637     
  0.42639304626197994     
  0.41545285469731008     
  0.43767617965684724     
  0.44224709522441186     
  0.45710350501073188     
  0.44952143720104931     
  0.46153375511891270     
  0.46410345677150916     
  0.46303028211453873     
  0.44907443645002210     
  0.44724459912940473     
  0.47010100002437083     
  0.44709058713753802     
  0.44825295851502867     
  0.44543563797445274     
  0.42198508774990351     
  0.43087055513975964     
  0.45436721270462421     
  0.43230273522260843     
  0.43643293038154796     
  0.43017704889210567     
  0.45772084994937889     
  0.43551488523154180     
  0.44050658804417436     
  0.41622967408102979     
  0.42914738665708724     
  0.43037550680255615     
  0.40276713564268812     
  0.38981566891934111     
  0.40576375905330797     
  0.40753726451713329     
  0.42943992739219589     
  0.41691223011885353     
  0.39688954956126138     
  0.40244943962853791     
  0.42650721743360037     
  0.40187713830594507     
  0.40569544472013275     
  0.42452132174702745     
  0.41395544518029237     
  0.42268090498324945     
  0.42566449416258273     
  0.42476276417747844     
  0.43760691429777365     
  0.43119298359986580     
  0.42721518520440566     
  0.42152392585683374     
  0.40372534481614070     
  0.43225734247189179     
  0.41445237793714085     
  0.40913020961227625     
  0.41439859383143823     
  0.41979983915105407     
  0.45475817363524268     
  0.41292366576523665     
  0.43792170329896329     
  0.43830992126735036     
  0.44085513740695875     
  0.45695428354269418     
  0.44530570458634872     
  0.44209967696966646     
  0.42889884987853821     
  0.43169112804385207     
  0.42708910883413520     
  0.45928317473418584     
  0.43709934694392549     
  0.45482456764294987     
  0.46483830805912285     
  0.45023548085093218     
  0.44215820561444846     
  0.43248034211534531     
  0.42296059214953724     
  0.43253187587937403     
  0.42650543716166367     
  0.44110852003994494     
  0.43261479767977729     
  0.44419670869659439     
  0.43477184218063025     
  0.42437777804498317     
  0.42450769003029881     
  0.42139481043706239     
  0.42964392932403261     
  0.42069408520212237     
  0.40531546394179735     
  0.41758963176988056     
  0.39708264296646761     
  0.40120715271564644     
  0.39690210739788584     
  0.40228546488548017     
  0.40472339985467287     
  0.41716710673762597     
  0.41850460011608315     
  0.41793620337497167     
  0.43691457483573937     
  0.43076522509207532     
  0.43756970214833063     
  0.44393208396870726     
  0.43442151155054587     
  0.42657232364939868     
  0.42022232897445638     
  0.42942125607560733     
  0.42375569238273658     
  0.40752663795621291     
  0.41670123661105302     
  0.43182949984136315     
  0.42184962672226467     
  0.43104033448771650     
  0.40339103158531353     
  0.41454049164711604     
  0.42487742583858235     
  0.44602801980014367     
  0.41415727675822994     
  0.40977839248679443     
  0.41543710377941201     
  0.40732982579047822     
  0.40938733069579009     
  0.42773608403789731     
  0.43337927979558388     
  0.42516449211216650     
  0.42128474607401606     
  0.41477714307098901     
  0.42136932006031491     
  0.41666910671155211     
  0.41161496545308413     
  0.42471315703309565     
  0.41344547598210835     
  0.41754006237509361     
  0.41534157741334887     
  0.42033422227976275     
  0.44304038485995462     
  0.42008043147109808     
  0.45920830934750617     
  0.43070984586761552     
  0.42528584734691188     
  0.41445289339039781     
  0.40237703438692124     
  0.40156886479743364     
  0.41114253815149948     
  0.43414178013788651     
  0.45801082452558056     
  0.46326889165033991     
  0.47050686283330517     
  0.43695292063135488     
  0.41209177112626716     
  0.43213173934658849     
  0.40831516683427654     
  0.42585482315945655     
  0.44934435235571962     
  0.45033705307801808     
  0.40470950347150669     
  0.39837598860748596     
  0.41839399551311762     
  0.43150270826172138     
  0.43719777769946699     
  0.41608789978699695     
  0.40879779481167544     
  0.41108787439412137     
  0.40833006176373415     
  0.41968276662050630     
  0.41056847656744172     
  0.42134447071653675     
  0.42283537987342129     
  0.43193843058440340     
  0.41134951192865787     
  0.40816630790301417     
  0.44575472086295082     
  0.45529560923413848     
  0.44646381342281161     
  0.42822871982251148     
  0.43556212233841324     
  0.42104143767845292     
  0.41569250575475036     
  0.42826733448516502     
  0.42973881605325776     
  0.41735017719158174     
  0.41142845752032575     
  0.40158663307391940     
  0.42721931566516985     
  0.42358507905313331     
  0.43921475202619692     
  0.40327514872332842     
  0.42821750119671748     
  0.41381550471986944     
  0.43004721215093106     
  0.42554932251069549     
  0.41087014831935992     
  0.40534228861000621     
  0.41434068355100184     
  0.43246309231111252     
  0.43896168312670508     
  0.41965137246257000     
  0.42843293866856447     
  0.39730382486255877     
  0.43524460160666406     
  0.43437751586630580     
  0.42232976798011540     
  0.41520995305297265     
  0.41135454619851702     
  0.39365873525719058     
  0.40825829625921678     
  0.41648613951690644     
  0.43097155781737334     
  0.42138434802544100     
  0.43394657957808108     
  0.42433505988406067     
  0.42851097637639673     
  0.42122156763039686     
  0.42610245650281436     
  0.43595304969374182     
  0.44322193633669466     
  0.43155894725808780     
  0.45375407997480510     
  0.42555996757504666     
  0.40689610966520673     
  0.43386869766498576     
  0.41299500210888712     
  0.39626497656714382     
  0.41850275853288016     
  0.43141255745868579     
  0.40986042882802409     
  0.40788938026766614     
  0.43575375186737270     
  0.40732440064006897     
  0.42454828380099791     
  0.39831461917892297     
  0.41769728318535715     
  0.41621068976886172     
  0.42607117548436324     
  0.43418342203838234     
  0.41666085354433396     
  0.40782276076718887     
  0.39950763545938733     
  0.38227412551568518     
  0.41392367221475002     
  0.41718523652647377     
  0.42659061385803498     
  0.43080520900997998     
  0.42211340207716858     
  0.41276254375849691     
  0.42142311963080004     
  0.42897982442149640     
  0.41987027334659255     
  0.43458380667233648     
  0.44306947347992653     
  0.44145629134128450     
  0.41689088330217061     
  0.41200766553423529     
  0.41221590820662263     
  0.42504869457254946     
  0.41622429739102229     
  0.43991375125996152     
  0.43877501709747163     
  0.42259962700993425     
  0.42526353782956516     
  0.41863799493664222     
  0.42498401383509665     
  0.41387530464286620     
  0.40867381053778945     
  0.41167859413779606     
  0.42437017531749599     
  0.42743640668513622     
  0.42410050696012597     
  0.41072481495084040     
  0.43010897315717905     
  0.40628689902589293     
  0.41100094329490705     
  0.41642200650440137     
  0.41955901948880847     
  0.40205978750716892     
  0.42039959071781186     
  0.41059139842145104     
  0.43497157600237479     
  0.41596200487329871     
  0.40546237548171560     
  0.41289161356853948     
  0.41658770919376448     
  0.42840124477220737     
  0.39764408970798659     
  0.41562381023924888     
  0.42702220439436994     
  0.43126604335284546     
  0.45183014496048068     
  0.41282665243047562     
  0.40407826571359501     
  0.40994580018256926     
  0.41775895777092931     
  0.40390533579620275     
  0.40893855484903224     
  0.43350422316183357     
  0.42199665844855239     
  0.43698081708533748     
  0.40998429547652165     
  0.42689898963245104     
  0.40760180670535662     
  0.39553405475289161     
  0.41769663539910762     
  0.43016075179164476     
  0.45129276203062224     
  0.43318218131108621     
  0.43054982092910771     
  0.41803116859683448     
  0.41790015203062458     
  0.43620138611343878     
  0.44859450926637168     
  0.43807259805144705     
  0.43758633710783862     
  0.42310074122638391     
  0.43566275155453327     
  0.42689966210960356     
  0.44583448528649755     
  0.42414524036966916     
  0.44966859658617575     
  0.41012552588905948     
  0.43575208165833029     
  0.45137225985799728     
  0.41309602754118563     
  0.44299731289704619     
  0.44935826195082812     
  0.47597699085552453     
  0.43940769411557584     
  0.46135101903763043     
  0.49129990028789711     
  0.47103190881284207     
  0.45928747606619424     
  0.44464212018823585     
  0.44706972618011159     
  0.45812983162924065     
  0.46844295514252243     
  0.45912998105124342     
  0.46579088617596348     
  0.45771743530166353     
  0.41984103346485024     
  0.40831917592138633     
  0.43583002595823428     
  0.42833770924868114     
  0.41866172475187868     
  0.39646425730060042     
  0.41148675526079853     
  0.41235010654231169     
  0.41431377593733620     
  0.42043936195842518     
  0.41340517341847716     
  0.41227638402049949     
  0.42115608864345400     
  0.43068567778671268     
  0.42924306960995201     
  0.41357458784459994     
  0.39673916210075499     
  0.40626243040635873     
  0.42853488053083766     
  0.43401857708923697     
  0.45630565702175979     
  0.44577670701209687     
  0.42115914877637867     
  0.42441210774351984     
  0.43674926141772324     
  0.43967093506531102     
  0.42212411735493482     
  0.41697521538907023     
  0.45031537817990730     
  0.42564471182445179     
  0.43062122119807100     
  0.43555017052747197     
  0.41829744850793271     
  0.43481203801643553     
  0.43865553706379279     
  0.41992894892908644     
  0.42166024306976685     
  0.43216093614632428     
  0.41785707065817806     
  0.42783575294110687     
  0.42247382615351220     
  0.42645752076186710     
  0.42928855511746755     
  0.45807649991395794     
  0.46877024897107405     
  0.46856220435937046     
  0.43082905870468868     
  0.43491694895254190     
  0.42778206523235268     
  0.44440404768505909     
  0.44514272803547711     
  0.44018816416904294     
  0.42459280592377013     
  0.43909965241841709     
  0.45084436358528190     
  0.43131276251379014     
  0.44688663773394821     
  0.43437566138749012     
  0.46139869849973214     
  0.46112081308264224     
  0.41592609736201780     
  0.42621778534184512     
  0.41630840241768430     
  0.43128642900825520     
  0.43798338867077485     
  0.44030993072257835     
  0.45638823380059484     
  0.43333873507259102     
  0.43631835097822741     
  0.43775467620792963     
  0.43725490291788210     
  0.44638809200619095     
  0.42850619357238684     
  0.44130879496781328     
  0.42231063161541149     
  0.42502314428768090     
  0.39709705848848964     
  0.38415190935919513     
  0.37249119287904014     
  0.40202150088812505     
  0.38148750841781420     
  0.42831321987814025     
  0.41556305571325314     
  0.43923232281363223     
  0.46393660408604070     
  0.43201992924806543     
  0.43575708811938119     
  0.41816164264614125     
  0.43633934926742007     
  0.43751783421695678     
  0.44525954285799368     
  0.43266742354281612     
  0.41636275846367393     
  0.43397505847499807     
  0.41350385643190890     
  0.40783254482943443     
  0.39325751459712777     
  0.39947677583367019     
  0.42056460980386373     
  0.42425981052247952     
  0.43527566232302795     
  0.42689520413755511     
  0.43882435191180308     
  0.45439129342528661     
  0.41373433124048026     
  0.43188993424569849     
  0.41046335598786254     
  0.41061113886027545     
  0.41435443720673354     
  0.42017271985933230     
  0.41431771517687788     
  0.39107126431380917     
  0.38917913481604993     
  0.40262806655348993     
  0.39589299964969910     
  0.40240891017824054     
  0.39365714321361028     
  0.39700768320408353     
  0.39480482037042092     
  0.43904758658582388     
  0.40994754454789184     
  0.41482141530778405     
  0.45575372374230061     
  0.42802677241133202     
  0.41611108482428361     
  0.42001969950285761     
  0.41512096627727540     
  0.42265685789984742     
  0.41188923130612148     
  0.44333046097329742     
  0.45905374870604782     
  0.45465327184690796     
  0.47335428166448501     
  0.44930001861372526     
  0.44209817537535701     
  0.43845717812872981     
  0.41700413770246558     
  0.43066137611981459     
  0.42449909570824096     
  0.42759259642920289     
  0.40569997646730915     
  0.42410909889984305     
  0.40611473621410998     
  0.42103761588737615     
  0.42894582586332242     
  0.42548089252051102     
  0.40999640708135543     
  0.40693400494370974     
  0.43514319859538209     
  0.43721627977727207     
  0.41899327335853681     
  0.41597060188292428     
  0.41930813882913531     
  0.39855233661455064     
  0.40452137409648775     
  0.40558076199339366     
  0.41415974237658648     
  0.41566754202894446     
  0.41624536952859659     
  0.43148513074011813     
  0.45099158219948943     
  0.44191877670463181     
  0.41919870842812718     
  0.41595796359590465     
  0.40086608562708620     
  0.42013524282215220     
  0.40812990000179744     
  0.40714998641074784     
  0.41888579359455813     
  0.45287374633719729     
  0.43737744602285911     
  0.43944305845070480     
  0.43270742698290621     
  0.44256596822100275     
  0.42850648022499338     
  0.40993208753020538     
  0.44002671073904631     
  0.45616180590627797     
  0.43562395644758251     
  0.42874361192771215     
  0.42403044458006073     
  0.42544039805949557     
  0.40688233877369462     
  0.38963200543637094     
  0.40970924593660873     
  0.41346850131087837     
  0.40146867748782139     
  0.41674569231431507     
  0.41494360202349628     
  0.42139933769280413     
  0.42679455606635303     
  0.46488898456819711     
  0.43954588522855975     
  0.45690811500263906     
  0.44780152608961726     
  0.42062173329413072     
  0.40273374402622725     
