   1.0000000000000000     
  0.77234345281921302     
  0.58231603563298462     
  0.45622984714376780     
  0.34317649144815954     
  0.27687297504849834     
  0.31109152557703235     
  0.32610873054036277     
  0.24065191736102395     
  0.22223953047421405     
  0.17457587795077431     
   8.3736917092072274E-002
  -2.5923577806295266E-002
  -6.0426962826141135E-002
  -9.6718499597846300E-002
  -9.3844734010915823E-002
  -4.6390004902144830E-002
  -2.1472133553786982E-002
  -4.5819010193463926E-002
  -5.7866950223119745E-002
  -7.7830172089541558E-002
 -0.14902292742513842     
 -0.15592200480818033     
  -8.2312609102076259E-002
  -2.7649849633276394E-002
   3.6082017055502388E-002
  0.10037748971307678     
   5.4585824209180601E-002
  -2.0023148685849163E-002
  -3.6512333938721712E-002
  -2.5426192532550743E-002
  -3.5562730574509004E-002
   2.6760387515530965E-002
   9.7636714363144680E-002
  0.11192781809472711     
  0.11670898252326160     
   9.9862152544622843E-002
   2.5933854148938461E-002
  -9.9474517555193445E-002
 -0.12300073451030494     
 -0.14653892084573159     
 -0.21674152092720367     
 -0.27428927869435166     
 -0.31188439561407960     
 -0.37513826808262668     
 -0.38970799286472169     
 -0.37812649113958297     
 -0.39673316579264190     
 -0.45353563835789679     
 -0.49347035560442021     
 -0.48370683872755138     
 -0.49347035560442037     
 -0.45353563835789679     
 -0.39673316579264201     
 -0.37812649113958280     
 -0.38970799286472174     
 -0.37513826808262657     
 -0.31188439561407971     
 -0.27428927869435155     
 -0.21674152092720378     
 -0.14653892084573156     
 -0.12300073451030497     
  -9.9474517555193417E-002
   2.5933854148938465E-002
   9.9862152544622870E-002
  0.11670898252326159     
  0.11192781809472716     
   9.7636714363144667E-002
   2.6760387515530965E-002
  -3.5562730574509031E-002
  -2.5426192532550761E-002
  -3.6512333938721740E-002
  -2.0023148685849188E-002
   5.4585824209180581E-002
  0.10037748971307676     
   3.6082017055502250E-002
  -2.7649849633276456E-002
  -8.2312609102076176E-002
 -0.15592200480818022     
 -0.14902292742513840     
  -7.7830172089541474E-002
  -5.7866950223119724E-002
  -4.5819010193463912E-002
  -2.1472133553786975E-002
  -4.6390004902144864E-002
  -9.3844734010915795E-002
  -9.6718499597846341E-002
  -6.0426962826141108E-002
  -2.5923577806295329E-002
   8.3736917092072288E-002
  0.17457587795077426     
  0.22223953047421410     
  0.24065191736102401     
  0.32610873054036282     
  0.31109152557703251     
  0.27687297504849828     
  0.34317649144815954     
  0.45622984714376785     
  0.58231603563298462     
  0.77234345281921302     
