  0.43761549899474106     
  0.44582831011921314     
  0.45676934015398746     
  0.49995060474867342     
  0.50014423576601452     
  0.49170242625512794     
  0.46607870907868520     
  0.44923146209592529     
  0.45732128263737531     
  0.45327781347914908     
  0.43106889127739789     
  0.45520929096695695     
  0.45724356042007686     
  0.46705564854208270     
  0.43383148546991196     
  0.42028208096733405     
  0.43030997355588402     
  0.42510331119239148     
  0.45077776153242743     
  0.47853938071740648     
  0.47973263735742949     
  0.47440504156174679     
  0.46516748923991619     
  0.49014912905374797     
  0.46402697980366481     
  0.49153100812783712     
  0.47903668467709065     
  0.50418359948075531     
  0.47751223364625572     
  0.49515530503284549     
  0.45181329630448097     
  0.46525752344574800     
  0.46365365897073729     
  0.43354602185679975     
  0.47567653770116941     
  0.42644574114255651     
  0.43638200774517538     
  0.43568163203153176     
  0.43907173931695642     
  0.44203550475704378     
  0.45379827162424968     
  0.45045009574543887     
  0.48735165737959169     
  0.48852328365437431     
  0.47047221835773423     
  0.50288426733341329     
  0.49859357276448751     
  0.51304438185425993     
  0.46830369109505515     
  0.47583296373814660     
  0.46324629885112517     
  0.47618354394988233     
  0.49090058513135720     
  0.53054223877732332     
  0.51556857736057016     
  0.47919732960605677     
  0.44579104781559781     
  0.46650168359823335     
  0.49225717446871958     
  0.50803185970838116     
  0.52307273705048574     
  0.49164139881657981     
  0.46971058964792189     
  0.48342106780271232     
  0.50404117983227892     
  0.50021739632414608     
  0.44195123868548264     
  0.46162446874867835     
  0.47695919094995459     
  0.45663536069286009     
  0.50084253937706791     
  0.49638977209339086     
  0.51444874886665182     
  0.53847847004897487     
  0.50805444914363285     
  0.51944212074555252     
  0.49499509385394225     
  0.51658204306181121     
  0.53532117024453119     
  0.54054072604391290     
  0.56262904323251395     
  0.48821153120810745     
  0.52046672335568711     
  0.51476854483782353     
  0.54103096366540071     
  0.51359220236263725     
  0.55586573637392833     
  0.51217731220485230     
  0.51111509669528155     
  0.48615451836261614     
  0.49361508214658090     
  0.49128865692764201     
  0.46518556935367295     
  0.45484193184838412     
  0.44970921101281236     
  0.50190380560684833     
  0.50404859446950412     
  0.48396713400049379     
  0.48161424870357983     
  0.48791402878171641     
