   1.0000000000000000     
  0.41535339622923756     
  0.18070969285080760     
   6.0026104675553284E-002
   8.3699738870755436E-002
   9.7659115864047547E-002
   6.1894226286234692E-002
   9.4393231244884773E-002
   6.4390269839862499E-002
  0.17897662302661485     
  0.13424845683558170     
  -1.4040119455787130E-002
 -0.22743673442851983     
  -3.1099289430314939E-002
   8.7184466642253364E-002
  0.12410728020852399     
   1.0729733973768805E-002
  -5.1298428923855242E-002
   3.4399566190082512E-002
  -3.0906539488642332E-002
   2.8263451320513847E-003
  -9.7079956286646243E-002
 -0.10383894585401050     
  -2.4257708538263853E-002
  -5.0832865898929769E-002
 -0.16631106184957220     
 -0.19428983987168069     
  -9.2110475913633791E-002
  -6.1023269123312476E-002
  -1.0298712645087164E-002
  -1.3342890141266144E-003
  -8.9392331979123912E-002
 -0.10597539307951796     
  -3.8586552534821267E-002
  -4.7301742598476686E-002
 -0.16317138101885079     
 -0.12446006519140522     
   8.5053399935123217E-002
   2.8832409287789438E-002
  -1.6078057865242402E-002
 -0.13390262633093694     
 -0.15492382811892988     
 -0.15668486471279697     
  -8.6151498133441570E-002
  -3.1222215496127394E-002
   4.6546034420742718E-002
   5.9802420330254666E-002
  0.11093678022547500     
  0.10801507820298624     
 -0.19056119233598268     
 -0.15042876830918980     
 -0.19056119233598270     
  0.10801507820298624     
  0.11093678022547504     
   5.9802420330254652E-002
   4.6546034420742705E-002
  -3.1222215496127446E-002
  -8.6151498133441598E-002
 -0.15668486471279697     
 -0.15492382811892991     
 -0.13390262633093689     
  -1.6078057865242409E-002
   2.8832409287789452E-002
   8.5053399935123175E-002
 -0.12446006519140526     
 -0.16317138101885079     
  -4.7301742598476734E-002
  -3.8586552534821267E-002
 -0.10597539307951796     
  -8.9392331979123898E-002
  -1.3342890141265482E-003
  -1.0298712645087122E-002
  -6.1023269123312476E-002
  -9.2110475913633791E-002
 -0.19428983987168069     
 -0.16631106184957220     
  -5.0832865898929769E-002
  -2.4257708538263863E-002
 -0.10383894585401049     
  -9.7079956286646243E-002
   2.8263451320513456E-003
  -3.0906539488642380E-002
   3.4399566190082567E-002
  -5.1298428923855256E-002
   1.0729733973768736E-002
  0.12410728020852395     
   8.7184466642253336E-002
  -3.1099289430314928E-002
 -0.22743673442851983     
  -1.4040119455787160E-002
  0.13424845683558173     
  0.17897662302661480     
   6.4390269839862499E-002
   9.4393231244884801E-002
   6.1894226286234685E-002
   9.7659115864047533E-002
   8.3699738870755436E-002
   6.0026104675553291E-002
  0.18070969285080760     
  0.41535339622923761     
