  0.68093882921986504     
  0.69495031949956831     
  0.69901107044772437     
  0.70174840059360688     
  0.70916790509892635     
  0.69427863052110494     
  0.70811675031321542     
  0.67998440944273608     
  0.69781713569142145     
  0.68969111231803193     
  0.69315144472283563     
  0.68338818215767849     
  0.68425374019299312     
  0.70427385854399016     
  0.70485485196199438     
  0.66897212765889125     
  0.68495937964212250     
  0.68817301892661698     
  0.69679402761368625     
  0.68994235862015385     
  0.69521576230809912     
  0.71023181169884686     
  0.68027938648448361     
  0.69680887241693790     
  0.70030820557383977     
  0.68160073352379880     
  0.70578402293590525     
  0.68552554751369765     
  0.69544049169721944     
  0.67744410937156641     
  0.68440167922708639     
  0.67821071610379624     
  0.69361510877145083     
  0.68916981722779291     
  0.69130872197541182     
  0.70241006689740260     
  0.71307721157030612     
  0.68948076944245307     
  0.71825342309035434     
  0.69378270648908680     
  0.68497891339807826     
  0.69481334778268022     
  0.71552277638551298     
  0.68970920617254217     
  0.68496827719049103     
  0.69651978752154831     
  0.70395566566298307     
  0.70793490764872768     
  0.70470582054092734     
  0.71169089457068058     
  0.71235683678578865     
  0.71285751996713287     
  0.69693041968143321     
  0.69582211025986918     
  0.68616263419837031     
  0.67234899791116931     
  0.70889282256898078     
  0.70058607550704499     
  0.70532731379447100     
  0.70327352950697963     
  0.67992525066860210     
  0.68543650909434450     
  0.69154316161755225     
  0.69472121883782689     
  0.68659309371541910     
  0.69599612327986571     
  0.70038357237373317     
  0.69650145824396026     
  0.70116666554132945     
  0.70311611391008078     
  0.70349903118058066     
  0.67697991872836460     
  0.69977082345987718     
  0.70676621543061968     
  0.70493689174648211     
  0.67471176305221059     
  0.69789802054613415     
  0.70838819961102739     
  0.69442471481720158     
  0.70430902218162639     
  0.69173378893325765     
  0.68322192627923550     
  0.70520951652312147     
  0.67763712398377363     
  0.69342560265745112     
  0.69665968529949163     
  0.69793255747421745     
  0.69472779250902428     
  0.67694237771110211     
  0.68722986412124087     
  0.70020104197486699     
  0.70675156799941563     
  0.70031175618382413     
  0.70115294991821298     
  0.69743317643398184     
  0.69653305618175265     
  0.68294198905973325     
  0.71236187685377861     
  0.69329679923370890     
  0.69723368505050964     
