  0.99900000000008349     
  -2.8692546200508477E-002
  -2.7230269960491736E-002
   6.2206691737316244E-003
   4.7317485627508427E-002
  -4.4999111639388335E-002
  -3.9720595255583441E-002
   4.8961340816412360E-002
   6.0298613727519698E-002
   6.7724064017192264E-003
   8.0435343505706053E-003
   2.4951891733765982E-002
  -3.8187349771356224E-002
   2.4889807279607816E-002
  -3.7940912323381091E-003
  -3.9326301773200706E-002
   1.2470869812231283E-002
   4.7134423845945602E-003
  -9.0475735288214672E-003
  -3.8071263905351573E-002
   9.0646108099254663E-002
   8.6587053826922035E-004
  -2.4175631167456215E-002
  -4.9012562816713269E-002
   4.3117480091646940E-002
   6.7569346832241370E-003
  -7.1564579295652950E-002
   6.0636555146986260E-003
   4.1505288357523594E-003
   2.6843500643809869E-003
  -6.5167507718969175E-002
   5.4046301781628309E-002
  -3.8230832320448746E-004
  -2.6961560022241539E-003
  -1.5920744286959918E-002
  -4.1013603180149981E-002
   1.6571305110979092E-002
  -8.5476087183850337E-003
   3.0393702099998244E-002
  -1.8822261217026848E-002
  -6.2394014619084597E-003
   3.6933649947059359E-003
   3.2290274078327581E-002
  -3.8817044198054616E-002
  -4.2573814517660735E-003
   1.9006466516547471E-002
   2.5933779558547618E-002
  -5.1696471756457515E-002
   1.7065171127965444E-002
   8.3182059956526835E-004
  -2.2573338299115692E-002
  -4.1249694675456324E-003
   1.9548439537942348E-002
   4.0603522836475787E-002
   1.2415744409047101E-002
   2.4337613844596900E-002
   2.2905855174134661E-002
   2.5532728796521222E-002
  -7.5623739519876622E-003
   1.2715994823679419E-002
  -3.1330974488117017E-002
  -3.5517535563746074E-002
   2.4800135489902411E-002
   8.8184775046263753E-003
  -2.6649484753232151E-002
  -5.3185539028812708E-003
  -1.5649520316541196E-002
   1.6952310345868134E-002
   1.8322312181264681E-002
  -2.9020849493295125E-002
   3.8522850721977274E-002
  -9.2667363565384783E-002
   2.0470761582943565E-002
   4.4462017434564378E-004
   5.7296379149255700E-002
  -5.9290836820005653E-003
  -1.0114102087078278E-002
   3.1295547098888904E-002
  -1.8561655316240818E-002
  -4.1571556667139346E-002
   6.6803308489559567E-003
  -2.5190736689065660E-002
   3.6257828612524585E-002
  -4.7267366052898855E-003
   2.5703961032573313E-002
   1.3088309500312170E-002
  -4.1872902603218000E-002
   6.5184917179145598E-003
   4.7370037206271559E-002
  -5.0229366817828780E-003
  -3.8953397235701737E-002
  -4.2443515420220838E-002
  -2.7166373831124465E-002
  -3.9692564529444078E-002
  -1.9567037288703612E-002
  -4.4180458356274923E-003
   5.4197987956677192E-002
   1.8068379810204625E-002
   1.5515009006596548E-002
  -3.5271075577566223E-002
  -3.5014059416370008E-002
  -8.5542613767805916E-003
  -3.8381877321561772E-002
  -4.1640805470825049E-003
  -5.0469080013516805E-002
  -1.9577309711458039E-002
  -1.6926951901262102E-002
  -1.9074482681176501E-002
  -3.0349249535220773E-003
  -4.9009137833308774E-003
  -7.2338269387224846E-002
   8.7692322408416230E-004
   2.7814458386559035E-002
   2.4334768587689633E-002
  -2.1179960791134104E-002
  -1.1426640966452057E-002
   4.4055199147017048E-002
  -4.9007651304970958E-002
  -2.6046657140513293E-002
  -6.2809807888000845E-003
  -4.1036614616939597E-003
   1.5241895672685411E-002
   2.3295702454438558E-002
   6.2837575420782235E-003
  -8.0015963959076522E-002
   3.6172666222909634E-002
  -4.0880132182350010E-002
  -9.2604997613967080E-004
   9.6055458489250605E-003
   2.1411263217443997E-002
   1.8501277376756949E-002
  -6.9707005635529047E-003
  -2.5187611167869051E-002
   5.0383680415119696E-002
  -1.1437161426807068E-002
  -1.3144000657147886E-002
  -5.7643178735747841E-002
  -1.9106187790541282E-002
   6.6678906450825942E-003
  -5.2841531616539530E-003
   1.1433687286652760E-002
   4.2066072073509500E-002
   2.5051716353136737E-002
  -4.4081551633248429E-002
   5.3707338359996686E-002
  -4.4065966596658086E-003
  -5.3727074550661627E-002
   2.3776662488855491E-002
   3.3121344542101250E-002
   2.6920156909150811E-002
  -9.3945406534936358E-003
   2.6599718458103740E-002
   3.9046782858343496E-002
  -3.3580840044391630E-002
   7.0761514982550233E-002
   4.0667847785576319E-002
  -8.2196802876491032E-002
   2.4952368598354507E-002
   3.1067172058689609E-003
  -3.2752419285564270E-003
  -2.9009216106881930E-003
   1.2489297214471362E-002
  -1.1186777759689430E-002
  -2.2852021609147521E-002
   6.2066747631520855E-003
   8.8574839699963853E-002
  -3.7754909600970575E-002
   3.0006563573910086E-002
   1.5668859511177247E-002
  -2.6152366016246879E-002
   1.4306422060966653E-002
   5.4384322339073466E-003
  -3.3030252156785796E-002
   1.8120225881757292E-002
   1.2369971945487640E-002
   5.0024541877202747E-002
  -3.6977418933607141E-002
  -5.9256799255479539E-002
  -2.3433776231801720E-002
  -3.1435385946215109E-002
  -2.7928676962953477E-002
  0.10591868144714418     
  -4.7102312902581073E-002
  -5.9590948742216897E-002
   4.8569473459226346E-003
   8.6351406869181850E-003
   3.9004421877958328E-002
  -4.4583228191657921E-002
   4.6287082683470072E-002
  -2.0462513809174552E-002
  -1.3529539852914900E-002
  -6.3472783885021561E-002
  -2.7997897336923764E-002
   3.7899304742846654E-002
  -2.9084874605961931E-003
   1.9237671929179044E-002
   4.4521878158627300E-002
   1.1357939015319497E-002
  -4.3440379229482705E-002
   1.4675055990984363E-002
  -1.1988063723599394E-002
   5.3277750307885750E-002
  -1.2900823182082818E-002
  -2.4589840887549366E-003
   8.4037113871165449E-003
   5.2501870899435005E-002
  -6.0705427622521919E-003
  -1.2834024553971429E-002
  -7.7125611012170258E-003
   4.0835918515855760E-002
   2.8328259458449585E-002
  -1.8009839977453385E-003
   7.2260573380368107E-002
  -1.3110391326201228E-002
  -2.2617540791273548E-003
   1.0668318703277991E-002
   5.4003515649917637E-003
   8.5847708514290313E-002
  -4.1253213564706126E-002
   2.5333909246904842E-002
  -4.1673377885184354E-002
   3.4823300840165244E-002
  -5.5103184581715469E-003
  -1.3784220328734588E-002
  -7.4545044757748568E-003
   4.1798348040788681E-003
  -1.9927144789820814E-002
  -4.9166844412462732E-002
  -4.0239725529450682E-002
   7.9558507710313937E-003
  -1.7323044838801115E-002
  -1.9287140445464236E-002
   8.1069595522356448E-003
  -2.9523415856749530E-002
  -5.0282375960486243E-002
  -6.5117965528393912E-002
  -6.4206399118441363E-003
   5.6914005412352225E-002
  -3.3254683269276768E-002
   3.7188472670402678E-002
  -1.2164677617081189E-002
  -1.4758909038771431E-002
  -3.5745760324572161E-003
  -2.9295384216256631E-002
  -3.8831457028750703E-002
  -3.4614635941936214E-002
  -7.7909038453977841E-002
  -8.3011464219292994E-003
   4.8657138411654775E-002
  -2.0437471933778505E-003
   4.3875604017087122E-002
  -5.5020417071373368E-002
  -6.1228131904059686E-002
  -7.4508746885897717E-003
  -1.7880341986119808E-002
   5.5523654750194155E-002
   9.9596760120537163E-003
   1.3505883785780014E-003
   2.7578380099045192E-002
  -2.7903451108845269E-002
  -5.0011462226629354E-002
  -2.7803189071429507E-002
   3.1061645219351699E-002
   5.6421331541298268E-002
  -2.8216758011487094E-002
  -4.0072551683155967E-002
   5.4566296386387568E-002
  -5.2070621096145124E-002
   9.9445992492187534E-003
  -8.2131243679640312E-003
   5.1641813645900064E-002
  -3.6519792879815584E-002
  -1.4169965491109440E-003
   3.9831542185370668E-002
  -7.3919922096773441E-003
  -2.1226490362045790E-002
   5.5895621723320108E-003
   4.7597104734322895E-002
   1.1841723256706800E-002
  -5.5799092811220329E-002
  -1.4417151323982996E-002
  -3.5063949961429315E-002
   1.2034664284939914E-002
  -5.6500444891221038E-002
   5.3157876738462615E-003
  -2.6361358725801275E-002
   2.1073490553986465E-002
   3.0517052213284105E-002
  -3.3524422350472809E-002
  -1.8943377283031831E-002
   2.5474557065361662E-002
  -2.8172872229867078E-002
   7.9213614403692463E-003
   1.7107163158774637E-002
   2.6275169390371059E-002
   4.6960192105368719E-002
   5.0039182993436345E-003
   1.4868305199300861E-002
   2.3946920551156273E-002
   1.0454352654080016E-002
  -6.4969596792607290E-002
   6.3212052012494606E-003
  -3.2542669651272497E-002
  -2.6407955549873664E-002
  -3.9351722077801923E-002
   1.5311290225556046E-002
   8.6950684525134332E-003
   4.2446579329617755E-002
  -6.2049708533633736E-003
   2.7002761229281448E-002
  -9.5123528122965859E-002
  -2.6003380386046764E-002
   1.1609522709973888E-004
  -4.8049523796303471E-002
   4.5641731657195851E-002
   4.5926957749533252E-002
  -5.3018446598968837E-002
  -3.8254799539303747E-002
   2.6851421973740072E-002
  -1.5340685795585429E-002
  -6.3480112290934280E-003
  -1.5788873041009892E-002
   2.3674467499289295E-002
  -9.6545139898389920E-003
  -9.0082121059335413E-003
   5.9684852897811190E-002
   5.6884767503107996E-002
  -1.8456177124753819E-002
   2.2178103738141226E-002
   1.7687180519093369E-002
   4.4250500896263749E-002
  -4.2362136921740082E-002
   4.7731120034617283E-002
  -2.1879895770913562E-002
  -2.5051666327762831E-002
   3.9091931912112805E-002
   5.0438833176606343E-002
   9.7590851761920026E-003
   7.7506548295849270E-002
  -4.6225043951248690E-003
  -5.0776664102549392E-003
  -7.9835701383591168E-002
  -4.1759182706769780E-003
  -3.5760821095296973E-003
   1.6366344902271206E-004
   5.0507260694764911E-002
   7.9474315995653900E-004
  -1.6120508380443901E-002
  -8.3737055398310084E-003
  -6.5338512326761050E-002
   5.8393060532453057E-002
   4.3033804764887502E-002
   2.3975461752756604E-002
  -1.6813604992374633E-002
  -1.6429944830625560E-002
  -4.2781159603162353E-002
   1.0159527421829200E-002
   8.5928784804433812E-003
  -2.5978624897795698E-002
  -9.0559093643654553E-003
   6.3997751223404370E-002
  -2.3378682918583062E-002
   1.6439920469760297E-004
  -1.4880181258473183E-002
  -1.0202113534467412E-002
  -8.3848684205792348E-002
   5.2892419398253886E-003
   6.0962306041852585E-003
  -4.8312468560052280E-002
   2.7049328444913288E-002
   5.3147234418699875E-002
  -3.6564822132140261E-002
  -1.3380034583704570E-002
  -5.5894757991066649E-002
   5.7963545959530294E-002
   1.4772252111771659E-002
   2.0312190848223263E-002
   7.9724888076087075E-002
   9.5220512467247449E-003
  -1.7396211985859052E-002
   3.1629553200800331E-003
  -4.3734652658173480E-002
   3.0252733614724091E-002
  -1.6122205743497355E-002
  -8.3396969571286287E-003
   4.4650788861680633E-003
  -4.9540003168826348E-003
   2.5517956008170275E-002
   2.8994277566161592E-002
   7.8192183787016215E-003
  -3.1158749110910943E-002
   4.7542620804475666E-003
  -9.7449439360426261E-003
  -2.7572037035556867E-002
  -1.4067325730257483E-002
  -8.0663366681109228E-003
  -4.4429595489293323E-003
  -1.6570694206066727E-002
  -5.2299997293037215E-003
  -3.2401839113062283E-002
  -3.3454849456451406E-002
   3.1458323627011620E-003
  -6.7742168716518154E-003
   7.3210152188660331E-003
  -4.7862767942876118E-002
   7.2224310117876916E-002
  -5.7151862660669538E-002
   2.9901162776013675E-002
  -3.2913111087456155E-002
   2.3016849156365607E-002
   4.0809024852653621E-002
  -4.8300729200253219E-003
   2.2663910792859190E-002
   2.1101417360751052E-003
  -1.5193885953513047E-002
   8.0054099257729737E-003
  -1.1909084803221455E-002
   2.0923199290089870E-003
   3.5077629972800874E-002
  -1.5791556344812791E-002
   6.5360553775117555E-002
  -7.3214730387636063E-003
  -3.0535859945862366E-002
  -1.2863457747072789E-002
  -1.6007761379691891E-002
   4.1979689026881768E-002
   2.8487059646071101E-002
  -7.7557103971796895E-002
  -3.3503427868386948E-002
  -3.9483264041374574E-002
  -2.4615042991355130E-002
  -8.1576374611052660E-002
   1.8801298172078509E-002
   8.0942917125719327E-002
  -8.8475497381387980E-003
 -0.10562340688787253     
   5.6671283789652561E-002
   3.4612054132167110E-003
  -2.2117163170461369E-002
  -3.2139460415515422E-002
   6.1167265192419136E-003
   3.0124890255600684E-002
  -5.3306987624866173E-002
  -5.8150300045627518E-002
  -1.1394331892337199E-003
   2.8204066331476625E-003
  -9.1657483003326524E-003
   2.3518400724456337E-002
  -6.6977755003554712E-002
  -1.9622542770165615E-002
   1.5943145251491393E-002
  -4.0384062756714063E-003
  -1.6907241165797535E-002
  -3.2387381596817096E-002
   1.2975176384992916E-002
  -2.0170211056948047E-002
  -3.4718747183279206E-002
  -2.6884754914183288E-002
   3.7010384353645488E-002
   6.9911591890450320E-002
  -1.9667437372338240E-002
   1.0342286862517204E-002
   1.0305204985295651E-002
  -1.3028734410486282E-002
  -2.5352189154042075E-002
  -8.3329766160278925E-004
   1.6268473934089075E-002
  -2.9537226285253466E-002
  -1.9169869271359126E-003
   1.5480385690387378E-002
   4.3731420359497938E-002
   2.9469833805140871E-002
   6.3193674064426275E-002
  -4.2061015811139933E-002
   2.2748821410938199E-002
  -5.9218566638902211E-003
  -8.4004341603994712E-002
  -5.7505272368350270E-002
   5.6489677150344614E-002
   5.7066136147172000E-002
   8.4719156040958740E-003
  -5.4893505504299202E-002
   4.7856518816026664E-002
   3.2698560775409162E-002
 -0.12485387029632089     
   3.8783495289341212E-002
   3.3198672011335972E-002
   4.3235766767086459E-002
  -3.1214491218653228E-002
   2.7585622541085972E-002
   5.6772746005964964E-002
  -6.2856737644743305E-003
   7.0243490081401114E-002
   1.8369780071655569E-002
   1.8986463660985041E-003
  0.11977471476406423     
  -2.0778245631189119E-002
  -8.4116186178933502E-002
  -4.0952029263384732E-002
  0.10766030111108885     
   9.3145297126267252E-003
  -5.1949300846621457E-002
   4.6527858964567723E-002
   7.7087352578548117E-003
  -3.8890309103959415E-002
  -3.5568938169341924E-002
  -3.0599755919400218E-002
   4.7770066300867345E-002
  -6.3692269115628475E-002
  -2.3849893467580027E-002
   2.9182353649142539E-002
  -5.9585134527837404E-002
  -2.4101455479910781E-003
  -8.9249737632530787E-002
  -3.8283386099658707E-002
  -5.0869850873103813E-002
   1.0881580908514083E-002
  -1.2007426715213515E-004
   3.6342769526120075E-002
  -3.0250906742832838E-002
  -6.1388242522728287E-002
   6.6595644350625439E-003
  -4.0693476093532903E-002
  -5.0776262185271530E-002
   6.9705854365636671E-002
  -5.8748576464936905E-002
   2.1162439220533118E-002
   8.5683056806346247E-002
  -4.0241969508894762E-002
   2.0936352287287657E-002
  -7.5463142628198365E-002
   6.7727826237289943E-002
   2.3777016951027491E-002
  -5.9437048107575371E-002
   4.7895802571001928E-002
   1.4921203378659608E-002
  -4.3395095645956169E-003
  -4.9037589626815731E-002
   5.3418862534077655E-002
  -1.9617832446704671E-002
   4.5786602077845524E-002
  -4.7673956011190614E-003
   2.0888762896776197E-002
   5.4277036385525543E-002
   3.8235350333312823E-002
   3.6835262421073239E-002
   1.8641648906982122E-002
   9.4949030585566876E-002
   2.1286364912631989E-002
  -3.2456353003593470E-003
  -6.9289824524839380E-002
  -1.3602903143519520E-002
  -2.2206115660987437E-002
  -1.9233066773826153E-002
  -1.1053796729363028E-002
   5.3004214595673088E-002
   3.4680157166357889E-002
  -2.8254687646427579E-002
  -3.4786406875935635E-002
  -5.8727202644329901E-002
   2.3041862896650351E-002
  -3.6227412375547725E-002
   3.6674717020493901E-002
   8.7809165250109095E-002
   5.0645805867249550E-003
  -2.9168756296014446E-002
  -9.5911853841846778E-002
   8.7735106560699369E-002
  -5.1478750190214737E-002
  -3.9355173133586170E-002
  -5.5603490334826693E-002
  -2.3291082931214534E-002
   1.4684113081556463E-002
  -3.0747132146623949E-002
   1.6342842908166705E-002
   4.2314643288280128E-002
  -3.0169091641514718E-002
  -1.7704639261300645E-002
  -4.2510112980490893E-002
  -2.3897476431462800E-002
   2.0670586255874781E-002
   2.2891187338093755E-002
   2.4793971164436320E-002
   3.1204034774170431E-002
   5.8541627290845548E-002
  -3.4308081043178763E-002
  -8.4820218666384235E-003
   3.8294259562844095E-002
   4.2286275093890453E-003
  -4.8866768620997626E-002
  -4.4823525907572555E-002
  0.12466626079508564     
   2.7380348961263797E-002
   4.0800179838410305E-002
   5.2975825396162544E-002
   5.4361190921691567E-002
  -7.4882238199860734E-003
  -6.3774241357312328E-002
   5.0096296682712330E-002
   6.7688508513686671E-002
   1.5250812918865164E-002
   8.0049728517354007E-002
   1.6689037437142031E-002
   3.0203788923465105E-002
  -7.9909447045144952E-002
   4.2834031265483442E-002
   7.4617730670125920E-002
  -3.2068910535672178E-003
  -2.1229733855217290E-002
 -0.12017914000262366     
   1.5126841847190599E-002
   3.6217741342033344E-002
   1.6900772822578750E-002
   4.8730119144771190E-002
   6.2142340416978921E-002
  -1.2660991674100284E-002
   8.5497691982508207E-003
  -7.5208277554078190E-002
 -0.10870327742480954     
   6.2117119420635782E-002
   2.4955531265128412E-002
  -1.7058563731914909E-002
   5.6500105736416666E-002
   1.9902956477315163E-002
  -4.9785770469394613E-002
  -3.9841402359241185E-003
   4.4873589426489641E-002
   1.9210364977052256E-002
  -2.2133239084680376E-002
  -7.6959151460914300E-003
   7.0510547630559556E-002
  -5.5797935672591815E-002
   4.7009258202431167E-002
   5.4493782417324846E-002
   9.9616959338167235E-002
  -4.3856966969778907E-002
   1.5789689924431301E-002
  0.10928678104818376     
 -0.12755980148618526     
   3.5380766656738311E-002
   7.3639958851039009E-002
   2.0416063432645171E-003
 -0.11260621899766264     
   9.6562083447217242E-002
   5.0433219498860565E-002
  -2.7296263618863618E-002
  -5.4962022094038915E-002
  0.10117447938924783     
  -9.3351313463208810E-002
  -8.6893098113487565E-003
  0.11627438221163301     
   3.3301482756382415E-002
  -3.8988337672375854E-002
  -7.3815078348654249E-003
   3.3597151883392996E-002
  -6.0142855721999768E-002
  -2.0392955739177498E-002
   3.0847285078056848E-002
  -8.6821428613872709E-003
   4.5812138104967863E-002
   6.4772137551062134E-002
   1.3770068303244354E-003
 -0.11616924186657374     
  -5.8754886340444748E-002
   3.7595983185087424E-002
  -6.3961974509818664E-002
 -0.11411594904315006     
   4.1693876212116655E-002
   4.9044211247931714E-002
  -3.0981975743790670E-002
  -8.5070998820345662E-004
   7.4445839665850250E-002
  -5.7745880752538926E-002
   5.4300407335319316E-002
   2.3997581203838943E-002
  0.13648285778618377     
   6.9078678118887654E-002
  -4.5028231622178970E-002
  -2.0418146131613024E-002
   1.5532007601183978E-002
   2.3733207559377815E-003
   1.9210442131655389E-002
   5.1105539610469901E-004
   7.7355513458653657E-002
  -9.7689297351999924E-004
  -4.7343236959083629E-002
 -0.10489147802408511     
   2.6530593794124854E-002
   2.0552818960911410E-002
   5.8873865861815484E-002
  -4.7104522806812731E-002
  -6.6620398582525314E-003
   3.1846255214262167E-002
  -3.2169948912819789E-002
   1.0725899992413631E-002
   5.9847689153448354E-002
   5.9379248659449643E-002
  -7.5439064473573111E-002
   5.6420871466847350E-002
  -3.5010263966012797E-002
  -2.1058483616777566E-002
  -4.1379200261503699E-003
  0.11871920270409005     
   4.3621073428182590E-002
  -7.0523969973231973E-002
 -0.12834209804715549     
  -3.7044918643382392E-002
   6.3102620604451168E-002
  -3.4787663451113322E-003
   3.8692056430129130E-003
  -5.1671511541565150E-002
   5.3672744326502132E-002
   3.2734296248225258E-003
   1.6819080653676408E-002
   1.5325307356428119E-002
  -4.0706436928177443E-002
  -2.0862768949675231E-002
  -2.4953057424440709E-002
 -0.12252209218310001     
  -2.9689463858868736E-002
 -0.10633694988668563     
   1.9224900215683662E-002
  -6.7645680924976692E-002
  -7.3286547868158438E-003
  -4.0969285443443429E-002
  -7.0552124867940991E-002
  -5.7837985297605247E-002
  0.11276634260050784     
   9.4736402239979783E-002
  -5.2789538802144466E-002
  -8.2045731576124117E-002
   1.7553155608175892E-002
   6.6976272151806432E-002
   2.2102883493525391E-002
  -6.4403347946884293E-002
  -2.0037887676591769E-002
  -4.3415591088110467E-002
  -1.9592239699166129E-002
  -8.1746452673895589E-002
  -3.8351417705803602E-002
  -1.4309308785225709E-002
   9.8087135351598423E-002
  -6.7490089822080615E-002
   4.6263082549132466E-004
   5.2502621540170130E-002
   8.2288010689860913E-002
  -6.1392967323434661E-002
  -9.3850791777168277E-002
  0.19467251302443769     
  -2.8994676111799612E-002
  -4.0137873076820541E-002
   1.4378531930611631E-002
  0.11285438942967377     
  -2.7697975837876809E-002
  -4.5816294368144196E-002
  0.12785210767836080     
  -2.1400998382184417E-002
   4.2446806795605641E-002
  -5.6828924157910049E-002
   4.5031116032981738E-002
   4.9438969168497632E-002
  -4.4699422796559897E-002
  -3.4207190231472576E-002
  -4.0565035672418537E-002
  -3.4963941060426447E-002
   9.9098703429618296E-002
   2.6524783497197165E-002
  -7.0754354274957382E-002
   8.3866507834629608E-002
  -5.8842471283680260E-002
  -5.0071285306373316E-002
 -0.12645957245292655     
  -4.5615321658648409E-004
  -3.5285115446538395E-002
 -0.11774918128086841     
  -1.4402121898287205E-002
   4.5755067942030280E-003
   3.5095789174235031E-002
 -0.13082009246303425     
  -2.4868082119666020E-002
  -7.0105033680104688E-003
   5.7952247483641084E-002
  -4.7468921745922391E-002
  -8.7093201720752300E-002
   2.4840282533802171E-002
  -2.9154111404838631E-002
  0.11037247503182307     
   1.8162252081347852E-002
  -6.7023647347325462E-003
   8.9773890383245292E-002
  -5.0836831638288435E-002
  -5.3923631562673865E-002
  -3.2485553380824532E-002
   1.8232975122012877E-002
   1.6969623385918606E-002
  0.11358069621285011     
   1.2797184559487156E-002
   7.7602136495455915E-002
  -6.1347003213234302E-002
  -3.4244075151933250E-002
   3.4820706417240777E-002
   9.9395715560480366E-002
  -5.7911292869619645E-003
  -6.1014475714152527E-002
   7.9912974804533798E-002
  -8.9345764708264913E-002
  -3.7906704974847896E-002
  -1.5272130667063004E-002
  -1.0854784941218803E-003
 -0.11818258795060824     
  0.10308471367450449     
   2.7588373776892827E-002
  -2.0360204147938127E-002
  -7.6808452705915839E-002
   2.9113873813289868E-002
   3.2630603906630008E-002
  -8.9172281546969656E-002
 -0.11971291675770115     
   6.7720316002574762E-002
   2.4841416906592462E-002
  -1.0511798557963961E-002
   1.6567548080060859E-002
   6.7230880229020518E-002
   1.4210658430182129E-002
   3.8233167311889936E-002
   9.2850685635365526E-002
 -0.12177352375884587     
  -9.8829379520863851E-003
   3.3968929740151720E-002
   3.7482084766715620E-002
   2.2529853662578276E-002
   2.6173917193472923E-002
   3.0388007549606022E-002
  -3.3095563262256142E-002
  -5.9336447019873458E-002
  -5.1147772643922340E-002
  -3.0814251252235206E-002
  -3.3920741315186971E-002
  -9.1272891482499285E-002
   6.1878938382039721E-002
  -1.7618875241482590E-002
  -4.4632963719724181E-002
   1.1544382360679651E-003
   4.8520939843158129E-003
   1.5928577747310824E-002
  -3.8960161201440607E-002
   5.0970042364721399E-002
   1.6120129437924744E-004
   2.6905870768053314E-002
   8.1938521512098850E-002
   4.6738752775575314E-002
 -0.20174089123206468     
   8.9232776610141062E-002
   3.4053371511667328E-003
   9.8553292713203344E-002
  -9.9167663112797923E-003
  0.17288167859626194     
   2.6586591689117086E-002
 -0.15823666919336027     
  -5.5528211347627518E-002
  -7.4562805992099065E-002
   9.4242160977857078E-002
   6.2344854635806319E-003
  -3.2113938180158293E-002
   6.1483423151857959E-002
  -3.8053960664139089E-002
  -4.1215771256075971E-002
  -8.3682289725740697E-002
  -6.6495630585919535E-002
  0.22667143223614447     
   8.4424027588647907E-002
  -8.9672739289181069E-003
 -0.13385826456507913     
  0.13283394371854923     
  -5.7878163719165342E-002
  -1.5016960014756001E-002
   2.8288212713688910E-002
  0.10398589783622779     
   4.2686141730514708E-002
   4.2817767778523174E-003
  -4.5353719611739257E-002
  0.13492528435938972     
   2.8219590771708547E-002
   1.8300046393558606E-002
  -6.6024290460316992E-002
 -0.14475238681076885     
  -2.0128717893159519E-002
  -4.2118903362579153E-002
  -8.3666239534201117E-002
  -4.1494850309410240E-002
  -4.8462319712373565E-003
   4.6031842787962712E-002
  0.10491534258886955     
  -1.2254338124967880E-002
   3.1639413479147512E-002
  -4.1764399815369606E-002
  -3.6742155322159374E-002
 -0.14610391186243388     
   6.5486060274398503E-002
   7.3494558326108933E-002
   6.8211169766937585E-002
 -0.17161513435788872     
   5.2809756505364088E-003
  0.11586194417163272     
  -2.5390374664128398E-002
 -0.25907490830938379     
   5.3023352988318166E-002
  0.29285510595145176     
   9.0238298321588820E-002
   1.2931531875412919E-002
 -0.13538091835533730     
  0.24016664622658257     
 -0.10169023793031691     
  -7.3820575934452334E-002
  -7.0240677179356004E-002
  0.11900825708588805     
  -3.0749450555890528E-003
  -4.7613107717824378E-002
  -1.4671450259226655E-002
  0.30354394565982434     
  -1.7411003794842944E-003
 -0.19595804651108398     
 -0.11468031260011829     
   8.9527166138282974E-002
 -0.12332505886098713     
 -0.24659905866915660     
  0.11602182108342154     
   7.0321020145026350E-002
   2.6139357974552222E-002
 -0.10128284618747926     
  -8.3621188328816168E-002
  0.15383063175287545     
  0.19062500833258478     
  -4.5022188893227059E-002
  -3.3979015621021229E-002
   7.7638626272644756E-002
  -8.8648707772872065E-002
  -3.4310388972402357E-002
  -4.2775590357647240E-002
   6.2436157049451720E-002
  0.12758678872801041     
  0.10803156896521927     
  -5.8723811796759236E-002
   7.0670648817119194E-002
  -5.8590363563222607E-002
  -3.0844489483112213E-002
 -0.13538665556542226     
 -0.17903091440300009     
  0.13788472418472877     
  0.14217392817576432     
  0.14646528810458925     
   5.5731231203022306E-002
  -1.8996103663063767E-002
   9.4542777457959110E-002
 -0.32163500997536748     
   1.0009914898774695E-002
 -0.16127011152225063     
 -0.13467984980961009     
   2.0738186634903233E-002
  -2.2665558863616819E-002
  -7.0973973694219011E-002
   5.4147072582708775E-002
  0.20960184140481586     
 -0.18955049526755011     
  -7.1111278831247862E-002
  0.13868018480528843     
  0.19020345984283593     
 -0.35410191093843096     
  0.15292264004495629     
  0.30608381039418103     
   3.9140716684222546E-002
 -0.20321009018405417     
  0.18394655341998853     
  -2.7447279440842919E-002
 -0.44269491290189739     
 -0.28285217490058340     
  0.14328411142818950     
   8.7907661749020802E-002
  0.19569855022279314     
 -0.18086376816846195     
  0.10773463531031720     
   7.8759864058670880E-003
  0.38465149714339142     
 -0.76680740131754233     
   1.3063985844105213E-002
 -0.12595346366243843     
  0.10063898590778669     
  0.23226429569828291     
  0.28304714445016854     
  -3.0349720931876243E-002
  0.16661271780238271     
   2.7740847376273782E-002
 -0.52483256699794134     
  0.20206412614889133     
  0.13624586587298201     
 -0.41164836654614284     
 -0.64358674218690726     
   1.5190294940473799     
 -0.18459909214094303     
 -0.74582927888853368     
