  0.99899999999998823     
  -2.5819866231783987E-003
   6.3356697326234874E-003
  -5.1625104552601206E-002
  -7.5766282713219844E-004
  -2.7027851340386534E-002
   2.2771025569667480E-002
  -1.2973027069520846E-002
   5.4207154871727392E-003
  -2.6471927374560687E-002
  -3.8664645114741922E-002
   1.0293958956846402E-003
  -5.1100247499204332E-002
   1.4991996014933324E-002
  -1.7431529444072905E-002
  -2.4805458201239267E-002
  -2.0130711852368647E-002
   3.6701037021370044E-003
  -1.7790739657206685E-002
   2.0162741285049808E-002
   2.0261320118019500E-003
  -2.4379280696637244E-002
   3.0228571161797506E-003
  -1.4579134062277211E-003
  -2.6137313075623312E-002
   2.3171496627681525E-002
   1.1162931193222266E-002
   8.3501643267695005E-002
   3.1320423011477895E-002
  -1.0001582315136304E-002
   7.5774655756747789E-003
  -5.3805598375384671E-002
   2.1916916861705252E-004
  -6.5751898921630622E-002
   3.5264047686795834E-003
  -1.9401312113394843E-002
  -1.0983107047173304E-002
  -1.1878403350451466E-002
  -1.2308687382201257E-002
  -1.0715478535631583E-002
   3.5537789562170762E-002
   1.5008079968633500E-002
   1.1219481958465307E-002
   3.5103481023818495E-002
   2.0043448921331038E-002
  -2.2264369600612385E-002
   2.1153458053619182E-002
   3.0301674591566533E-002
  -1.0868432643991332E-002
   1.8794482751226624E-002
  -9.2989267359111019E-003
   1.8708137856711611E-002
  -6.1547710736591155E-002
  -6.7093423875131702E-002
  -1.1070095021654059E-002
   1.7812517454870877E-002
  -5.8399590165129446E-002
  -2.2954747848554127E-002
   1.2340852224167927E-002
  -6.3724175903591265E-002
   8.5751080120047909E-003
  -8.2098279895855664E-002
  -3.5652484681987923E-002
   1.7707440301596194E-002
  -6.2972072370078500E-002
  -9.4267284323604796E-003
   2.1984988996254156E-002
   4.5242171256686288E-002
   3.0412390332783441E-002
   3.9776368214470545E-002
   5.9657713226133509E-003
   6.5679767136318248E-002
  -1.6621164414347075E-002
   2.2105099056096866E-002
   2.2936273707923237E-002
  -7.4257391730962203E-003
   1.7644388942660967E-002
  -9.2151251749806873E-003
   1.0868855425183092E-002
   1.3006744379656562E-002
  -8.1497775745635340E-002
   2.3971218636392032E-002
   2.4179922737303617E-002
  -4.0242861522567178E-003
  -4.0412919544632386E-002
   5.9315382329212596E-003
  -3.7794076389978172E-003
   2.1189890275027105E-002
  -4.7367672404972590E-002
  -5.7838685166906037E-003
   7.6903061134228845E-002
  -5.6445329371412403E-002
   3.4309874109416431E-002
  -5.7898213791478866E-002
   4.2655825988709706E-002
  -5.6622833078333629E-002
   8.4596394064434142E-004
  -2.8854297694685793E-002
  -2.6293551570715019E-002
  -3.4233539580200562E-002
   7.1429918291098229E-003
   2.9955044764404401E-002
  -1.8927184688066999E-002
  -1.1285170163174596E-002
  -3.7828615397848271E-002
  -3.5927545525470068E-002
   5.7201428724282331E-003
  -1.9865721146736626E-002
  -1.8220239724656740E-002
   2.0226913603263764E-002
   2.0394331553016759E-002
  -5.6437994340097827E-003
   2.7110174369063818E-002
   2.0597807896469068E-002
   7.2863886910323724E-003
   9.6872866831159404E-003
  -8.3254187222241739E-003
   7.6607065472723210E-002
  -4.8247339025388461E-003
  -1.7510528355432934E-002
   7.6408199938685015E-003
  -1.9702290882142072E-002
   1.5390449964517234E-002
   8.1956798912758404E-003
   1.5999662153680941E-002
  -4.0375742878387869E-002
   4.6616701503002476E-003
  -5.7604215325249342E-002
  -9.7582586259998150E-003
   3.3177192589501366E-002
  -5.1414709501879912E-003
  -2.6750741814408119E-002
  -1.5547061556826416E-002
  -3.2134038020950835E-002
   3.2746192176002893E-002
  -8.9818063990316471E-002
   2.9766471984769283E-002
   4.3290979132116887E-002
  -2.9401293424455660E-002
   2.2932615984659378E-002
  -1.8246334971426206E-002
   1.4971875489106268E-002
  -3.0348460558116561E-002
  -2.2357680030993844E-003
   3.9599488961320636E-002
   1.2110544921364990E-002
  -4.4627529264396407E-002
  -7.0753834423587444E-003
   3.0733101029675334E-002
   4.3829192633382766E-002
   2.3311224817003040E-002
   6.8316460827840916E-002
   1.2117413694861587E-002
  -4.1754309793665463E-002
   4.3063696181273897E-002
   1.6550568834908373E-002
   4.0949107692743292E-002
   1.5822933460853342E-002
   2.1306754729560763E-002
  -1.0459786708079533E-002
   1.1594638880472618E-002
   1.6152224617092592E-002
   3.7830389915132416E-003
   2.4182677430084152E-002
   3.7132135150000183E-002
   1.1825275477229490E-002
  -5.8416807854271688E-003
  -3.2363664216186187E-002
  -1.3426751672363339E-002
  -7.5884185336239031E-004
  -3.6398310822790644E-002
   2.8568557871589129E-002
   1.8153382811623500E-002
   3.3349823552537773E-002
  -8.7538112901679399E-002
   6.6508650288227777E-004
  -3.5425758575990757E-002
  -2.3810239180552278E-002
  -2.3322038473259570E-002
   1.0904513265179740E-002
   9.8249476776147305E-003
  -2.1268098131505863E-003
  -1.6314043015100345E-002
   5.3985694583566793E-002
  -4.0399652045631652E-002
  -1.5293215282078123E-003
   1.8278025801303895E-002
   2.4439277269033496E-002
   4.3096211918794702E-002
  -2.5693831677726840E-002
  -2.2306984167752151E-002
   7.6348321360160357E-002
  -2.1670649844434675E-002
  -6.0985066627822611E-002
   8.9441161255528374E-003
   2.0099209657195975E-002
  -1.5163655356267493E-002
   1.5255838523107072E-002
   1.3782678492141620E-002
   3.7956862345081825E-002
  -3.6686185256138877E-002
  -7.2316375288387627E-003
   4.9151381896953054E-002
  -2.8103340620807927E-002
  -6.1833035660749915E-002
  -2.7593832593784604E-002
  -3.2007723092008139E-002
   4.3312941645274980E-002
   3.2209400999552135E-002
   2.4813745239366719E-002
  -1.3029248691567246E-002
   2.7041222126680073E-002
  -2.8103726891163867E-002
  -4.7102430230953382E-002
  -1.9556499335900836E-003
   2.8296416322772987E-002
  -1.4964647060949909E-002
  -4.1956128126250408E-002
   2.5187048417580894E-002
   8.2987609594561071E-003
  -1.5335409399193364E-002
  -6.4656138763657927E-003
  -1.0733531631110623E-002
   3.5636459965125378E-002
   1.3476448794615060E-002
  -3.8171417874727609E-002
  -1.6384650307857816E-002
  -2.4232350234025882E-003
  -2.6664590207501039E-002
   2.4324019426637849E-002
   4.8529552530922039E-002
   4.4234852934182736E-003
  -2.8296670011022110E-002
   1.5801152366188311E-002
  -1.1832838153706851E-002
   8.4098356473330388E-003
   2.2896822130683891E-002
   4.3380702449150703E-002
   2.9714950839504144E-002
  -2.1886504318427775E-002
  -2.0931555116141261E-002
   2.6060715609527114E-002
   4.2846354810523171E-003
  -1.2349195247842054E-002
  -1.0550909129278512E-002
  -2.1156558393767490E-002
   3.0103281399216322E-002
  -3.3088669504817918E-002
  -1.6195000480638978E-002
  -2.7796853619311133E-002
   2.8323383572682454E-002
  -2.6995346321690327E-002
  -5.8524589646104526E-002
  -7.8002484354520951E-002
   5.9226171385285138E-002
   3.3558526237039634E-003
  -4.1204447623942693E-003
  -9.2350414277532684E-004
  -1.8277001382864016E-002
  -2.6596394602233828E-002
  -6.1098780227987683E-002
   1.0938205977462557E-002
   1.3751327484724614E-002
   1.5782611737500809E-002
   9.8066106030041747E-003
   7.3568868442596927E-002
  -4.8968991504763512E-002
  -1.2071280012700690E-002
  -4.9227737931885583E-002
   5.2986240695219469E-002
   3.0869699946921545E-002
   1.5290600017961351E-002
   3.6468102132716305E-002
   8.3182180271821823E-002
  -4.4778181623986127E-002
   5.1137607298136706E-003
  -2.7495402968561095E-002
   1.2198449608925828E-002
   1.1242572648421267E-002
  -4.9267445092802752E-002
   5.4687000825085659E-002
   4.2254916900812539E-002
  -1.4891534040340240E-002
  -4.8394070730078578E-002
   1.7284624894903426E-003
   1.9805547317404013E-002
   2.7008970731735873E-003
  -1.6037198744277406E-002
   3.2781710829226221E-002
  -1.4512119855359893E-002
   1.8784934451571356E-002
   4.0348262260735207E-002
   2.6496346149277684E-002
  -4.8122559216281814E-002
  -1.8581079747933247E-002
  -7.1625069777894623E-002
  -2.2394445044681258E-002
   1.0513869250957313E-002
   4.6140830662719408E-002
   1.3126416571619752E-002
   1.2070555620807517E-002
   4.7681937936238069E-003
  -2.1390928752413454E-002
  -1.7579240946476810E-002
  -1.8013317003690455E-002
   9.9804117122093153E-002
  -3.1713206413343527E-002
  -1.5949610601698833E-002
   2.2570653620838904E-002
   3.4188321154066344E-002
   3.8163867156968269E-002
  -3.8373178180763495E-002
   3.9250934609499355E-002
   5.2754933293470072E-002
   1.6590671843226865E-002
  -1.7068701604247903E-003
   1.6792358969777467E-002
  -1.7719841236295598E-002
  -4.2616349443084837E-002
   2.7943113847722748E-002
   7.4524846926282889E-002
  -3.8753032729922997E-002
  -5.8564827068202166E-003
  -5.1351655834888044E-002
  -6.1643996590838357E-002
   6.9039773284911270E-003
  -1.5670165751359679E-002
   2.5235593338605429E-002
  -7.2539650682017648E-003
  -1.5999253355350240E-002
   1.8566844033390234E-002
   6.0764609215748985E-003
  -1.0612184187998971E-002
  -3.9915010770278689E-002
  -8.1468830203089718E-002
   5.2273716038625746E-002
   6.6767399833600619E-003
  -2.6801111119969297E-002
   4.4152812905390366E-002
  -6.9893387151704692E-002
   5.5274618780392408E-002
  -3.9014752709713517E-002
  -3.5097509140159369E-002
  -2.3841841946791863E-004
  -3.5947727044079787E-002
  -2.2436093508126694E-002
   1.5905144142318115E-002
   5.6963394463502702E-002
   4.8929723614325057E-002
   4.4367323955030180E-002
  -5.3267321517969049E-002
   1.2284909204263455E-002
   3.0629235969185983E-003
   3.0683480988556583E-002
  -3.2775933328110024E-003
  -4.7414304707966710E-002
  -7.1568075657596807E-003
   3.9465001840446053E-002
  -2.9891945664879847E-003
   4.0739251058067763E-002
   1.2751334758978021E-002
  -7.1324737561671722E-002
  -1.1156408328797510E-002
   4.1768846479226331E-002
   3.9339274232888216E-002
  -5.5424619450131982E-002
   8.2739545967568037E-003
   4.1764810913079951E-002
  -4.4341256737445586E-002
  -6.7278086191351325E-002
   7.2898194594685953E-002
  -3.7238524259182261E-002
  -3.2958150704097466E-002
  -1.8764676884006626E-002
   1.3417321170614853E-002
   5.9023989738965769E-002
  -6.9756452316537529E-002
   1.5109651408060998E-002
   2.7880689544661639E-002
   5.8908268825588285E-002
  -2.7742484477465384E-002
   4.8011965679329183E-003
  -9.2396972107617464E-003
   4.1534720971968642E-002
   7.1234206293108006E-003
  -4.7809314053948084E-003
   4.8901767969228925E-002
   1.1958940255827666E-002
  -1.8050886716070734E-003
  -4.3777701365626843E-002
   3.2168155625749345E-002
   8.1331460539423566E-003
  -2.6176164889346674E-002
  -3.1328255644677207E-002
   4.9291267617442326E-002
   6.0995104648519108E-002
  -1.1225670043673738E-002
   4.0199254032967487E-002
  -1.4353977634065545E-002
  -2.5525695351330469E-002
  -5.0522308925178727E-002
  -5.3922936691078754E-002
  -4.3796390862843683E-002
  -8.2174773614350129E-003
  -2.2024749980134897E-002
  -3.6850457245767985E-002
  -2.6586722759780048E-002
  -3.7195603864790053E-002
  -2.6225529057639713E-002
   4.7764941950896617E-002
  -2.5698049106109278E-002
  -7.3050256440657046E-002
  -9.0022691628344850E-002
   1.8282431750771887E-002
   1.2230841245553247E-002
  -3.0434548828142536E-002
   1.0097993530035862E-003
   2.6800002359301359E-002
  -6.2955654225304220E-002
   9.8865689107433298E-003
   3.0699083498540542E-003
   3.0553590977354814E-002
   2.3533038690007009E-002
  -4.8587065093709726E-002
  -4.4346602839443271E-002
   6.1096108058505731E-002
  -2.3442352320950408E-002
  0.10347058496057387     
   6.5880119930141201E-002
  -1.0564292360053205E-002
   3.2315854604198557E-002
  -1.7227440123738173E-002
   1.1101990798493472E-002
   9.4513263132822586E-002
  -2.7728510053291262E-002
   5.2347544893280279E-002
  -1.9123935996459531E-002
   4.3531574192656325E-002
  -6.6642008659076366E-002
   4.1032824431435286E-002
  -5.8745452025658583E-002
   6.7695780994726812E-002
  -1.9984047982049540E-002
  -1.4071550394507521E-002
  -3.1617442830190981E-002
  -4.7105569330544571E-002
   1.3556523231843871E-002
  -7.3464223796814332E-002
  -1.9223737711588914E-002
  -2.6239254851067297E-002
  -1.3017027721691870E-002
  -8.2350215491354017E-002
   6.8372878957678213E-002
   4.8863028647160842E-002
  -2.0391638234222027E-002
   5.7584194058334561E-003
   4.6577078252615180E-002
   2.6375696346200784E-002
   3.2706994460453373E-002
   3.1626037047403861E-002
   3.2986514524369459E-002
  -7.9012796611368976E-003
   2.8132352253117471E-002
   8.7590127049423736E-003
   5.9672223246899289E-002
  -5.1144707992172174E-004
   2.6857629724501833E-003
  -2.5788343109919488E-002
  -1.0874832909147075E-002
  -1.8041009628022759E-002
  -2.3256261134846377E-002
  -3.0692521695760981E-003
  -5.4907551877629426E-002
   1.8430440274663741E-003
  -3.4843085013444880E-002
  -4.4982795953270586E-002
   6.0752317002287269E-003
   4.3569548985758461E-002
  -7.6361823210449722E-002
   4.8219003668464225E-002
   2.9522689107979493E-003
   2.7607674685749074E-002
  -4.3113512017821091E-002
   7.9345929640365631E-002
  -1.3837013653776120E-003
   3.1567706925704894E-003
   1.4787165606848614E-002
  -1.3813318367817401E-002
  -5.7345542754376262E-002
  -7.9261845935533190E-002
  -3.3894675467571980E-002
  -5.9960796774390403E-002
   4.7872091772375190E-002
  -3.0780375216967810E-002
 -0.11394356714114692     
  -1.2758402822200183E-002
   4.5576766046426617E-002
   2.1141171196103703E-002
   5.7543802047287797E-002
   2.3822367472992521E-002
  0.10056931756264403     
   3.7024620469869575E-002
  -3.8419623185087459E-002
   4.9036006316828265E-002
   1.1990183082611041E-002
  -4.8609623063892507E-002
   3.3358398878016574E-002
   5.8954428328254441E-002
   4.6641189136540633E-002
   3.8831118293169410E-002
  -4.5090130271412806E-003
   3.6565225375656478E-002
  -5.5734007074220528E-002
   1.8602757249287546E-002
  -9.2808379572936264E-002
   1.0609170649393460E-002
 -0.11139235075333700     
  -1.2714703114931395E-002
  -6.0838396229751769E-002
  -5.2211978451628754E-002
   5.4619798816102462E-003
  -3.2688061763131620E-003
   6.0395336248634045E-002
   6.1022107990712435E-003
   2.5911569116665593E-002
  -5.8421492155143299E-002
   9.2896659977648649E-002
   6.1367418898458648E-002
   8.0987878406900068E-002
   6.6375807365703740E-002
  -5.7199423011523420E-002
   2.3117260015939094E-002
  -7.1454278090326673E-002
   5.7463974867949713E-002
  -9.2662795234898804E-003
   1.7931417960710627E-002
  -1.7201822820078497E-002
   5.6976928831671152E-002
  -6.8415012323167254E-002
   1.1591818639561000E-002
  -2.0042762979879503E-002
  -5.5947220910351980E-002
  -1.3643430498110610E-002
   2.5221887652108921E-002
  -4.8559371172075143E-002
  -1.2190099115715950E-002
   3.4204165629841549E-002
   1.3833843377096561E-002
  -1.9411271723140274E-002
   3.4512733930103734E-002
   5.0536077044422333E-002
  -1.7296481938417456E-004
   1.4649764143649803E-002
  -6.1887379664223264E-003
   3.2865114396215513E-002
   5.9048462348012627E-003
   2.2088691999689919E-003
  -5.9651814882800552E-002
  -8.2524897242293085E-003
  -5.3833875100117300E-002
  -8.7539376294729687E-002
  -8.6411374129288870E-002
  -5.8228314024243534E-002
  -2.4690541913205424E-002
  -8.2653219612500491E-003
  -5.8252082662679672E-002
  -5.6992046448922865E-003
   2.8624889432330792E-003
  -4.5728911181367243E-003
  0.11129658272522168     
  -1.4852763263851413E-002
  -8.0426735348998815E-003
  -3.4379923761252276E-002
   2.9485800371589859E-002
  -3.1222207988020563E-002
   3.4615423706578816E-002
  -1.0004220746784112E-003
   6.7184535782500887E-002
  -2.6761451354960900E-002
  -2.7984850381200271E-002
   1.1970861706216668E-002
  -3.0336091269520190E-002
   8.0425752419351598E-002
  -6.5907455734094816E-002
   1.0613407755765822E-002
  -2.1686130503133682E-002
   3.7054358655525567E-002
 -0.10670693240625170     
 -0.10817366447220064     
   3.5077233926509167E-002
   1.7722992619430788E-002
   1.2532409386677292E-002
   1.0891585267231507E-002
   2.1319434708976261E-002
  -1.3545941645264718E-004
  -2.2513609088252010E-002
   3.8046042599455855E-002
  0.10104624647977214     
  -1.2276931671991226E-002
  -5.4580135030306038E-004
  -8.9450805652483752E-003
  -8.3520959052730992E-002
  -1.5614293747926316E-002
   9.6225459186398410E-003
  -2.9898372761959717E-002
   4.9187777188672314E-003
  -4.7383942702593065E-002
   4.9310729926474645E-002
  -4.9790314925529523E-002
  -8.2026979732170657E-002
   2.4145637699205046E-002
   3.4648058366207296E-002
   3.1101512063947748E-002
  -3.4090904464387242E-002
   4.5639361874467675E-002
  -2.5898845281201933E-002
   5.0004756304403944E-002
  -4.7163891891285281E-002
  0.19668228614696798     
   1.9636611949644129E-002
  -3.6456791906887880E-002
  -5.1978459943126505E-002
  -5.9980527049689324E-003
  -2.2767678073928065E-002
   9.7500002416802067E-002
   1.3761261885688178E-002
  -8.1742084345991436E-002
   1.6647311840528919E-002
  -1.2411171466941321E-002
   4.9311980858077198E-002
 -0.10731136946514476     
  -3.1735645897827382E-002
   3.8781994900325047E-003
  -1.9233543743951139E-002
  -1.7855594844991982E-002
  -1.0885842788364634E-002
  -2.8118438417601088E-002
  0.10428870929747699     
   2.8125500990894899E-002
  -1.1162929028379075E-002
   3.8928606791896352E-002
   3.1208167500536340E-003
  -1.8016928988552408E-002
  -6.3744796723726347E-003
   3.1467319334359749E-002
   4.2113517380276397E-002
   6.9660490332399835E-002
  -7.4708866726228762E-003
   4.2251631069606645E-002
  -5.9712769683566494E-002
   2.6864502880612560E-002
   3.0031330223762719E-002
   6.6502262349124361E-002
 -0.10257437242345219     
   1.3923088993724912E-002
  -4.2767885981373391E-002
   1.9553556793147488E-002
   2.4311304802423703E-002
   6.8912344765351330E-003
  -9.7367014751888908E-004
   7.4985464729524776E-002
  -9.4958704557863260E-002
  -3.1122276437973533E-002
   7.9499055161491736E-002
   2.7906935459540819E-002
  0.11244384634365960     
   3.3044739724699825E-002
  -2.6085102830352681E-002
  -2.0582500480635611E-002
  -7.3251999201231922E-003
   2.0139621237680733E-002
   5.6692166620678818E-003
   9.3525697816921986E-003
  -1.0266680384924051E-002
  -5.2440524792698118E-002
  -7.0511797123412170E-002
  -7.8950947783675937E-002
  -9.0806215392087060E-003
  0.10108667731544969     
   1.7884384473809491E-002
  -4.5836318367906227E-002
  -8.3837532658673997E-002
   7.5390616167024778E-003
  0.11272830651042533     
   1.1662914332742724E-002
   6.1085941046577739E-002
  -2.7883672719943048E-002
  -5.7823369532271122E-002
  -2.5474132407162810E-002
  0.11198193911433051     
  -6.3059162910597905E-002
  -1.5435677989137470E-002
   9.0811288963906604E-003
  -2.2735738377545976E-002
   4.6263148650610521E-002
   8.1213087506475282E-002
  -5.1002450982694250E-002
   3.7326547002793600E-002
  -4.5733236132592591E-003
  -4.0200158725519249E-002
   8.7230974958745044E-002
  -3.7303893502904889E-002
  -8.9291839332544920E-002
   1.6113779435495714E-002
   3.1943965943270959E-002
  -3.0346496229461204E-002
  0.11862856554870164     
  -5.6360807516033168E-004
   3.3106056774510575E-002
  -5.6598417532260227E-002
  -2.4393294145107366E-002
  -3.0325867750428941E-002
  -3.5665641554448659E-002
   1.1002038166262905E-002
   3.8742774101011364E-003
  -1.1654404737864780E-002
  -5.3751527691569101E-002
   5.7247454822351759E-002
  -6.1207794410897361E-002
   6.6258233540639241E-002
  -6.4690408680996139E-002
  -2.0055659008614116E-002
 -0.14404062468391404     
   4.2945301621165222E-002
  -6.2581349705803452E-002
   4.2072548108957233E-002
  -7.9244489705396437E-002
   1.8723328277938277E-002
   5.2469770172516592E-003
  -4.4585542396609730E-002
  -1.5983670045830477E-002
   1.9649302040360798E-003
  -7.6930793740274117E-002
   9.8508424226605371E-002
   2.6581799434138086E-002
  -1.3888952398695517E-002
  -2.2302788265590442E-002
   2.7992227443097810E-002
   1.8180144043614708E-002
 -0.18450385561780355     
   3.1942255933590770E-002
   9.5687969786052707E-002
  0.10310394369666993     
  -9.2595625887850933E-002
   5.9072053271605515E-002
 -0.13501460247087940     
   8.4929916142539946E-002
   4.9804176957493076E-002
   5.8912529740999232E-002
  -6.9438757967809878E-002
  -4.2985796173171026E-002
  -8.8786801642362093E-002
  -3.8129813543766149E-002
  -1.0112117653021998E-002
   7.8822909283985509E-003
   7.7903880571583276E-002
  -2.3916389038133045E-002
   7.7994072994361022E-002
  -2.3682924427410858E-002
 -0.13743179925893445     
  -1.8920187118621180E-002
   1.3090231965139762E-002
   2.0698111100397671E-002
   1.6883915851959079E-002
  -5.7552505352540799E-002
  -6.2448898066411969E-002
   5.2752326931491955E-002
   2.7232201089474228E-002
   3.2946031055816297E-002
   4.4893054183498725E-002
   1.1804599922769152E-002
  -9.0920852992789208E-002
   4.3042171243950220E-003
   6.3497313158128871E-002
   7.5697453065557809E-003
  -3.5327839513623858E-002
   1.3814238162334317E-002
  -7.3507948674265272E-002
   4.5703585503826892E-004
  -2.0410292359039479E-002
   7.6279135071106674E-002
  -1.8273267780183173E-003
  0.13790560293336618     
   5.4234111216307591E-002
   7.8975037660424102E-002
  -2.7786506967790500E-002
  -8.0455575614621092E-002
  -3.6382647533725165E-002
   2.8706919195078975E-002
 -0.12901059679801977     
   2.6285919614820304E-002
   6.7351931039619867E-002
   4.7519189303202342E-002
   4.7464816022432368E-002
  -3.1856920088838371E-002
  -1.5850578899250317E-002
  -3.2847151711646011E-002
  -3.6045195929019579E-002
   2.9589657347237806E-002
   4.1442725367357248E-002
  -4.0859906392783779E-002
  -1.9140872741022472E-002
  -1.0878955693454071E-002
  -1.8235807943634583E-002
  -9.4750140716372755E-004
  -2.1704387633220013E-002
  -1.9128471259303850E-002
  -1.0196963599126609E-003
  -3.8149899024299688E-002
  0.14127724022062535     
   4.6412995071185292E-002
  -1.1660128792223648E-002
   2.4887462784157391E-002
  -1.8766948426936284E-002
  -1.9295853458806005E-002
   2.4571084184680281E-002
  -5.5470859093193900E-003
   3.9995769177571791E-002
   3.7526405535436604E-002
   7.0949397531985259E-002
   1.5444120857595467E-002
   7.5666597453788675E-002
   3.4882157948273158E-002
  0.16458870928108241     
  -7.4199911824659542E-002
  -4.9619412911546590E-002
  -4.5307179299394575E-002
  0.11994238132235442     
  -2.8824423868384071E-002
   1.5560316526764999E-002
 -0.13277243658161217     
 -0.14921793370711658     
 -0.10488154121840811     
   3.2715889164993864E-002
   1.7651133364146924E-002
  -5.0549211693898061E-002
  0.16213758806577755     
  -3.0640367138287709E-002
   2.8742517505183415E-002
  -7.6670143650561809E-002
  -6.6054194085575059E-003
 -0.12413185397606040     
 -0.11147782158353024     
  -4.3699731270905005E-002
  -5.4237971055611095E-002
   4.4828899927224310E-002
 -0.12571510888469126     
   8.3215654132697950E-002
   4.3300262453955258E-003
  0.16610633095070715     
   3.3647157151641328E-002
   8.0841301890398620E-002
 -0.21551411926786584     
   8.1054650973057876E-002
   8.3943015518189432E-002
   4.4858652737272180E-002
  -8.3946793578334889E-003
  -3.9410384576061774E-002
   5.0572872171024123E-002
   7.4797371517817873E-002
  0.12588687668128426     
   8.0366388869467110E-003
   8.8090411189942028E-002
  -9.1276391118707875E-002
  -5.4313099191407220E-002
  -8.6773897479027751E-002
  -1.8905879550835520E-002
  -1.6799856584322266E-002
  -2.4012953318921570E-002
  -5.7118503876388588E-002
  0.12278255509102487     
  -5.1760018668408514E-002
  -4.7056786289923359E-002
 -0.13996511760571495     
   2.8098627685455593E-002
  -9.3527559748547665E-002
   1.5639044771346904E-002
  -8.2491726841156313E-002
   8.5500906150013350E-002
  0.15447304675777004     
   8.6321758457537312E-002
  -9.2721353425963340E-003
 -0.15164452487143112     
  -8.5313930892448972E-002
  -2.4342890511310791E-002
  0.13000174157562286     
   9.6438666849982549E-002
  0.12073151678036959     
  -4.3416369139727753E-002
   2.6529001383824701E-002
  -1.3424473170703395E-002
   7.9180339684242235E-002
  0.16000273136616391     
  -1.4301874887915291E-002
   7.0225654508660890E-002
  -2.3864841258092118E-002
   5.6916615565024739E-002
   1.4826159376990062E-003
   7.8079589867873694E-002
   2.6192403684654045E-002
  -9.5530100329311932E-002
 -0.15424013536397987     
  -4.9887719272076183E-003
   6.8849541078209300E-002
   9.9573705554517625E-002
  0.10515463196495077     
   9.5092747273268843E-002
   8.9786388027687913E-003
   9.1275568799935258E-002
 -0.30210430335477195     
 -0.10124990329764604     
 -0.13940984830401573     
  -9.2991776051890740E-002
  -7.1496671095636677E-002
  -3.8887755059667878E-002
   3.3101236599011883E-003
   4.4690807457491120E-002
   8.5915157763352151E-002
  -4.4124022847791565E-002
   6.3589073578993266E-002
   4.6368957970666609E-007
  -5.6418793522363300E-002
  -5.6179307152447941E-002
  -8.7152779143328030E-002
   5.9595175607090406E-002
  0.11156741493216263     
  -1.4505989478293900E-002
  -8.6779112563620878E-003
  0.23964928127470406     
   9.9559007851369535E-002
  -7.3904340798492561E-003
 -0.22671569922432847     
  0.11980191474620724     
   8.4395594161022380E-002
  -4.4096963405309650E-002
  -9.8335088219383956E-002
   1.1089227966987743E-002
  0.11587441645409327     
  0.17923181590710499     
   9.1962354657990325E-002
 -0.12862429114331267     
  -4.2609436124120451E-002
  -4.2482241809598420E-002
  -1.7455426457893761E-002
 -0.12818986645654090     
 -0.12157483468983897     
   2.1141954155556135E-002
   7.2394486266804156E-002
   1.0448776246850229E-002
  0.21101522535351624     
  0.16914790396315779     
 -0.13293182579436266     
 -0.15778663912826796     
 -0.27534247354904162     
  0.21424835317202859     
   3.6516718789033675E-002
  0.12014345180551571     
  -5.8271182007457343E-003
  -4.2150660356802564E-003
   5.7193232469538766E-002
   1.6095133438240528E-002
  -2.9605195097753733E-002
  0.12301131130046485     
  0.29987180877714908     
   4.1227793591320075E-002
  -1.8940170608153287E-002
   7.5404159123430431E-002
  -9.0452089292407153E-002
   9.5681170795230183E-002
 -0.51838829260237118     
 -0.12594688153360620     
 -0.15567283012351707     
   5.8163773235994948E-002
  0.20226858961204833     
  0.25993348495536145     
  0.45383063758873382     
   4.3668544414985286E-002
  0.36003479875864675     
 -0.42530926801445018     
 -0.17452170947010470     
 -0.30511662155139391     
   9.2641278618061873E-002
 -0.27405749875344332     
  -9.1697945347250977E-003
   5.8985762704795802E-002
  0.37752162402446304     
   1.3197179824591506E-002
   6.7793445168114197E-002
  0.31106219579853983     
 -0.18317266059019630     
  0.25939236621287176     
 -0.34886465653088156     
  0.57229807953994138     
  -8.8063154053379153E-002
 -0.83356337080974929     
  -5.7903873327765455E-002
 -0.71599082218787202     
  0.14268248070341916     
  0.37556960192644051     
 -0.82335406271980882     
