   3.5807236597516679E-003
  -2.6543059155940281E-005
   3.5371951139792279E-003
  -3.8060685233069868E-003
   2.4636701964744444E-002
   1.3021370042163753E-002
   1.2834594331541762E-002
   4.2394909567807053E-002
   2.1448196085897757E-002
   3.4378011177016492E-002
   7.4318349308868433E-003
   2.6028175893181467E-002
   1.5082776105453921E-002
   5.7756951597499199E-003
   1.3307129113412719E-002
   2.0864605504585659E-002
   2.3733313306567642E-002
   7.8630245122680714E-003
   2.1131984268404992E-002
   2.4520584257721745E-002
   2.4615758961654636E-002
   1.7373219907452574E-002
   2.0964593558592880E-002
   2.8703556776037552E-002
   2.3250452485214127E-002
   1.7698579595908853E-002
   1.2512197388531919E-002
   3.1297822427294813E-003
   1.4591972067513033E-002
   1.3443469169461370E-002
   4.6656637338734590E-003
   1.0737160141777410E-003
   2.0697543338403682E-002
   1.9719397607733374E-002
   3.5264277552661968E-002
   6.7792549921420284E-003
   1.9948754706786812E-002
   2.3306816355681752E-002
  -4.8898305764146360E-003
  -5.7063905197121305E-003
   2.0436417060963556E-002
   1.1597206280498510E-002
   2.1506697094393939E-002
   1.8959144274253676E-002
   3.8521043243367773E-003
   1.8066235859652519E-002
   3.3472728698258625E-002
   3.2520959629036783E-002
   2.3366903619075872E-002
   1.6424259603960597E-002
   1.5838975986505716E-002
   1.6476199620173000E-002
   1.3177301525903823E-002
   1.5681441582473574E-002
   2.5803933123424397E-002
   1.4440641690599025E-002
   2.0257933954303593E-002
   2.2191458617168602E-002
   1.5915225445716389E-002
   5.1534919056427523E-003
   1.2614419835161773E-002
   1.1751486888058833E-002
   3.4697802406118937E-002
   2.2771562699988156E-003
   3.1933139576690766E-003
   5.4705895955349830E-003
   1.4396408717844476E-002
   3.6715591451242521E-002
   1.8107310607312820E-002
   2.6522862346693214E-002
  -1.8100644750514972E-003
   2.9095000626519398E-003
  -4.9857569533435075E-003
   8.1822905590891101E-003
   2.4760154559923586E-002
   1.5738016347506427E-002
   2.0940367586368330E-002
   1.0165699772891739E-002
   1.8559431370706661E-002
   1.3972138627699785E-002
   1.5636072970237034E-002
   1.4774275941932938E-002
   1.7966181604370517E-002
   9.5404753477997054E-003
   1.0045833613587740E-002
   1.9546757679268983E-002
   2.2579124840394798E-002
   1.7881009020545402E-002
   2.4527149281161852E-002
   1.4411600606322435E-002
   1.1408702149045715E-002
   2.4123957956010697E-003
   3.8450872605631452E-002
   2.3380858045010985E-002
   5.2208370270600928E-002
   2.4516141334542375E-002
   2.1100466173818156E-002
   2.3266007130076195E-002
   1.7009477407384229E-002
   1.2494842057591240E-002
   1.7014161403364484E-002
  -9.0749688504899624E-003
   1.2940883702128475E-002
   1.5169256128638517E-002
   9.4868629561351697E-003
   1.7778170062482244E-002
   9.4010957838231764E-003
   1.1538084929768695E-002
   2.4492289699030674E-002
   2.2060209678406651E-002
   1.1107312645445970E-002
   1.2568414592855246E-002
   3.4217047412565288E-002
   1.6260930186246251E-002
   2.4532834360381561E-002
  -5.3929606644687765E-003
   4.2527430279574573E-003
   2.2670652168167136E-002
   2.2009032251036852E-002
  -1.3118758518626988E-002
   3.7592646613015382E-002
   8.3839390025009109E-003
   1.5058732812735379E-002
   1.5141665091516614E-002
   1.8330678543690887E-002
   3.4446569942266983E-002
   2.7333227397688540E-002
   4.5110889292408213E-003
   9.4187643851123132E-003
   1.7928448396194802E-002
   2.8908761101835406E-002
   6.0394301998322637E-003
   1.2527920404115224E-002
   2.8146584398604985E-002
   2.0970623882657267E-002
   2.7407318226117128E-002
   7.3511973766925108E-003
   1.8489853936795357E-002
   4.6484554638207710E-003
   2.0129526399932197E-002
  -1.3877984912871155E-002
   2.9908014752222305E-002
  -3.6928112185391779E-003
   2.7864980047186742E-002
   5.6868308874726504E-003
   2.8571727290040611E-002
   2.0675271217330513E-002
   1.1849110181058237E-002
   7.7609587506275992E-003
   1.3833300495325728E-002
   1.4810136592153633E-002
  -2.3133787874302712E-003
   4.0484534002162086E-002
   2.1869655671900971E-002
  -3.5030113355433933E-003
   1.1253095060629981E-002
   3.0095489274661560E-002
   2.0434548102423813E-002
   1.0337941800828703E-002
   1.3054817944905314E-002
   2.1188025778782545E-002
   1.6791158987043277E-002
   1.5644545806823271E-002
   4.9824273954069936E-002
  -5.1201114787668492E-003
   1.1493624303549412E-002
   1.6051208860884202E-002
   2.0487208191327551E-002
   6.9473705895555741E-003
   4.3393670508177738E-002
   2.5076087932260661E-002
   1.3558562529944286E-002
   1.5903540532901165E-002
   6.5785718049589086E-003
   1.5906714584355126E-002
   2.0117990652607127E-002
   5.0669785809348182E-003
   2.1672185194651548E-003
   1.3175938007783477E-002
   2.2124883230374169E-002
   2.7904308271618366E-002
   1.1305240785755555E-002
   2.5254470852659528E-003
   1.0821798702281685E-002
   1.8465607155910384E-002
   3.0963251784551386E-002
   1.4853428560129989E-002
   1.0340195954699522E-003
   1.4891032825249702E-002
   5.9812845626543969E-003
   3.1455243159605246E-002
   2.4513844440085478E-002
   1.6448842830878475E-002
   9.0081413934723614E-003
   7.4041078748675083E-003
   5.9307273978761593E-003
   2.0729928876474842E-002
   2.2370786248577198E-003
   2.8353227923962537E-002
   2.5060724379201614E-002
   1.2037338908057965E-002
   3.3807137900289945E-003
   2.0422783191676244E-002
   3.1276309982739510E-002
   2.5488463523939985E-002
   2.1515561943236727E-002
   4.6379466921369357E-002
   2.0846410611949980E-002
   2.8945729348093016E-002
   1.8033290857314362E-002
   1.3432276516998609E-002
   1.5709128955767978E-002
   3.7953399711541248E-002
   9.5926175838120208E-003
   7.8964882757841595E-003
   9.0998842205359815E-004
   3.9616197034442954E-003
   1.9259796526555656E-002
   1.5002304356524105E-002
   2.2020917169377069E-002
   7.6033804973255148E-003
   1.9277121664985925E-002
   2.2534127436312362E-002
   2.8769080237089632E-002
   2.0022196437920050E-002
   2.2679197308792982E-002
   1.9158360642693606E-002
   6.8665991412121567E-003
   2.6700787903058722E-002
   2.5474872319977800E-002
   1.7623903965017510E-002
   2.6355903338744633E-002
   2.3592640969130548E-002
   1.8484111298944703E-002
   1.6880155809971511E-002
   8.3272546115163108E-003
   1.8591820846475562E-002
   3.4762511632839006E-002
   1.2927296585719497E-002
   1.1885149173313399E-002
   1.5846874274915258E-002
   1.8011643899321708E-003
   2.2549197721825138E-002
   2.3818115136898715E-002
   1.8616971067574532E-002
   5.0975329922828174E-004
   3.0805882706180905E-002
   1.0948171503383539E-002
   2.5025426083621807E-002
   2.2690612808537954E-002
   1.0455877544909656E-002
   1.7565340234109345E-002
   2.0222912449358529E-002
   2.9108468208113310E-002
   3.7897283587663595E-002
   1.1419681072847953E-002
   1.5281745556588160E-002
  -2.4755303959127068E-003
   1.5970778127773234E-002
   3.3360480997350998E-002
  -1.0026969109152023E-002
   7.6375356486975722E-003
   2.0305225212507483E-002
   1.6754540666111078E-002
   1.3088681174236522E-002
   2.1443733299973171E-002
   2.5402949049631956E-002
   1.0479082632324110E-002
  -4.5885808634245616E-004
   1.9607508561169676E-002
   5.6199529658565077E-003
   2.6108232720635258E-003
   1.3719049413062279E-002
   4.5667518242900308E-002
   3.6261965372153949E-003
   2.6471771278796279E-002
   2.8715317126753629E-002
   2.6369824431363136E-002
   2.8955729477174331E-002
   1.3040474607590571E-002
   2.9039721586641039E-002
   1.8245323594859204E-002
   2.3237343418353276E-002
   3.8129411475095838E-003
   9.6607434713175139E-003
   2.3923835145441773E-003
  -3.5173816467099811E-003
  -2.5686680287267645E-003
   1.1259561823635663E-002
   2.5268911554194862E-002
   1.0379157923920686E-002
   3.3787558605061766E-004
   2.8669055299058530E-002
   2.3336958734805135E-002
   1.5737920265010835E-002
   3.0944922300403202E-002
   3.6436164842274577E-002
   1.6634563793340294E-002
   2.0276922566272167E-002
   1.9304472451972365E-002
   1.0879301358090862E-002
   1.1242510663494788E-002
   3.8629154956389090E-003
   2.5212856395439222E-002
   8.6837945424812248E-003
   1.3585489332350134E-002
   1.9789898672119527E-002
   1.6723940797345689E-002
   2.2038577118283793E-002
   1.4479511988622070E-002
   1.3616175845160908E-002
   8.6262943776817431E-003
   7.1922790482481990E-003
   2.8204024198986159E-002
   1.4294769311414933E-002
   2.3008673547057542E-002
   2.7955741276256128E-002
   3.7061912807801724E-002
   1.8161800785485800E-002
   9.1650089786435279E-003
   2.6285101329156669E-002
   2.5518640268072306E-002
   1.8555118947290603E-002
   1.6802669850608468E-002
   3.7634532771016416E-002
   9.4606619903046096E-003
   7.8207503572727908E-003
   8.3270362528791633E-003
   1.1236409215303518E-003
   4.2822597114180148E-003
   1.9257810383149662E-002
  -3.5120657944164311E-003
   3.0572910591969552E-002
   1.2721354512268213E-002
   1.2690671522349709E-002
   3.9851117123540863E-002
   9.3403754553133232E-003
   6.6704131490749460E-003
   1.4669561420738128E-002
  -3.6401813058347434E-004
   3.4923460857098181E-002
   6.8762200820912615E-003
   2.3233515501717573E-002
   2.8901829196916997E-002
   2.1469847637578785E-002
   7.8519423760675146E-003
   9.6924703170742053E-003
   1.9220338624023382E-002
   2.1911474119774600E-002
   1.0891806189598275E-002
   1.9214624512720428E-002
   8.9017471144379641E-003
   4.6628420681182952E-003
   1.0881065679941595E-002
   3.5856498899804419E-002
   1.6299438336839927E-002
   2.2665418701353440E-002
   3.5880819518409636E-003
   1.1958125362905515E-002
   2.4915046483767900E-002
   1.9107945439893966E-002
   1.2023036156823392E-002
   1.4412817576157344E-002
   3.4389379245067589E-002
   2.2220294319346447E-002
   1.7130250759866586E-002
   7.6444442786443708E-003
   3.7302259115647017E-002
   1.2762930276925221E-002
   1.0406372333184361E-002
   2.3948748278802133E-002
   1.4071303783750931E-002
   3.3277249191455076E-002
   1.5995855813427343E-002
   1.8247717796238200E-002
   1.5058924570986411E-002
   5.8319148075528784E-003
   1.7944279856299008E-002
   1.0000131245352227E-002
   2.2232885304204530E-002
   2.3098721862299356E-002
   2.2629673635643100E-002
   2.5540946001719720E-002
   1.6687041374244243E-002
   3.8555601535054202E-003
   6.6492631957396908E-003
   2.9074471301025306E-002
   2.5309059656281822E-002
   4.5437349527927412E-003
   1.0677424677202329E-002
   3.1670732113356172E-002
   1.0506862558796673E-002
   2.1937287354625676E-002
   2.7425512436066425E-002
   8.5890375008423857E-003
   1.8801184309347883E-002
   1.1930866931000563E-002
   2.6078306578261858E-002
   2.0073838502881646E-002
   2.5999878115398355E-002
   2.5705450401285985E-002
   7.4251031116299006E-004
   1.4028015843136461E-002
   1.1989514162889995E-002
   2.7536825578269950E-002
   8.5207321782588726E-003
   3.5624862328180046E-003
   2.0993360603705803E-002
  -7.0888483386536824E-003
   1.8913238548399363E-002
   1.8871478172806669E-002
   2.8595826450416986E-002
   4.7973362786440880E-003
   1.7047565904682021E-003
   2.5678161568312066E-002
   2.1265593449885583E-002
   2.0558412918433525E-002
   2.2078550780495303E-002
   1.1675789011238689E-002
   1.8839007951989405E-002
   1.4051082408141373E-002
   2.6375684616080777E-002
  -5.3256774825557688E-003
   1.4787845805897067E-002
   2.3523057305358606E-002
   2.6174128293555286E-002
   1.4973512174224358E-002
   2.6413124353649956E-002
   1.9888333348743212E-002
   1.5696443078345581E-002
  -5.0331789380165127E-003
  -1.3901360509060432E-003
   3.5333859597601214E-002
   1.2560562113388640E-002
   2.5006029136259652E-002
   1.0416110425858870E-002
   1.4465349482469416E-002
   1.3645050386732792E-002
   2.1400400731993327E-002
   1.6218923650628506E-002
   2.2715545970944176E-002
   2.2087031909860531E-002
   2.4123027071458036E-002
   1.9341334406200745E-002
   3.4365058374083136E-002
   3.8354990424588953E-002
   1.5757496283788534E-002
   8.5959035055723620E-003
   2.0461722935491613E-002
   1.5311034407542284E-002
   1.4795114721249244E-002
   1.1713195828101213E-002
   8.1957171936050364E-003
   4.6620086715475672E-003
   1.3497377207924240E-002
   2.9384501092806312E-002
  -5.4214079672952704E-003
   2.1717875905646580E-002
   1.1316061195053658E-002
   1.0476615265468520E-002
   3.1853182166213634E-002
   3.0211133276418278E-002
   1.3943848030019634E-002
   6.4376358923177975E-003
   1.6296955847641445E-002
   1.8329988357220443E-002
  -3.6843224514797128E-003
   2.5779577475144505E-002
   1.3319670196395331E-002
   3.4192221449168371E-002
   1.1116091279892016E-002
   3.3046338888338987E-002
   2.2187868438596620E-002
   3.1127809487426439E-002
   2.1795315047470468E-002
   3.6403264575575772E-002
   1.7863424830960772E-002
   1.1754444948944752E-002
   1.3353335307043870E-002
   1.9008549414102169E-002
   1.7665633331274612E-003
   2.1722523720322677E-002
   2.5379772659396303E-002
   2.9935245220084113E-002
   2.2024280313506839E-002
  -1.6047037030241920E-002
   9.0789947760116108E-003
   2.6312119568355257E-002
   4.9499632880010058E-003
   2.8184936775472177E-002
   2.0059734520233425E-002
   1.8633618917784968E-003
   1.0424699199823624E-002
   1.9293440005097677E-004
   7.1523980188906398E-003
   6.5288346900720029E-003
   1.6171215580669113E-002
   1.7153374997840828E-003
   9.1548292989052805E-003
   2.3386635233766207E-002
   1.0295361249890675E-002
   2.1556523418146791E-003
  -4.0471976881713617E-003
   3.2134532323054257E-002
   2.6500846741428073E-002
   1.8095963174152366E-002
  -1.3518705198144693E-003
   1.3246756421974397E-002
   2.4700869868546606E-002
   1.5595745026865606E-002
   2.4200248114821910E-002
   3.1066422864059383E-002
   1.0878588708888626E-002
   2.5404701750192361E-002
   2.1973085861148670E-003
   2.9110048152733124E-002
   1.4073428985021471E-002
   2.5889758911793966E-002
   2.0792204272427263E-002
   2.4454145981626207E-002
   1.5943085224140622E-002
   2.3661080223065553E-002
   1.3216118777862598E-002
   2.4911065526492620E-002
  -5.2152272483401265E-003
   1.2122172352901380E-002
   3.0086525302157850E-002
   3.7477015969863116E-002
   6.0657019453893464E-003
   2.4399089965149487E-002
   3.9898917956583124E-003
   4.0107313647698907E-002
   3.9911098085943251E-004
   2.8003270874314801E-002
   1.3812577167429492E-002
   2.0206964997728890E-002
   1.8316305169349716E-002
   1.1032144350646370E-002
   1.8564291491627138E-002
   1.0559667395533500E-002
   2.8200477081373174E-002
   1.5261474003375608E-002
   2.6155441802142819E-002
   1.3157757347494766E-002
   3.0813533266278260E-002
   2.9893112732380919E-002
   1.4948431138343744E-002
   1.1722039872532460E-002
  -5.9576142669486125E-003
   2.0812883345060935E-002
   3.8283683515363272E-002
   2.3723406786909186E-002
   2.9433060029058326E-002
   3.8832517300753953E-002
   2.3141609819071967E-002
   6.4489380647719755E-003
   4.4543756443549435E-003
   1.9175157598110629E-002
   2.8303241516143426E-002
   1.8980422962242401E-002
   1.5982057440992071E-003
   1.0384163466554538E-002
   5.5049748523301884E-003
   1.9769510716060743E-002
   9.5459121831578328E-003
   1.7331067097066461E-002
   1.3714882151699160E-002
   1.4187340012487735E-003
  -5.4836867529253373E-004
   3.6287468673556471E-002
   1.1132366172036374E-002
   1.0462029874716384E-002
   2.6176033574374181E-002
   1.6860845036414385E-002
   2.3010099832077528E-002
   9.8355484069810647E-003
   2.6688721141688104E-002
   1.5185982036170637E-002
   3.6806010943033055E-002
   1.4942773229800341E-002
   1.4198077346333582E-002
   1.1019591439972113E-002
   2.0815415222011871E-002
  -2.7207346412845747E-003
   1.6282806644591530E-002
   2.3059664532065413E-002
   3.0768191054389594E-002
   9.2929966910047686E-003
   1.4553036333358015E-002
   3.1318308373951838E-002
   5.9314242382589059E-003
   2.3720614167026120E-002
   2.2168945526502160E-003
   2.5773732310047114E-002
   1.9223535578785894E-002
   1.5972619467026616E-002
   6.6312106430355547E-003
   3.1694769444866960E-002
   1.6090133643580491E-002
   1.5850566723341047E-002
   2.3139647936931879E-002
   1.7469643240286443E-002
   1.8780077761439997E-002
   2.5409377345555768E-002
   2.4088332969653573E-002
   2.2096027016976126E-002
   1.8305280402462151E-002
   3.0233670653783715E-002
   1.4473928303692729E-002
   2.1698494068937833E-002
   1.4817498867532301E-002
   1.9733132388767401E-002
   1.2722507619838107E-002
   1.4734290899574292E-002
  -7.0291799082654307E-003
   2.5163301220159234E-002
   1.1688586589549079E-002
   9.3211650055849693E-003
   4.4915160513869908E-002
  -4.9988842806225307E-003
   1.4099619127224778E-002
   2.1356704061125734E-002
   3.1861305555742681E-002
   2.2206781276880777E-002
  -8.3854507803150478E-003
   2.4670025175423951E-002
   4.1183053733905704E-002
   2.3929227156312183E-002
   7.3010092192579172E-003
   1.1931278334824462E-002
   2.1407536488015463E-002
   3.3249857438009345E-002
   1.7298333359107389E-002
   3.6705384789712921E-002
   6.0506433593755906E-003
   1.7513455515197431E-002
   1.5867771971584125E-002
   3.3738639390037642E-002
   2.2637570080578148E-003
   8.2212890726379006E-003
   1.3667416599304488E-002
  -7.6080669093536453E-004
   1.7681900783238502E-002
   2.6109085459619912E-002
   1.8441840928492197E-002
   1.5068962681217121E-002
   9.1031683255679164E-003
   4.5620166415754881E-005
   1.0276697896381814E-002
  -8.5240490580947657E-003
   2.5948171349351019E-002
   2.0879443562822592E-002
   4.7438271579708292E-002
   2.7045636414474414E-002
  -1.3783695916765175E-002
   7.8215131765281901E-003
   2.2037809726318806E-002
   1.2287952493515679E-002
   1.9588840854133250E-002
   3.9596161082626785E-002
   1.8562924909208772E-002
   3.6048148103683314E-002
   1.3668911120226159E-002
   1.2389740348071266E-002
   2.1246322404415739E-002
   1.2962514201274627E-002
   1.1010139380175693E-002
   2.8072472039353230E-002
   1.0771462796277475E-002
   2.0316066620885687E-002
   2.0270906758475787E-002
   7.1903438445148245E-003
   3.9813695366799629E-002
   4.9852058042063356E-003
   1.9738944904830035E-002
   1.5108559762764717E-002
   2.5788467950174910E-002
  -2.2225077670960029E-003
   2.1222216657448466E-002
   4.4852362776905226E-003
   2.1057139968657074E-002
   1.5857422457175911E-002
   1.5363393657005934E-002
   9.7175613023477419E-003
   2.8218974984147938E-002
  -1.1447978466682807E-004
   1.9115687554240677E-002
   7.7339122487815213E-003
   8.8889473984103216E-003
   3.2092905108348793E-002
   8.1268436117589056E-003
   2.8931283592720184E-002
   2.7340171866766936E-002
   1.9294160490276682E-002
   2.0723366171213380E-002
   6.5695307190588624E-004
  -1.4481506041064019E-003
   6.7479694597365851E-003
   2.2742907885228716E-002
   1.8796672926504013E-002
   2.6656152451728286E-002
  -1.4252267291482946E-003
   2.6203306325403068E-002
   1.7321698090274399E-002
   9.2518041516069581E-004
   2.2168056579170953E-002
   1.6430589376718881E-002
   2.7275641667656798E-002
   1.4365415353602706E-002
   2.1506090341503557E-002
   2.7698878967974235E-002
   2.0848435679288874E-002
   3.6627173240681925E-002
   5.6169155865496596E-003
   2.8138289131027683E-003
   1.5137940587007409E-002
   1.1756768352159224E-002
   6.0520828563967568E-003
   1.9313233409007650E-002
   1.4734895188230082E-002
   1.7446026741071000E-002
   1.3999598593592040E-002
   8.7567624351939238E-003
   2.5488200034452933E-002
   6.8309427890130689E-003
   2.3070719172862603E-002
   2.2779462739392332E-002
   2.4366137494693772E-002
   1.0408535462572617E-002
   2.4640966086120951E-002
   9.4070774095550893E-003
   1.0397545870481433E-002
   3.8047556864958115E-002
   1.2459232188942381E-002
   2.7445844818197635E-002
   7.0587182340871640E-003
   1.5385559982943279E-002
   2.0995929472471742E-002
   2.3973194485282925E-002
   3.1802493614862488E-002
   2.8324969731079442E-002
   6.4737438780475536E-003
   2.6465682300527364E-002
   4.1667363728509462E-003
   1.9133912300401319E-003
   3.6560168404303935E-002
   1.8229168083509641E-002
   1.1198255423613690E-002
   1.0891585253457998E-002
   3.2930681590747392E-002
   1.4602966842283497E-002
   2.9405971171391036E-002
   3.8302543803549347E-002
   1.7000315144387424E-002
   3.0905518636321072E-002
   9.8792546437585470E-003
  -1.4615284432085579E-003
   3.1791694262839280E-002
   1.5010730911676802E-002
   3.7205460773040919E-002
   1.9329592841840718E-002
   8.1141052134182656E-003
   1.1799105726177463E-002
   1.0537773600641604E-002
   7.6021800384750947E-003
   1.7950406391212634E-002
  -3.6103872591297277E-003
   4.8944033681070217E-003
   2.9651531227467922E-003
  -8.8044284529185755E-003
   1.2681250377146141E-003
   9.7864143372800479E-003
   1.3733153971518121E-002
   6.4927966049653603E-003
   3.7495677287737124E-002
   2.1552923293090619E-002
   2.7319007608544239E-002
   3.1781799174068981E-002
  -2.4487476120242171E-003
   6.6618613524916954E-003
   3.5667599115824955E-002
   3.5449942734908868E-002
   1.0870321894269900E-002
   8.1953302098796701E-004
   4.2498739579670134E-003
  -7.5820631815264516E-004
   2.1730210908394226E-003
   1.3446601655096705E-002
   1.4071772625692367E-002
   1.8066991700160240E-002
   1.8474556347542682E-002
   1.7131087103092035E-002
   1.2783807299317631E-002
  -1.1718745093552191E-003
   2.4978780954931955E-002
   1.6872081265511683E-002
   7.0673640143077924E-003
   1.3747230400126861E-002
   6.0443715361611829E-003
   7.4241669665442407E-003
   1.6628832518500884E-002
   1.2483169330328560E-002
   3.0071474957808306E-002
   4.4045774819427549E-002
   1.3375077809958806E-002
   7.8764770447646744E-003
   2.8067844000868019E-002
   4.8820212779903654E-003
   2.4947397618275548E-002
   2.9512526490416219E-002
  -5.0275145347858210E-003
   6.3784369902266961E-003
   3.4516821946967181E-003
   2.0602990695601311E-002
   7.3814025159955245E-003
   3.6935348914166506E-002
   1.0043905504693385E-002
   1.4855785851524927E-002
   1.9829931226045580E-002
   9.5050229951792742E-003
   9.7776524972387115E-003
   1.8387717915152219E-002
   1.7664735157911161E-002
   1.2397523323106204E-002
   2.7569463826030687E-002
   1.6221839982127350E-002
   1.5265258637553488E-002
   1.4374408679745473E-002
   1.8689273822982695E-002
   9.2243202470480914E-003
   2.9957236132403722E-002
   2.7775058460467118E-002
   1.8038507552658550E-002
   6.9629336399687700E-003
   8.6075039489532604E-003
   2.9608079854719246E-002
   2.8577488405154730E-003
   3.0715548539235605E-003
   5.7954269021524459E-003
   1.3577769320773007E-002
   2.8371973330792343E-002
   2.9863424873351439E-002
   2.4940641727623544E-002
   1.8391658163026195E-002
   1.8332602171356096E-002
   3.0830770309804866E-002
   2.3869578968304418E-002
   1.3359029511673287E-002
   1.2160487944302186E-002
   2.9238836462056925E-002
   2.9470578915032894E-002
   2.2804765518377772E-002
   7.1615143064553567E-003
   8.6446718090904418E-003
   2.1272955473335371E-002
   6.1951314009580085E-003
   1.9164718679001731E-002
   1.2082447349106891E-002
   3.5097182562505609E-002
   1.9627839120879308E-002
   2.2838926263937472E-002
   5.2412407675882598E-003
   1.9140894188748619E-002
   1.0985962397484957E-002
   1.5008891536506865E-002
   1.9445229830262160E-005
   3.4339508285584158E-002
   2.5056355988024734E-002
   1.3860585727283452E-002
   5.5471062875277817E-002
   2.4523313429229018E-002
   1.3330616108126532E-002
   2.2718687191842158E-002
   1.0341257916167091E-002
   1.7924853310764328E-002
   2.2827701257067849E-002
   2.1413104789522935E-002
   1.4048443476322633E-002
   1.0330331603793009E-002
   1.7583561864916230E-002
   1.2217914252249475E-002
   1.0324421264223374E-002
   1.1437088782893488E-002
   1.9943633963315308E-002
   1.0071561453542995E-002
   2.3642679937065349E-002
   1.4161208835064131E-003
   2.7766349813892588E-002
   1.3487162531827740E-002
   1.7636933500044616E-003
   2.7872567717843667E-002
   2.2719753288479402E-002
   8.5629046194842691E-003
   2.3190409087838662E-002
   3.0541588762548630E-002
   6.8459367195306334E-003
   3.3619778855696100E-002
   1.8265925174769521E-002
   1.0841242645486493E-002
   1.1780588079189285E-002
   3.6685329972430528E-002
   1.4673483738092470E-002
   3.0684020069096284E-002
   3.6090560429087593E-002
   1.9332165751619945E-002
   8.6357660163144112E-003
   2.5955900174941832E-002
   2.7560203040708723E-002
   5.0924878424676977E-003
   1.4744441264575598E-002
   2.1968925788700661E-002
   2.3359393760756124E-002
   2.5652519125571208E-002
   3.1553604867247925E-002
   1.7702396367846821E-002
   2.3670313926843264E-002
   2.8035665474338747E-002
   3.8264303938785812E-002
   5.7630083472201268E-003
  -2.0360226644007065E-003
  -5.7118314343568861E-003
   1.5915292261143715E-002
   1.5860453857356054E-002
   1.7911998355664371E-002
   1.2709634540887402E-002
   2.2509942241689354E-002
   1.3627715187257625E-002
   1.8975147335322962E-002
  -6.2498071524294194E-003
   6.9648604512465980E-003
  -5.7950064244620342E-003
   2.6253169875970164E-002
   2.6482110488682067E-002
   4.7453970123352753E-003
  -8.1450830592380650E-003
   1.3822467938823090E-002
   2.2582162206415356E-002
   1.2219161528038869E-002
   1.1572265591977028E-002
   5.8430127653631737E-003
   2.1476085873317913E-002
   1.0901917161290849E-002
   1.2840160739180677E-002
   8.8158375720383559E-003
   1.6396038535109788E-002
   8.6213197494413949E-003
   7.6137155635302286E-003
   3.1246314284099134E-002
   4.1441885365399146E-002
   3.0607932080504465E-004
   5.1688316891410936E-003
   7.4987086528983879E-003
   7.7014016511536129E-003
   3.1137654900944629E-002
   2.1991662705354222E-002
   6.4572973348702295E-003
   1.0204447314897731E-002
  -2.1275677632775596E-003
   6.7237456819126892E-003
   6.4418762418903437E-003
   1.0702942076179516E-002
   2.4190667651657852E-002
   2.4532901663912296E-002
   2.5066773776099764E-003
  -2.8560634447838116E-003
   1.7877349574389079E-002
   3.1196599591425182E-002
   9.4588944964428198E-003
   5.3379458693827674E-003
   9.1466500744186007E-003
   2.2159517569349686E-002
   1.6166204965140034E-002
   3.4636001856974893E-002
   2.3681337369924532E-002
   1.1977784713543660E-002
   1.9425223359613254E-002
  -7.4524272151986950E-003
   4.7692679095265814E-003
   8.5740527724470408E-003
   3.3168028697915242E-002
   1.0525865583105372E-002
   2.3366476480978567E-002
   2.7304146040359165E-002
   1.6275381842391787E-002
   3.5079993583732802E-002
   5.6808274198680651E-003
   1.8451894584039296E-002
  -1.0304484251421813E-002
   2.2851628010035305E-002
   1.1164458633995959E-002
   3.1930285158820459E-002
   1.3801060739044460E-002
   2.3313445150190501E-002
   1.2250416607717631E-003
   1.7024765823559308E-002
   1.6193267783281239E-002
   3.5276120387560547E-002
   2.6148770743437754E-002
   2.6015965437323907E-004
   2.4131101153708319E-002
