   1.0000000000000000     
   8.8509711209617439E-002
   5.2528880930260140E-002
   6.5660584414196269E-002
  -9.3540766349697102E-002
  -1.6886857741939015E-002
  -7.3756111665797736E-002
   1.7350719585917131E-002
   2.5589668384886948E-002
   5.3360054263919508E-003
 -0.12598444121268548     
  -2.5710460722733586E-002
  -1.8183920250263382E-002
  -7.2937864001636279E-002
   2.6846348218464725E-002
  -8.7335898114749719E-002
 -0.16667255613659801     
 -0.12151840054695262     
  -7.1451119791374335E-002
 -0.12985505043026421     
 -0.13591207618769791     
  0.15461856397166371     
  -3.1424414683792388E-003
   1.7095179476746408E-002
  -2.8016244689248716E-002
  -1.8310267116510001E-002
  0.12305748296246018     
   2.9739003660404884E-002
   6.8473951947595327E-002
   9.7582631300727612E-002
  0.11764378450499642     
   2.7596115318023199E-002
  -6.5621301308577601E-002
   1.0653741736742169E-002
  -9.5526873432608503E-002
   4.0420103562026882E-002
  0.19010117638671656     
   7.6956335624486297E-002
   3.4231364189659053E-002
   5.3308871116313890E-002
   8.3876951742970184E-003
 -0.10612493223534572     
  -1.0188082176394605E-002
   1.4293117973216052E-002
   6.1693189282394215E-002
 -0.12714125598022180     
 -0.23628165509488705     
  -6.7930838373541511E-002
  -2.0416512117451373E-002
  -4.3473067307593663E-002
  0.10848953618988927     
  -4.3473067307593656E-002
  -2.0416512117451383E-002
  -6.7930838373541441E-002
 -0.23628165509488702     
 -0.12714125598022186     
   6.1693189282394235E-002
   1.4293117973216063E-002
  -1.0188082176394600E-002
 -0.10612493223534572     
   8.3876951742970149E-003
   5.3308871116313779E-002
   3.4231364189659087E-002
   7.6956335624486311E-002
  0.19010117638671661     
   4.0420103562026855E-002
  -9.5526873432608503E-002
   1.0653741736742156E-002
  -6.5621301308577504E-002
   2.7596115318023199E-002
  0.11764378450499648     
   9.7582631300727737E-002
   6.8473951947595341E-002
   2.9739003660404884E-002
  0.12305748296246023     
  -1.8310267116510043E-002
  -2.8016244689248730E-002
   1.7095179476746429E-002
  -3.1424414683792266E-003
  0.15461856397166376     
 -0.13591207618769796     
 -0.12985505043026424     
  -7.1451119791374404E-002
 -0.12151840054695259     
 -0.16667255613659798     
  -8.7335898114749691E-002
   2.6846348218464683E-002
  -7.2937864001636252E-002
  -1.8183920250263372E-002
  -2.5710460722733586E-002
 -0.12598444121268548     
   5.3360054263919647E-003
   2.5589668384886952E-002
   1.7350719585917173E-002
  -7.3756111665797736E-002
  -1.6886857741939040E-002
  -9.3540766349697130E-002
   6.5660584414196324E-002
   5.2528880930260161E-002
   8.8509711209617439E-002
