   7.5912248701035551E-002
   6.3337159693911890E-002
   8.0237362913140792E-002
   8.2458092269060992E-002
   8.7962644759097999E-002
   7.1605517185670486E-002
   9.7294602251069048E-002
   7.9992290981868941E-002
   8.2023723602224943E-002
   8.1518954980443412E-002
   5.7690184434048081E-002
   8.9623173357922581E-002
   8.3196476528564031E-002
   8.6681548508122694E-002
   7.8326348588909092E-002
   7.6238784717262989E-002
   8.6528927355363119E-002
   8.2607891422780147E-002
   6.4607760968117253E-002
   7.6755897860970326E-002
   7.5449625890185654E-002
   4.5198824204273833E-002
   9.5262571760077380E-002
   9.2687955239155934E-002
   7.3246345205415911E-002
   5.4525891819780611E-002
   7.6922191693527681E-002
   8.2976928932744304E-002
   7.6519908662644673E-002
   8.2889399945311595E-002
   6.9719319890851561E-002
   7.9362114227962618E-002
   8.0855761454230693E-002
   8.4726791033439108E-002
   7.8140523744851517E-002
   7.1633905182376528E-002
   8.3653150332824389E-002
   6.3740003181713023E-002
  0.10377401877941800     
   6.9023770172504842E-002
   8.8983823860640202E-002
   7.9557504520121738E-002
   8.8367829454167518E-002
   6.7231844946691974E-002
   6.5868382987001373E-002
   8.7143637903210017E-002
   6.0560620819194284E-002
   7.0730579303200203E-002
   6.2072923970608623E-002
   9.0741340802797069E-002
   8.7628941735283822E-002
   6.5242447855526853E-002
   7.0547499428917096E-002
   6.8602927533551433E-002
   8.6519591416778258E-002
   6.7556005706627759E-002
   7.5423880268171331E-002
   8.4282017054686423E-002
   6.1582077791395219E-002
   6.9558186671286187E-002
   7.9871245602657820E-002
   8.1495310290029876E-002
   7.7648926542560948E-002
   5.5045143649552424E-002
   7.8484177885049439E-002
   7.4017349309566577E-002
   5.9188387760668384E-002
   7.5727237419735652E-002
   7.7647108123601496E-002
   8.0124244203636841E-002
   6.8536565148101011E-002
   6.3710167726044209E-002
   9.4144533202248415E-002
   9.1527339288445100E-002
   7.0286709187862631E-002
   8.1021339519743912E-002
   8.3365176816128456E-002
   7.9627109056347858E-002
   6.0376072855758238E-002
   5.8888235592088750E-002
   5.3898186124443359E-002
  0.11248982807781688     
   7.3649286229140506E-002
   9.1660861858423093E-002
   8.5864329264032188E-002
   6.5727085586624184E-002
   7.0733329877798248E-002
   7.0693058544025175E-002
   8.5742966861700604E-002
   5.6690117664550850E-002
   9.0757994561579972E-002
   7.3317851997342573E-002
   8.8192325763824492E-002
   9.1170110715154129E-002
   9.9094385455906348E-002
   8.8044604216057518E-002
   8.1188754313154060E-002
   6.3887419659730882E-002
   7.8866158537630141E-002
   5.9756672173535717E-002
