   1.0000000000000000     
  0.30836629221767320     
  0.12481943522251328     
   3.8431541188445495E-002
   2.1319794808834589E-003
  -8.0867150529313633E-002
  -9.0015563278528860E-002
  -5.7244493990487935E-002
  -2.8216849430495482E-002
  -6.7905592252714368E-003
 -0.13644916483949740     
  -6.5858156535862994E-002
 -0.13546782788203926     
   2.7378614124225386E-002
  -4.8222506938134735E-002
  -5.7086429871303870E-002
 -0.17308774208130331     
 -0.10483023148650827     
  -9.4686236371159097E-002
  -8.9541871281210772E-002
  -9.2232913394618449E-002
   4.8968145268279244E-003
  0.29519043047171789     
  0.18523433056503458     
   9.7069900899777864E-002
  0.17308313963757696     
  0.23686897227543585     
   5.6433962807328736E-002
   7.4384920788489683E-002
 -0.11818901285046982     
   6.1784065479917077E-002
   3.4445051505257271E-002
  -8.3909642615897881E-002
  -4.9318161292097387E-002
 -0.11692740790812205     
 -0.18609576627379648     
 -0.15742788246749431     
  -4.0114417536506845E-002
 -0.10744861920821151     
  -8.3621652919398229E-002
  -9.4956269022512821E-002
  -6.6293433849184638E-002
 -0.21796745955851704     
 -0.12421625876100992     
   9.2361921224907537E-002
  0.12092079678932181     
   5.8509624993859470E-002
  0.11324866949899436     
  0.11164515482051836     
  -3.8693653008768591E-002
   5.7143431778033618E-002
  -3.8693653008768578E-002
  0.11164515482051833     
  0.11324866949899440     
   5.8509624993859449E-002
  0.12092079678932184     
   9.2361921224907564E-002
 -0.12421625876100997     
 -0.21796745955851704     
  -6.6293433849184569E-002
  -9.4956269022512779E-002
  -8.3621652919398201E-002
 -0.10744861920821158     
  -4.0114417536506845E-002
 -0.15742788246749431     
 -0.18609576627379648     
 -0.11692740790812192     
  -4.9318161292097401E-002
  -8.3909642615897867E-002
   3.4445051505257229E-002
   6.1784065479917098E-002
 -0.11818901285046989     
   7.4384920788489697E-002
   5.6433962807328784E-002
  0.23686897227543577     
  0.17308313963757707     
   9.7069900899777822E-002
  0.18523433056503469     
  0.29519043047171767     
   4.8968145268278836E-003
  -9.2232913394618407E-002
  -8.9541871281210716E-002
  -9.4686236371159069E-002
 -0.10483023148650827     
 -0.17308774208130331     
  -5.7086429871303870E-002
  -4.8222506938134714E-002
   2.7378614124225386E-002
 -0.13546782788203929     
  -6.5858156535862980E-002
 -0.13644916483949737     
  -6.7905592252714428E-003
  -2.8216849430495475E-002
  -5.7244493990487942E-002
  -9.0015563278528832E-002
  -8.0867150529313619E-002
   2.1319794808834554E-003
   3.8431541188445509E-002
  0.12481943522251324     
  0.30836629221767320     
