  0.38268040339992210     
  0.33489727628284610     
  0.33070682398850781     
  0.36309195920358028     
  0.33599960449295402     
  0.36509397149443956     
  0.34965036015325607     
  0.33641218270686363     
  0.31825802134873110     
  0.33907469711775612     
  0.33777792834253967     
  0.36104141877484358     
  0.34692709875201638     
  0.34749617854471021     
  0.35670073606405645     
  0.34441409902841624     
  0.35229961135367466     
  0.36523338017889234     
  0.32296620405718030     
  0.35692611222695009     
  0.32318932067621947     
  0.33802761499992795     
  0.31724191564115822     
  0.33889555900112661     
  0.36552765248669716     
  0.35514766749918725     
  0.34338590013356474     
  0.35424809569373905     
  0.33821789666941737     
  0.34753022894959251     
  0.34961433728127655     
  0.33236096225784456     
  0.33587255404825517     
  0.34524834971250373     
  0.35859990524614921     
  0.34235674939123728     
  0.35916549810386544     
  0.33374742759250120     
  0.35202045096142776     
  0.37908456662013040     
  0.36502074018944269     
  0.35605499792789308     
  0.35620510324459626     
  0.34347516116354848     
  0.36502241316029360     
  0.35224705083687680     
  0.33382103334491703     
  0.31188001400484838     
  0.31699649475518565     
  0.35190597945569152     
  0.35895616028345462     
  0.33846657187978768     
  0.35528538096250678     
  0.33356921723312816     
  0.32997395340121954     
  0.32348669570534427     
  0.35622792804590891     
  0.31680937672193454     
  0.33160983755279427     
  0.34709192375539433     
  0.36011670247755823     
  0.34736242477571982     
  0.37398478605461311     
  0.35224451338737733     
  0.35331901638457897     
  0.33950960053749635     
  0.35869056827758461     
  0.34698270230031741     
  0.32894269719353675     
  0.33299178895455661     
  0.34511078653036464     
  0.35858186577063317     
  0.35172894192493981     
  0.34580181411737904     
  0.35061241127401638     
  0.33021828722561636     
  0.32891024723983986     
  0.35874430849680616     
  0.34696564556172166     
  0.34425744839929717     
  0.32637416598242269     
  0.34085870772067606     
  0.32237467970027800     
  0.34181200449789806     
  0.35885681491324345     
  0.32134103876106773     
  0.32969113191704458     
  0.34480976118297185     
  0.34074845185622304     
  0.34894488132469453     
  0.35784773310950918     
  0.35710439577252551     
  0.31460902898319865     
  0.36305665356662281     
  0.38188525547676622     
  0.33931840593421730     
  0.32130182168468635     
  0.35127090378288561     
  0.33510600620232495     
  0.35438197168579993     
