   1.0000000000000000     
  0.32510984918481683     
  0.17361142119146916     
   7.4587621077140509E-002
   5.2150546012789893E-002
  -4.4281929619088327E-002
  -9.1866871820894092E-002
 -0.12508612933990490     
  -3.1108340722195149E-003
  -9.6036161102983145E-002
 -0.10671243542562686     
  -8.6952132339490423E-002
  -6.5842133765520394E-002
  -7.1799615025703492E-002
  0.10706299435758260     
  0.14119459665418679     
  0.13268977966647158     
  -1.1144671049831032E-002
 -0.10879217924525840     
  -2.5390259510875122E-002
   8.6680238961147807E-002
  -7.8372961397710800E-002
   2.6253726753962272E-003
  -7.7620562970666454E-002
   6.0189699346997749E-002
   9.1504867780421176E-002
   3.1627802447833829E-002
  0.10633586927144545     
  0.16907265514116018     
   8.4458668470305351E-002
  0.10002397180086788     
  -5.7208570747989948E-002
 -0.12434649365251003     
 -0.21959150599174326     
 -0.13134698105726603     
 -0.13795005234115013     
  0.11396653778777799     
 -0.12529285756876068     
 -0.14119628498485642     
  -6.7058937195006829E-002
   5.5276044839871488E-002
   2.7319417356214359E-002
  -4.9249798641212931E-003
 -0.14041366608678454     
  0.17358796837083257     
   4.3499067294660659E-002
  -6.8109149999863061E-002
 -0.18182741044355413     
  -7.4084085900543148E-002
  -9.7401645199593448E-002
 -0.17762698393974868     
  -9.7401645199593448E-002
  -7.4084085900543134E-002
 -0.18182741044355410     
  -6.8109149999863020E-002
   4.3499067294660687E-002
  0.17358796837083268     
 -0.14041366608678460     
  -4.9249798641212792E-003
   2.7319417356214338E-002
   5.5276044839871523E-002
  -6.7058937195006815E-002
 -0.14119628498485642     
 -0.12529285756876071     
  0.11396653778777797     
 -0.13795005234115007     
 -0.13134698105726597     
 -0.21959150599174326     
 -0.12434649365251008     
  -5.7208570747989948E-002
  0.10002397180086793     
   8.4458668470305309E-002
  0.16907265514116016     
  0.10633586927144550     
   3.1627802447833829E-002
   9.1504867780421231E-002
   6.0189699346997791E-002
  -7.7620562970666412E-002
   2.6253726753962328E-003
  -7.8372961397710841E-002
   8.6680238961147835E-002
  -2.5390259510875115E-002
 -0.10879217924525837     
  -1.1144671049831028E-002
  0.13268977966647161     
  0.14119459665418685     
  0.10706299435758257     
  -7.1799615025703437E-002
  -6.5842133765520380E-002
  -8.6952132339490451E-002
 -0.10671243542562686     
  -9.6036161102983145E-002
  -3.1108340722195184E-003
 -0.12508612933990490     
  -9.1866871820894216E-002
  -4.4281929619088320E-002
   5.2150546012789914E-002
   7.4587621077140509E-002
  0.17361142119146922     
  0.32510984918481678     
