  0.36630319325795491     
  0.36343109385010275     
  0.36066793269235864     
  0.34888918130960417     
  0.34457154793837891     
  0.35748092400714149     
  0.34576599861713087     
  0.36262785975207162     
  0.35297420279007169     
  0.34470466261313398     
  0.37521576766501297     
  0.39211086414764013     
  0.38345307377236498     
  0.38651643597625884     
  0.35067048948976093     
  0.35572636865592450     
  0.35763136210130475     
  0.36693741658596091     
  0.34923867200518138     
  0.36264464354751186     
  0.35016095587012730     
  0.35828843646385095     
  0.37237172775640304     
  0.34178182906914467     
  0.35057926057985034     
  0.34445216759850172     
  0.34340221472146587     
  0.34768566374639848     
  0.36147218470287473     
  0.35010612897123622     
  0.34356003179651118     
  0.34361381403827440     
  0.36267472891337993     
  0.39154626586976543     
  0.33978641333223530     
  0.33794671020238404     
  0.34464686875660966     
  0.38423670271543592     
  0.37727592631477824     
  0.35633456602149272     
  0.37556515385863115     
  0.33218827175322946     
  0.35791763638485430     
  0.35621857001163604     
  0.37189120384522978     
  0.36426027608249584     
  0.34367754351203578     
  0.34771091882174110     
  0.34471777224085759     
  0.36815828222866165     
  0.35948123309259433     
  0.34415292283838200     
  0.34970204899637436     
  0.36011751657345004     
  0.36249196523235455     
  0.34957571674439220     
  0.35528616678134833     
  0.35908809696051619     
  0.36470773003656093     
  0.35787447698022085     
  0.36387976229861302     
  0.36793845842669698     
  0.37991724780911817     
  0.36610559893455558     
  0.36646065748274537     
  0.34200546616965688     
  0.36177184806340246     
  0.33247333248294586     
  0.36057839473449033     
  0.34176945395305641     
  0.37075217182998788     
  0.35088863939300025     
  0.35444722718218347     
  0.36934220515444061     
  0.37142300265733280     
  0.36870101430870827     
  0.36430728886612218     
  0.38911516224011744     
  0.34854712040205738     
  0.35485601826556040     
  0.35873785412895287     
  0.35740848363319982     
  0.37902317682388009     
  0.35929580232345593     
  0.36929073674328977     
  0.35669921032733382     
  0.33726294821149899     
  0.36309036828511554     
  0.33798241185653927     
  0.36076869521769511     
  0.36466434898291156     
  0.34215638049796804     
  0.35262096074255306     
  0.36525409905177664     
  0.36779775184283209     
  0.37047787143887628     
  0.36041284262948303     
  0.37373110235523055     
  0.35102002320102732     
  0.37114816972504200     
