   1.0000000000000000     
  0.51048891700871291     
  0.17387455253545356     
  0.10030698809987752     
  -1.6635666895642408E-002
  -5.6698209003892261E-002
 -0.15206086056719978     
 -0.21968647176924561     
  -3.7237566195587823E-002
  0.11859766122537224     
  0.10691260169885619     
   5.7665754836218913E-002
  -5.5992014820651761E-002
  -5.9481047268508683E-002
  -3.6478496139931302E-002
 -0.10760383090341544     
 -0.22468862755849781     
  -9.5256163495761423E-002
   2.6020410538128464E-003
   5.7482294606545324E-002
  0.13066651875211507     
   3.9326077079093150E-002
   6.9080670635318184E-002
  0.18246564154153078     
  0.13649887397026167     
   6.9093256140246181E-002
  -1.0213392575467835E-002
  -2.4844337723288298E-002
   2.7192336241591831E-002
  -5.3029918719386449E-002
  -8.0627025145311199E-002
  -9.2686292394683650E-002
  -8.7272012017833994E-002
 -0.16348928227068479     
 -0.16542918792762681     
  -7.3871256034635388E-002
   6.3123108104350081E-002
  0.12028625863694892     
  0.10888792705743168     
  0.10139607540767445     
   6.8558083782603169E-002
  -9.3944471876230271E-002
 -0.14205580394623787     
 -0.10066722874092283     
 -0.15388884780225706     
 -0.10732288373021559     
  -7.1336882827991555E-002
  -9.7593332878396596E-002
  -5.8685038678390929E-002
  -6.7168758998356670E-002
  -7.7121459015525570E-002
  -6.7168758998356740E-002
  -5.8685038678390956E-002
  -9.7593332878396555E-002
  -7.1336882827991555E-002
 -0.10732288373021565     
 -0.15388884780225706     
 -0.10066722874092290     
 -0.14205580394623782     
  -9.3944471876230257E-002
   6.8558083782603210E-002
  0.10139607540767448     
  0.10888792705743161     
  0.12028625863694901     
   6.3123108104350192E-002
  -7.3871256034635333E-002
 -0.16542918792762695     
 -0.16348928227068479     
  -8.7272012017834008E-002
  -9.2686292394683664E-002
  -8.0627025145311226E-002
  -5.3029918719386442E-002
   2.7192336241591803E-002
  -2.4844337723288302E-002
  -1.0213392575467850E-002
   6.9093256140246181E-002
  0.13649887397026170     
  0.18246564154153058     
   6.9080670635318198E-002
   3.9326077079093177E-002
  0.13066651875211502     
   5.7482294606545324E-002
   2.6020410538128004E-003
  -9.5256163495761506E-002
 -0.22468862755849781     
 -0.10760383090341540     
  -3.6478496139931330E-002
  -5.9481047268508704E-002
  -5.5992014820651789E-002
   5.7665754836218913E-002
  0.10691260169885616     
  0.11859766122537224     
  -3.7237566195587816E-002
 -0.21968647176924563     
 -0.15206086056719981     
  -5.6698209003892261E-002
  -1.6635666895642411E-002
  0.10030698809987751     
  0.17387455253545359     
  0.51048891700871279     
