  0.50447259883911488                    (36.296285908459090,76.567804308182460)               (30.609515775626917,8.0156135992055724)               (8.1687219392621504,56.482070560822429)               (66.154801484081915,47.856979156307297)       (-98.667007392332508,-3.14193115968919301E-014)              (66.154801484081915,-47.856979156307382)              (8.1687219392621095,-56.482070560822450)              (30.609515775626964,-8.0156135992055155)              (36.296285908459012,-76.567804308182559)        (3084.7715195520477,-4.40419456546742305E-014)
  0.50507862962634564                   (-31.518410200908150,11.921264295444855)              (-38.148151378469983,6.9007710963176159)              (27.477638424133811,-67.604329757922415)              (-36.397391291903091,49.652071700431449)       (-65.464623431314195,-4.16333634234433703E-015)             (-36.397391291903176,-49.652071700431527)               (27.477638424133833,67.604329757922571)             (-38.148151378470061,-6.9007710963175972)             (-31.518410200908093,-11.921264295444828)         (2952.1992890246911,1.35162063832905410E-015)
  0.50390546372185074                   (18.864634957437801,-27.221680323643202)             (-12.103098999174323,-15.817837441955525)              (-69.428152401004368,41.485220196345672)               (43.700748267378252,21.018643170116732)         (105.35418579535273,4.22994972382184642E-014)              (43.700748267378266,-21.018643170116693)             (-69.428152401004297,-41.485220196345836)              (-12.103098999174311,15.817837441955517)               (18.864634957437808,27.221680323643202)        (2939.1977046990041,-1.87689761736026250E-014)
  0.50373368780632111             (-5.77931387527597096E-005,29.845700227694500)              (-26.082429503895426,27.713433697626407)              (-26.984579460148112,74.398380070074580)              (43.790987898169902,-11.342197451191963)         (17.808043277597218,7.77156117237609578E-015)               (43.790987898169938,11.342197451191971)             (-26.984579460148300,-74.398380070074808)             (-26.082429503895437,-27.713433697626449)       (-5.77931387779617722E-005,-29.845700227694472)         (2953.1902184004239,3.55363796115254482E-014)
  0.50596238198527232                  (-42.418966955338320,-52.980260475569672)              (-35.686322677592706,47.883648954361782)               (7.2295886452378335,32.032278473728987)             (-8.2792420746047579,-3.1251335184619853)         (67.196780165298350,5.68434188608080149E-014)              (-8.2792420746047117,3.1251335184620004)              (7.2295886452378717,-32.032278473729015)             (-35.686322677592692,-47.883648954361831)              (-42.418966955338149,52.980260475569722)         (3075.3195273209249,6.55486949441286271E-015)
  0.50308790193436626                    (45.079727036433383,38.986810078293267)              (6.6537308727513196,-26.847638290454643)              (-10.382611268572537,30.025708995555885)               (40.130378655226373,30.958586143654539)        (82.048027483381219,-2.68535194081209738E-014)              (40.130378655226330,-30.958586143654603)             (-10.382611268572559,-30.025708995555895)               (6.6537308727514173,26.847638290454633)              (45.079727036433397,-38.986810078293253)         (2912.7776136301095,1.90273144462516086E-014)
  0.50096905499974831                    (24.381382465329864,70.285940959664273)              (-52.120157072373559,27.352540589702915)             (-28.594957679643077,-1.9526293848496588)              (-15.909533425927574,33.498810512794229)        (7.2349017129428699,-7.88258347483861144E-015)             (-15.909533425927624,-33.498810512794236)              (-28.594957679643141,1.9526293848496106)             (-52.120157072373402,-27.352540589702897)              (24.381382465329892,-70.285940959664302)        (3012.6324679309678,-3.20199596004488996E-014)
  0.50188678552541288                    (37.161512680438982,13.914442189929456)             (-3.1925197796806231,-3.3190166125968870)              (13.526474791185590,-20.154967869724594)              (44.858379548279821,-29.713352794000791)       (-9.4794434710017264,-2.75890421619351400E-014)               (44.858379548279778,29.713352794000766)               (13.526474791185612,20.154967869724569)              (-3.1925197796806328,3.3190166125968834)              (37.161512680438996,-13.914442189929487)         (3061.2748530885196,6.64474985451191102E-015)
  0.50498066458302404                   (25.099453340039968,-24.782751614773915)             (-53.378000261616727,-64.494891799102533)               (24.448750721735934,50.431545062412617)              (27.197731608738763,-26.819337689994025)         (20.494268988251662,1.04916075827077293E-014)               (27.197731608738714,26.819337689994022)              (24.448750721735937,-50.431545062412610)              (-53.378000261616705,64.494891799102547)               (25.099453340039926,24.782751614773915)         (3131.3576920616324,1.46339375079601597E-014)
  0.50584647192294252                  (-2.1436753998169573,-8.4968461908740878)            (-5.1498771606652918,-0.84807855800751497)              (40.442196980590012,-46.507370267913885)              (-7.7842417198576870,61.110403929727084)        (0.36250687508724411,3.44169137633798528E-015)             (-7.7842417198577163,-61.110403929727056)               (40.442196980590026,46.507370267913956)             (-5.1498771606652767,0.84807855800750842)              (-2.1436753998169404,8.4968461908740913)        (3034.2092210675351,-2.18100582353390055E-014)
  0.50800837938046128                   (-10.569616142037447,16.360850042739010)              (-15.816155466008516,48.664392746458098)              (15.199101434276251,-15.540517555614462)              (-40.921597582345441,11.968305635020407)         (64.863765048091508,1.42108547152020037E-014)             (-40.921597582345406,-11.968305635020386)               (15.199101434276256,15.540517555614406)             (-15.816155466008533,-48.664392746458127)             (-10.569616142037496,-16.360850042738999)         (3086.7750700560769,5.34836931687099337E-016)
  0.51029104235165534                   (8.0341597321903055,-9.6026588087308493)              (7.8424615019763948,-34.209503024183519)              (-19.987571047203865,4.2567478003210457)               (30.578250179986625,64.268996968731386)        (21.212836125853926,-3.55271367880050093E-015)              (30.578250179986622,-64.268996968731400)             (-19.987571047203804,-4.2567478003210528)               (7.8424615019764241,34.209503024183476)               (8.0341597321903357,9.6026588087307978)         (2972.9908412923319,5.42754995678032537E-015)
  0.50989160213005924                    (30.761603855095366,27.794847517652187)             (-95.442202463228512,-13.768787800373072)               (8.1575456777006021,45.666443285315154)              (-15.079702910881238,31.350592536245326)       (-26.390843567195095,-4.86277684785818565E-014)             (-15.079702910881302,-31.350592536245202)              (8.1575456777006146,-45.666443285315182)              (-95.442202463228369,13.768787800373069)              (30.761603855095359,-27.794847517652148)        (2928.8355494290745,-1.60430479664852577E-014)
  0.50501697515822941                    (66.977646002171028,32.429972661026611)               (32.051713759181091,46.717649205509403)              (16.889617107376921,-12.271796674975088)               (7.2609700897804759,1.4534266431484446)        (-17.262574880451389,5.66213742558829836E-015)              (7.2609700897805594,-1.4534266431484997)               (16.889617107376782,12.271796674975143)              (32.051713759181162,-46.717649205509339)              (66.977646002171113,-32.429972661026561)         (3026.6350422104570,8.72309460721223257E-014)
  0.50541380690889659                  (-45.769641950533469,-44.420691973488722)               (10.216381184730656,30.999926285921813)              (17.352823935882753,-21.451018253384092)              (44.614806372064507,-27.451036026810439)        (46.607205551006651,-3.10862446895043831E-014)               (44.614806372064514,27.451036026810382)               (17.352823935882697,21.451018253384099)              (10.216381184730668,-30.999926285921902)              (-45.769641950533426,44.420691973488751)        (2958.6503851497437,-1.92120896014974507E-014)
  0.50394620296339365                    (19.980509570891368,44.670623679499712)              (-31.277501898475872,6.6194468588941024)              (6.0771335639852895,-56.736135838931482)             (-27.879967246291081,-34.619529833165927)         (61.060145922252801,2.56461518688411161E-014)              (-27.879967246291066,34.619529833165927)               (6.0771335639852655,56.736135838931560)             (-31.277501898475876,-6.6194468588941131)              (19.980509570891350,-44.670623679499748)         (2940.2187864815173,1.31340251174894007E-014)
  0.49973185187654656                   (-23.614185426328227,28.943122997585952)              (30.827826785794475,-23.512727699157974)              (26.951748703861306,-1.8331541383124677)              (37.545109556153605,-35.960078138565031)       (-62.379323775380946,-8.21565038222615840E-015)               (37.545109556153669,35.960078138565031)               (26.951748703861227,1.8331541383125072)               (30.827826785794379,23.512727699158059)             (-23.614185426328206,-28.943122997585920)         (2833.5649173090687,1.37869316657601715E-014)
  0.50034857681043887                    (37.843397631665084,43.628617819135542)              (12.966556096913207,-23.869498043093625)               (5.8838583098975077,36.407458155790209)             (-26.773972794111749,-36.402053636093889)         (4.2259505503474850,7.97140131680862396E-014)              (-26.773972794111735,36.402053636093783)              (5.8838583098974961,-36.407458155790160)               (12.966556096913186,23.869498043093714)              (37.843397631665106,-43.628617819135521)        (2983.0066715742923,-3.21049068406631388E-014)
  0.50170082826862450                   (57.250043466508259,-38.273761208583792)              (-8.3914237151736693,31.190667442173986)               (22.686788050596622,4.4874492222896976)             (-30.240090391955246,-11.066547358497452)        (-38.183555280700027,1.15463194561016280E-014)              (-30.240090391955306,11.066547358497438)              (22.686788050596643,-4.4874492222896905)             (-8.3914237151737439,-31.190667442174004)               (57.250043466508181,38.273761208583814)         (3069.9765289275679,2.91440591278224748E-014)
  0.50272909952159206                    (3.1929583157721346,38.000269069329633)              (-74.545316942305362,48.314139605091952)              (14.368667712806628,-70.689728031082595)               (12.238142805757180,6.4377424534994683)        (-46.784214697704201,8.43075609324728248E-015)              (12.238142805757168,-6.4377424534994523)               (14.368667712806644,70.689728031082510)             (-74.545316942305433,-48.314139605091938)              (3.1929583157720991,-38.000269069329669)         (2916.3156034163458,1.15914180313122887E-014)
  0.50261068037890788                    (22.498588974527316,34.814086676743663)              (52.477179913070913,-22.887502393185251)              (14.704431157266320,-56.822426283463876)              (-2.4688419263688783,6.5977856405651734)       (-4.0666697350117751,-1.50990331349021289E-014)             (-2.4688419263688854,-6.5977856405651885)               (14.704431157266304,56.822426283463933)               (52.477179913070941,22.887502393185294)              (22.498588974527294,-34.814086676743663)        (2908.8801711712590,-1.21421969700996613E-014)
  0.50176100107721178                    (38.619979173860287,23.210056212267659)              (-61.457555163310175,62.807330010709656)               (4.0552669632171163,73.692974246269472)              (-57.631149482114864,36.051649467744859)        (48.320045411108033,-3.58602036953925563E-014)             (-57.631149482114836,-36.051649467744824)              (4.0552669632171181,-73.692974246269529)             (-61.457555163310140,-62.807330010709656)              (38.619979173860159,-23.210056212267663)        (2928.7242737578699,-3.44007049409011945E-014)
  0.50320665919613716                   (-46.796972577007018,10.874751080356301)               (28.758401131078241,3.4023671565962434)               (25.885090354999075,28.572516642933376)             (-5.1077085989260009,-31.442672794695415)        (77.538937268360044,-1.68753899743023794E-014)              (-5.1077085989259654,31.442672794695394)              (25.885090354999097,-28.572516642933419)              (28.758401131078216,-3.4023671565962630)             (-46.796972577007011,-10.874751080356290)        (3003.8368646905637,-1.84603851302589383E-014)
  0.50419895885967703                    (59.161175897692495,61.375028937136307)              (30.153304327590803,-5.1365826270567867)             (-9.7692445942216377,-30.038882179427532)               (19.687012562204561,27.437463051652909)       (-1.9031474342877761,-3.77475828372553224E-014)              (19.687012562204572,-27.437463051652873)              (-9.7692445942216111,30.038882179427489)               (30.153304327590746,5.1365826270567494)              (59.161175897692445,-61.375028937136300)         (3104.8514281183270,8.90279061409315897E-016)
  0.50366192262038934                    (55.450851389666447,48.531151125288964)              (44.945044189483134,-4.1079146795543586)              (-2.7646146495309161,30.262273204597378)              (60.810947612414644,-32.217823032813513)       (-12.396666178369285,-2.50910403565285378E-014)               (60.810947612414637,32.217823032813520)             (-2.7646146495308583,-30.262273204597371)               (44.945044189483120,4.1079146795543480)              (55.450851389666383,-48.531151125288972)        (3016.5086905149424,-3.99253621428865418E-014)
  0.50029908184188243                    (6.8496503279184182,14.149982896410465)               (7.9822103478042044,41.817904355075619)              (-15.581016328093751,11.424067164094808)              (17.001729930715619,-21.996355711203737)        (-32.510700798669774,1.63757896132210590E-014)               (17.001729930715573,21.996355711203748)             (-15.581016328093709,-11.424067164094730)              (7.9822103478042017,-41.817904355075626)              (6.8496503279183916,-14.149982896410386)         (2993.1962480050001,1.75071139226282146E-014)
  0.50268950562263037                  (-18.415403935717979,-7.1377711095517373)             (-4.2628687651718735,-1.3915946583197161)              (0.33052119582246531,48.326645580230256)             (-8.5033439122807479,-67.693775430970149)        (-70.448284516000783,2.44249065417534439E-014)              (-8.5033439122807213,67.693775430970064)             (0.33052119582247341,-48.326645580230256)              (-4.2628687651718336,1.3915946583197567)              (-18.415403935717954,7.1377711095517835)        (2909.3377313656060,-5.42932669309048599E-014)
  0.50264444241686523                   (38.039270282571295,-70.250770654681062)        (6.45854108027369977E-002,-43.614479963388725)               (61.827468513188471,8.6752634141269365)               (27.233773939377603,6.2564066270033045)        (21.033259843020293,-3.13082892944294144E-014)              (27.233773939377699,-6.2564066270033054)              (61.827468513188364,-8.6752634141269969)         (6.45854108027281160E-002,43.614479963388725)               (38.039270282571266,70.250770654681162)        (3091.7717997074283,-2.73695996422240739E-015)
  0.50320784971145405                   (-66.781941063825741,107.73428422225592)             (-45.497447062942342,-13.167801021267671)              (-11.081735078460307,24.440960562412435)              (-4.0681301527992737,12.354525509733948)       (-33.836069356810171,-1.15463194561016280E-014)             (-4.0681301527993119,-12.354525509733913)             (-11.081735078460333,-24.440960562412403)              (-45.497447062942314,13.167801021267657)             (-66.781941063825840,-107.73428422225598)        (2963.1912721805743,-2.77718386482161961E-015)
  0.50703407466089201                  (-25.173882100775565,-4.2546927245681641)             (-13.828070766068246,-20.137422960967886)              (57.345948222100660,-8.0000713450268410)              (73.908617375281707,-11.559098375124130)         (74.419549306151879,7.10542735760100186E-015)               (73.908617375281722,11.559098375124060)               (57.345948222100709,8.0000713450268268)              (-13.828070766068199,20.137422960967971)              (-25.173882100775582,4.2546927245681934)         (3211.4236511431545,7.73193358297175060E-015)
  0.50123503899693989                    (61.875879009051516,12.234741436111591)               (15.484354175015378,20.957257885425580)               (62.281613132515240,40.429132062212787)               (7.1916672720257928,55.915523545624424)        (-39.694434411297721,5.77315972805081401E-015)              (7.1916672720258159,-55.915523545624431)              (62.281613132515254,-40.429132062212780)              (15.484354175015344,-20.957257885425605)              (61.875879009051502,-12.234741436111602)        (2973.9793728065833,-4.35808797869788236E-014)
  0.50290602198616108                   (-12.978466058483100,29.735138733436035)               (16.752036755279292,6.8974996435015825)              (12.512124866342024,-7.6203172948118842)              (54.330309045331830,-57.666374802508585)        (35.977019163953997,-1.23095977855314231E-014)               (54.330309045332015,57.666374802508578)               (12.512124866342035,7.6203172948118922)              (16.752036755279278,-6.8974996435015337)             (-12.978466058483031,-29.735138733436013)        (2956.1067785610098,-5.29495338633806378E-014)
  0.50796805221776831                   (-9.5397232977771260,21.350654712530559)             (-16.687966660595091,-8.4472228006755810)              (59.345805611906897,-4.6719840073779455)             (-33.080661888576046,-86.318184811584672)         (6.5093369883647227,9.88098491916389321E-015)              (-33.080661888576181,86.318184811584644)               (59.345805611907068,4.6719840073779437)              (-16.687966660595105,8.4472228006756005)             (-9.5397232977770887,-21.350654712530584)        (2938.6178347351788,-1.30875128442897726E-014)
  0.50487259606969648                   (-32.798769862497501,44.415246865795396)             (-39.071307164399535,-6.0570631082841588)               (59.987266960861767,15.433309576126238)               (1.4408881686327859,53.258546358630589)        (-50.856572586775883,1.46826995006676952E-014)              (1.4408881686328112,-53.258546358630753)              (59.987266960861909,-15.433309576126192)              (-39.071307164399570,6.0570631082841633)             (-32.798769862497515,-44.415246865795396)         (2965.6710107509484,3.38802878981081523E-014)
  0.50698775984102307                    (47.256874425799367,3.5234747457021607)              (-68.188328821584960,7.9272392834752985)              (-6.7899729047401642,14.441394839911080)               (110.17694839514782,9.1825187821952596)        (-10.112598012931167,1.57651669496772229E-014)              (110.17694839514773,-9.1825187821952614)             (-6.7899729047401420,-14.441394839911123)             (-68.188328821584918,-7.9272392834753012)              (47.256874425799417,-3.5234747457021900)         (2995.1096040962975,3.23680969180339950E-014)
  0.50922842661610057                   (42.039319430217020,-42.821413097450460)              (28.809040978994485,-20.099400690402636)              (-13.422314393906047,64.749814569067880)              (-5.6019049144923647,19.309595597632221)         (23.713819344398370,4.24660306919122377E-014)             (-5.6019049144923754,-19.309595597632168)             (-13.422314393906122,-64.749814569067837)               (28.809040978994485,20.099400690402621)               (42.039319430217020,42.821413097450481)         (2964.0479999919908,6.82863054296545258E-015)
  0.50716866606360844                    (83.290045383971162,35.471223767024341)              (-23.489370707020910,54.784129426628532)              (-29.728604702265617,50.114484495396823)             (-12.230347719257171,-12.601025500572693)       (-0.95397993848322771,1.96509475358652708E-014)              (-12.230347719257219,12.601025500572760)             (-29.728604702265574,-50.114484495396788)             (-23.489370707020868,-54.784129426628553)              (83.290045383971076,-35.471223767024348)         (3048.7463685074317,1.31383077160707185E-014)
  0.50688869462385888                   (-60.996378996094329,27.952234507855316)            (-17.381152805064566,-0.70637447462780656)               (6.0498215544587595,16.065652696287948)              (-22.740543847539314,18.062851937603966)         (37.532390735114056,2.88657986402540701E-014)             (-22.740543847539303,-18.062851937603927)              (6.0498215544588287,-16.065652696287923)             (-17.381152805064634,0.70637447462783554)             (-60.996378996094293,-27.952234507855351)        (2969.9756761081840,-1.65055144031589496E-014)
  0.50833675176220605                   (-2.7379572138411250,12.334597884019065)               (17.473294108484204,31.267343528279465)             (-56.227043758530208,-28.841835293476596)              (-11.550236881727331,10.429795550067963)       (-11.111315521804974,-3.01980662698042579E-014)             (-11.550236881727267,-10.429795550067940)              (-56.227043758530236,28.841835293476585)              (17.473294108484126,-31.267343528279504)             (-2.7379572138411303,-12.334597884019077)        (2828.0889824302917,-1.77865941376406655E-014)
  0.50547099790092265                   (91.691182958409300,-31.237192694100315)              (7.7825308973381455,-21.321088536728137)              (18.000523345370684,-10.857133894650120)               (2.8622898880720316,1.1421200058388248)       (-16.436120485182467,-3.17523785042794771E-014)              (2.8622898880720209,-1.1421200058388838)               (18.000523345370649,10.857133894650145)               (7.7825308973381535,21.321088536728151)               (91.691182958409101,31.237192694100266)        (2799.3559382678372,-1.91110148539674896E-014)
  0.50377416155370047                   (35.483081061465242,-22.908090929103519)              (-13.647793167143638,6.5601047903766823)              (50.437021168985609,-46.460257882426760)             (-14.997184694267073,-18.685812996480919)        (41.422435581256636,-2.99760216648792266E-014)              (-14.997184694267135,18.685812996480937)               (50.437021168985524,46.460257882426752)             (-13.647793167143607,-6.5601047903767018)               (35.483081061465285,22.908090929103508)        (2910.2837914727429,-2.01686693198201497E-014)
  0.50417501138784715                   (-34.235969117124476,15.371758344122538)               (20.120422014812640,68.140294811785822)             (-16.507363673317876,-33.705901827509599)              (95.413158323164154,-42.775960387417406)       (-47.761263996924590,-1.83186799063150829E-015)               (95.413158323164097,42.775960387417477)              (-16.507363673317801,33.705901827509571)              (20.120422014812632,-68.140294811785836)             (-34.235969117124505,-15.371758344122476)        (3093.4635037007847,-3.86134266922022462E-014)
  0.50521819435874660                   (62.260000155137490,0.42604768573530227)              (32.039535165563848,-29.017115739152189)              (-19.520575062858029,20.090487730751949)             (-1.4955330330484595,-26.721985232555607)         (11.616496205926781,2.28705943072782247E-014)              (-1.4955330330485253,26.721985232555632)             (-19.520575062858050,-20.090487730751896)               (32.039535165563819,29.017115739152093)             (62.260000155137554,-0.42604768573526342)         (2800.8974973591621,4.30818575258840042E-015)
  0.50848214134916581                  (-32.359274992054424,-6.5309116487462475)              (-1.2943318070781138,30.403173270146020)             (-3.4585275361923498,-7.5258431745897827)             (-23.870896011406412,-12.021151427869320)        (-96.166657795141276,2.95041768794135351E-014)              (-23.870896011406401,12.021151427869290)              (-3.4585275361923511,7.5258431745897250)             (-1.2943318070781094,-30.403173270146024)              (-32.359274992054381,6.5309116487462582)         (2987.1613550474876,4.67647838856000142E-014)
  0.50368618977207302                    (3.4625281001477175,3.8438736292959867)               (1.5336796372935786,28.616494338321001)             (-16.196890147000762,-30.945636737156505)              (-17.482629925004687,95.169995546484060)         (41.460185459031024,5.71764857681955618E-015)             (-17.482629925004648,-95.169995546483989)              (-16.196890147000751,30.945636737156384)              (1.5336796372935575,-28.616494338321086)              (3.4625281001477779,-3.8438736292959041)        (2941.5384604656847,-4.42218961102525121E-015)
  0.50212699213544432                   (25.620579894429181,-21.452498957341081)             (-47.063485308910884,-4.2626005584285993)         (5.12271228449519000E-002,42.229365711157506)              (14.487313191209326,-63.007953392092709)         (67.283122247606158,9.76996261670137756E-015)               (14.487313191209301,63.007953392092737)        (5.12271228449450999E-002,-42.229365711157570)              (-47.063485308910892,4.2626005584285176)               (25.620579894429167,21.452498957341010)        (3122.5423062590403,-1.06400890702296191E-015)
  0.50559494000597693                  (-18.148007314367806,-47.268005606185490)             (-60.244615501462533,-13.764696703451687)               (41.513499268186308,48.729303796139305)              (-31.886145284951706,1.2389518291062447)        (92.975375586819951,-3.06421554796543205E-014)             (-31.886145284951688,-1.2389518291062549)              (41.513499268186266,-48.729303796139313)              (-60.244615501462505,13.764696703451651)              (-18.148007314367771,47.268005606185483)         (3260.4694046981558,4.76596165961337692E-014)
  0.50472636026297268                   (67.749795472620548,-3.5731960094410140)              (-12.303644913122191,1.2976709748948319)              (-32.442904287796310,4.0448349413026650)               (1.6882026753327417,18.352711734300158)       (-16.368290711213753,-2.77555756156289135E-014)              (1.6882026753327148,-18.352711734300129)             (-32.442904287796352,-4.0448349413026969)             (-12.303644913122264,-1.2976709748948791)               (67.749795472620548,3.5731960094409856)        (3052.8412038065549,-1.32172376342276632E-015)
  0.50343766608676910                   (-25.205955133500382,13.060270485073861)               (42.943725605261392,30.511450275184693)             (-11.512734535143851,-29.421730463890224)              (75.131414713817506,-114.94365988428913)        (-75.651422124691678,2.09832151654154586E-014)               (75.131414713817435,114.94365988428903)              (-11.512734535143837,29.421730463890270)              (42.943725605261363,-30.511450275184753)             (-25.205955133500272,-13.060270485073994)         (3199.4934322851159,3.05734170619187395E-015)
  0.50490900201986399                   (-5.2004539596558708,78.477384157937024)              (6.1922044905200009,-20.157994627382415)              (17.779862398973449,-49.077355926448526)              (-19.954354702187377,13.444212678506529)         (85.158821476300304,1.68753899743023794E-014)             (-19.954354702187366,-13.444212678506553)               (17.779862398973478,49.077355926448462)               (6.1922044905199956,20.157994627382475)             (-5.2004539596558086,-78.477384157937081)        (2989.1255929739264,-6.25384076122226240E-015)
  0.50540054949558710                    (10.412432312026617,6.4291707011746748)              (29.812846129369063,-24.883677103358085)              (98.541945545670956,-69.850180348270086)        (2.09129143277069218E-002,-26.988305166666272)         (160.87847739137865,1.45439216225895507E-014)         (2.09129143277071994E-002,26.988305166666347)               (98.541945545670814,69.850180348270158)               (29.812846129369049,24.883677103358071)              (10.412432312026690,-6.4291707011746437)        (3098.5971221335735,-2.10313537418738150E-015)
  0.50638570741678723                    (3.6619108445761603,66.771863713313721)             (-10.999591713345486,-74.971943730716276)              (75.303861820811548,-13.731647759079767)               (22.117848465145947,3.7921491818142110)        (25.627183384017172,-1.66533453693773481E-014)              (22.117848465145954,-3.7921491818141737)               (75.303861820811690,13.731647759079696)              (-10.999591713345485,74.971943730716148)              (3.6619108445761901,-66.771863713313635)         (2794.4584133512976,5.77118105908602796E-015)
  0.50843417869311358             (-35.105488133261844,5.98003996940354443E-002)             (-1.7315673238143634,-60.185042810440919)              (-27.271900458383389,56.468247511253651)               (5.0100258844175753,102.67496458308895)         (18.263512280074877,2.47718512369488053E-014)              (5.0100258844175709,-102.67496458308884)             (-27.271900458383453,-56.468247511253672)              (-1.7315673238144091,60.185042810440869)       (-35.105488133261858,-5.98003996940229543E-002)         (3039.4924604512503,1.01629316941187486E-014)
  0.50512610982000949                    (55.124080345078163,10.526559661766036)               (57.120259989123468,12.594806089411048)              (-43.287654252358514,50.859400463229477)               (68.486120446049384,59.877126275412664)        (-47.906781564474159,4.55191440096314182E-015)              (68.486120446049426,-59.877126275412571)             (-43.287654252358607,-50.859400463229420)              (57.120259989123383,-12.594806089410985)              (55.124080345078220,-10.526559661766015)         (3109.7712262724767,8.58139243258698725E-015)
  0.50817800140653346                  (48.642504057828390,-0.65926120204734029)              (-6.4496190349340683,12.005955295553818)              (-20.753706030279655,15.552641976979627)              (-16.164036789620052,11.938981753350896)        (-36.540436383756770,4.17443857259058859E-014)             (-16.164036789620056,-11.938981753350884)             (-20.753706030279695,-15.552641976979688)             (-6.4496190349340887,-12.005955295553754)              (48.642504057828255,0.65926120204739336)        (3092.1394365550327,-4.80220247248142051E-015)
  0.50632354351616027                   (-43.147964742079402,28.633362881690331)              (-40.742178800637305,8.6705223962701350)             (-11.296753156956783,-19.308893581260214)             (-46.994384910947034,-42.089248427688496)        (-47.330237997997457,2.41195952099815258E-014)              (-46.994384910947019,42.089248427688538)              (-11.296753156956756,19.308893581260200)             (-40.742178800637319,-8.6705223962701350)             (-43.147964742079438,-28.633362881690378)        (3011.8332799576242,-8.89739670828504359E-015)
  0.50642366299760222                   (-13.145769010170712,3.8204111312668338)               (64.309533875340136,28.541807346823415)              (2.8785940107435142,-40.768444964864727)              (-68.305291925710193,2.6751353184582829)         (5.9683223096389133,3.99680288865056355E-014)             (-68.305291925710293,-2.6751353184583015)               (2.8785940107435177,40.768444964864742)              (64.309533875339966,-28.541807346823326)             (-13.145769010170739,-3.8204111312668227)        (2775.1780331957334,-3.68653133193952431E-014)
  0.50296477711618648                    (45.626111186262797,14.742867542471330)              (28.172780930218060,-23.638897583860278)              (-50.190717718398048,43.326723946551439)              (26.415978534831829,-45.327469958863801)        (13.858658887897075,-4.22994972382184642E-014)               (26.415978534831872,45.327469958863794)             (-50.190717718398098,-43.326723946551482)               (28.172780930218092,23.638897583860228)              (45.626111186262754,-14.742867542471366)        (2929.2135640295041,-8.18789480661052949E-015)
  0.50536109867491530                  (-10.660430475648356,-85.626960041567969)             (-65.376125765624181,-2.2579829304457535)               (13.208708691108331,8.8132275850971133)             (-13.777506722775264,-30.410260679788930)        (47.200437276655123,-1.11022302462515654E-016)              (-13.777506722775289,30.410260679789026)              (13.208708691108313,-8.8132275850970689)              (-65.376125765624295,2.2579829304457499)              (-10.660430475648333,85.626960041567997)        (3010.7679153678023,-2.79212891414297448E-014)
  0.50435990866011937                  (-33.411807619573828,-13.912157513985690)             (-41.125540811202967,-5.6345766682046028)             (-42.425844529798454,-9.7488881487774464)             (-33.395210717497186,-19.135896162104107)         (119.34211540773194,5.01820807130570756E-014)              (-33.395210717497115,19.135896162104128)              (-42.425844529798447,9.7488881487773931)              (-41.125540811202882,5.6345766682046481)              (-33.411807619573864,13.912157513985758)         (3002.4193977311597,4.93103550613244179E-014)
  0.50443966040384380                   (15.848398425425538,-45.426586282836581)              (-29.241411844640382,44.883429404779235)               (5.4154801869657643,7.4305540088770945)              (7.7974140180104587,-17.872930296349043)        (16.761599824643238,-2.79411910275584319E-014)               (7.7974140180104428,17.872930296349093)              (5.4154801869657678,-7.4305540088771336)             (-29.241411844640382,-44.883429404779186)               (15.848398425425552,45.426586282836588)         (2912.3071148779200,1.07434652062772702E-014)
  0.50477022448678255                  (-22.582180850031374,-41.340385036840296)              (7.4711127806522466,-1.5302877414524545)              (-27.589212361365867,24.280644129570717)               (7.7589027814229716,44.696206248640806)         (54.520787771817837,2.28705943072782247E-014)              (7.7589027814229361,-44.696206248640834)             (-27.589212361365899,-24.280644129570717)               (7.4711127806523123,1.5302877414524683)              (-22.582180850031371,41.340385036840296)        (3175.3188228983267,-2.11999471796953110E-014)
  0.50574826555010766                   (-42.995187984578770,31.672553309493974)              (-57.330737351092353,78.911844985136625)               (109.67708371424634,71.893660430121770)              (41.395173901336172,-72.606081679204934)        (72.186560718703831,-1.99285032920215599E-014)               (41.395173901336129,72.606081679205118)              (109.67708371424615,-71.893660430121841)             (-57.330737351092367,-78.911844985136639)             (-42.995187984578820,-31.672553309493903)         (2950.2782877649529,3.27972851242759600E-015)
  0.50744316412228085                    (9.7547685727981825,15.481248071154427)               (13.653868511075249,27.872265811184036)              (39.020457427806768,-40.057022835669898)             (-22.408619827036912,-13.974399316764730)        (-26.870029007287020,2.30926389122032560E-014)              (-22.408619827036901,13.974399316764774)               (39.020457427806804,40.057022835669876)              (13.653868511075192,-27.872265811184061)              (9.7547685727981666,-15.481248071154623)         (2959.0594886897620,3.35762505038889048E-015)
  0.50577184461588665                   (31.736108910153618,-17.311658312483964)              (-15.086980553745647,50.777696860971304)             (-32.982939595434907,-2.7395339999000545)              (14.961444995632299,-21.143827785833022)       (-10.663544511332569,-1.99840144432528177E-015)               (14.961444995632339,21.143827785833082)              (-32.982939595434971,2.7395339999000092)             (-15.086980553745613,-50.777696860971282)               (31.736108910153533,17.311658312484035)        (3027.4052061931038,-2.59439686530957281E-014)
  0.50566586666816271                   (-18.262115782040809,22.220090332783379)              (8.9149940129987044,-18.507263270464257)               (48.496563070015149,10.644890334369840)               (7.0831786261674070,14.281622437452237)         (62.110207318604068,4.35207425653061364E-014)              (7.0831786261673457,-14.281622437452191)              (48.496563070015043,-10.644890334369768)               (8.9149940129987364,18.507263270464286)             (-18.262115782040812,-22.220090332783464)        (3006.8913544795023,-1.38939424201844908E-014)
  0.50372775251637281                   (-8.4459993596915304,17.301856968514020)              (11.798101188683535,-26.568271043977855)              (-30.816758280292326,40.684783251304552)              (15.464009515300628,-27.503540412459866)       (-60.808761838864143,-1.43496325932801483E-014)               (15.464009515300667,27.503540412459895)             (-30.816758280292316,-40.684783251304466)               (11.798101188683599,26.568271043977852)             (-8.4459993596915837,-17.301856968514048)         (3100.8733019938486,4.91005348358941607E-015)
  0.50495937119186096                   (59.535015613124678,-80.417233052269779)             (-16.038327821786080,-6.2743304920472971)               (31.735576611445417,17.176268054107229)               (22.909627354856923,39.148492087265140)       (-16.091528160818481,-4.29656310529935581E-014)              (22.909627354856894,-39.148492087265126)              (31.735576611445399,-17.176268054107240)              (-16.038327821786027,6.2743304920472927)               (59.535015613124671,80.417233052269808)        (2986.9079203497877,-1.31356514207481290E-015)
  0.50537808913694127                    (89.369078297134649,29.329678952505382)               (55.679791456007813,23.089347881554460)               (68.368153766813180,23.329454279531554)              (-19.510046261603101,54.203034589816639)        (-5.0278635481561409,1.49047441055927266E-014)             (-19.510046261603136,-54.203034589816639)              (68.368153766813222,-23.329454279531479)              (55.679791456007813,-23.089347881554549)              (89.369078297134664,-29.329678952505336)        (2895.5528911520355,-1.19288361469498810E-014)
  0.50283477142363942                    (12.394022155764613,29.105093039371582)             (-5.3942272595111973,-2.7579151086608684)              (62.005418497518313,-27.111066452312834)             (-29.177642959191097,-44.578733709168539)        (53.059192916193261,-2.77000644643976557E-014)              (-29.177642959191090,44.578733709168567)               (62.005418497518143,27.111066452312905)              (-5.3942272595111804,2.7579151086609457)              (12.394022155764629,-29.105093039371603)         (3106.6101149550050,7.21555519327121697E-015)
  0.50017380701384795                    (7.7559840115896366,10.075445394782442)              (53.349007548056498,-28.161131105077775)              (-31.108205553889572,24.800238457887879)              (28.159286442576764,-8.4316079320219313)        (-61.069010102431534,1.19904086659516906E-014)               (28.159286442576800,8.4316079320218531)             (-31.108205553889505,-24.800238457887879)               (53.349007548056690,28.161131105077750)              (7.7559840115896082,-10.075445394782426)        (2891.9045479762558,-2.63688810370199533E-014)
  0.50563000694411009                   (-37.726978806131655,3.7479535801481063)              (-68.516337553061874,19.906076870973632)             (-20.589221685246240,-46.427607786337859)       (-28.309283419271761,-7.63815211256264615E-002)       (-2.7242579384219798,-2.44249065417534439E-015)        (-28.309283419271789,7.63815211255979287E-002)              (-20.589221685246283,46.427607786337809)             (-68.516337553061803,-19.906076870973756)             (-37.726978806131648,-3.7479535801480810)         (3017.4509789345207,3.20414674610455807E-014)
  0.50732433204019001                    (2.4325016238700758,14.398963430801759)             (-47.897540794097445,-21.838365827896972)             (-76.277427922918392,-50.804219007842754)             (-63.873941867861305,-17.073528555552958)        (21.319060446195920,-1.77635683940025046E-015)              (-63.873941867861276,17.073528555552997)              (-76.277427922918335,50.804219007842804)              (-47.897540794097551,21.838365827896997)              (2.4325016238701966,-14.398963430801770)         (3026.4764157259183,2.20552742735691254E-014)
  0.50777496480801954                  (-3.1890289887341736,-10.757165045282139)               (18.890770098388504,62.728399758295005)              (11.895423601839454,-51.758556407404996)              (27.862200298837678,-15.219309079390920)       (-59.125293886558957,-1.92623694772464660E-014)               (27.862200298837681,15.219309079390952)               (11.895423601839472,51.758556407404981)              (18.890770098388515,-62.728399758294898)              (-3.1890289887341101,10.757165045282152)        (3193.5780161243506,-4.72297846448518910E-014)
  0.50768182902086267                   (-30.377273139818811,57.568556626600966)              (-8.2841424435099302,54.901324393235960)             (-10.563215024988022,-55.097380359299223)               (30.982113716285134,42.758618044673888)        (4.5434018257587478,-4.88498130835068878E-015)              (30.982113716285088,-42.758618044673803)              (-10.563215024988100,55.097380359299301)             (-8.2841424435099249,-54.901324393236010)             (-30.377273139818758,-57.568556626601101)         (2836.6685087796341,2.14615651639160632E-014)
  0.50647075371045425                  (-15.854114478833761,-28.750508096225502)              (-50.687919444673817,12.658452695008355)              (18.489981593794173,-38.055493253282386)              (71.681125086312591,-30.151431371172908)        (-9.3603129403066845,1.56541446472147072E-014)               (71.681125086312647,30.151431371172855)               (18.489981593794237,38.055493253282449)             (-50.687919444673852,-12.658452695008352)              (-15.854114478833724,28.750508096225520)         (3012.4413230081745,6.17896846969584468E-014)
  0.50628349480005830                  (-35.271249993571317,-32.884722246775183)             (-20.871242531299238,-19.043356955199549)               (7.6198028481499325,4.6607497170789296)             (-64.262188979078417,-10.014895304006377)        (-17.675136385540792,6.27622953608408807E-015)              (-64.262188979078502,10.014895304006316)              (7.6198028481499112,-4.6607497170789163)              (-20.871242531299181,19.043356955199648)              (-35.271249993571345,32.884722246775091)        (3111.3610727165733,-1.13583459044469537E-014)
  0.50448433870489984                   (2.2882953000061583,-19.149486942553168)              (-15.468607339285320,18.542836740659553)              (68.983365241873358,-24.765965165249135)              (62.516644279547414,-7.5650407192261753)       (-68.106701491619617,-1.21014309684142063E-014)               (62.516644279547322,7.5650407192261886)               (68.983365241873372,24.765965165249149)             (-15.468607339285311,-18.542836740659578)               (2.2882953000061592,19.149486942553136)         (2958.8692893153839,2.69651922318869808E-015)
  0.50422027412795589                    (54.272455837693947,12.613909331911968)               (5.8463478245995066,30.774560770693625)             (-63.686304868179469,-90.175386299834088)             (-54.698109119543297,-13.306098453904813)       (-103.22106216153587,-2.22044604925031308E-016)              (-54.698109119543332,13.306098453904859)              (-63.686304868179455,90.175386299834202)              (5.8463478245994907,-30.774560770693576)              (54.272455837693947,-12.613909331911966)        (2847.2885128435682,-2.93017292287561792E-014)
  0.50171250488281016                  (12.912823095912007,-0.72881727409539621)              (6.6803624347419772,-12.254740190626507)              (38.069196470407249,-38.217604750615386)              (-6.8414026299057733,10.321610157857990)       (-50.814276905967120,-9.65894031423886190E-015)             (-6.8414026299058168,-10.321610157857988)               (38.069196470407213,38.217604750615358)               (6.6803624347419808,12.254740190626499)              (12.912823095912094,0.72881727409542130)        (3070.0964034402868,-1.74524023704991649E-015)
  0.50142414193271645                   (20.587600354306630,-1.9251342192331882)             (-14.723667728521271,-27.912464706459037)             (-2.2873033558976208,-29.866503279575408)              (-49.648647161532757,20.997773213460512)       (-86.506138992169923,-1.86517468137026299E-014)             (-49.648647161532786,-20.997773213460516)              (-2.2873033558976701,29.866503279575394)              (-14.723667728521249,27.912464706459033)               (20.587600354306669,1.9251342192331329)         (3107.9200120154064,1.38420091361224351E-014)
  0.50646647591502525                    (92.881360348467169,15.250942444718266)              (16.722256766595237,-37.998396528796327)               (32.650466207809579,34.852994427135009)              (45.285658298451622,-13.529798154181243)        (4.9829170164519052,-3.08086889333480940E-015)               (45.285658298451580,13.529798154181222)              (32.650466207809515,-34.852994427135052)               (16.722256766595230,37.998396528796349)              (92.881360348467112,-15.250942444718268)        (2968.2235003411970,-3.78202243828118512E-015)
  0.50576602206163457                    (4.2886400306196633,22.822661179746586)             (-7.4119485767003770,0.70785344777685255)             (-42.614445398142372,-17.729613956372106)              (24.292048228361296,-12.356652642568308)        (42.716002744588060,-3.17523785042794771E-014)               (24.292048228361359,12.356652642568333)              (-42.614445398142308,17.729613956372134)            (-7.4119485767004196,-0.70785344777686721)              (4.2886400306196810,-22.822661179746767)        (2847.1291891245801,-5.44441336632062178E-014)
  0.50257338279695918                   (-16.309324786977783,15.622487673159721)               (22.833924600935987,64.276893113017778)             (-24.403994383276952,-16.984242704809027)              (-44.840774686934012,31.991527492030652)        (1.9875756266004445,-4.08006961549745029E-014)             (-44.840774686933990,-31.991527492030620)              (-24.403994383276942,16.984242704808935)              (22.833924600935930,-64.276893113017934)             (-16.309324786977776,-15.622487673159755)        (3034.0695147042002,-3.91752992214998083E-015)
  0.50239369840842119                  (-0.26668863938417164,34.921732122679693)             (-7.8135735326139377,-43.098174378074148)               (17.936665322666862,15.374242016869934)              (-15.172648282676851,10.331169989909794)       (-78.210182418608582,-4.55191440096314182E-015)             (-15.172648282676812,-10.331169989909727)              (17.936665322666837,-15.374242016869944)              (-7.8135735326138871,43.098174378074013)            (-0.26668863938422804,-34.921732122679764)         (3108.9839170762039,1.92987986702419789E-014)
  0.50061338735235272                    (7.6688355790536127,57.406348649015207)             (-47.340919016247632,-51.688608307664687)              (-6.4926411709896330,8.2045623288657197)              (19.324338908059499,-35.474128153131382)       (-3.9421503393935269,-1.86517468137026299E-014)               (19.324338908059545,35.474128153131367)             (-6.4926411709896232,-8.2045623288655989)              (-47.340919016247568,51.688608307664559)              (7.6688355790536029,-57.406348649015335)         (3035.9378150546177,4.89085768412556021E-014)
  0.50643387772427539                   (16.772747872141895,-5.7495934216327704)               (3.8034564181762467,8.4986844294554302)             (-17.618472564765366,-36.333891499865288)             (-82.485303658681488,-57.932745111562014)         (121.72005546877713,1.06581410364015028E-014)              (-82.485303658681374,57.932745111561829)              (-17.618472564765298,36.333891499865274)              (3.8034564181762596,-8.4986844294554906)               (16.772747872141888,5.7495934216327989)         (2817.9441326779070,3.74965629292706160E-014)
  0.50537144738350848                   (-55.656345778037497,62.993321322774193)             (-14.980418329522445,-90.030779908597111)             (-8.9789489745261353,-78.726825752341668)              (17.800146267513650,-29.207849032065802)       (-85.358251532669343,-1.77635683940025046E-015)               (17.800146267513615,29.207849032065866)              (-8.9789489745261069,78.726825752341654)              (-14.980418329522475,90.030779908597069)             (-55.656345778037469,-62.993321322774278)         (3118.3494479795322,1.84802260300154231E-016)
  0.50297680270575684                   (16.128872308653236,-1.1303013213015440)              (-58.583712897929196,37.853663142693833)             (0.21420193822591949,0.19005407460717771)               (52.380297031561796,45.559893419802066)        (93.757588827135663,-1.46549439250520663E-014)              (52.380297031561788,-45.559893419802044)            (0.21420193822586320,-0.19005407460708187)             (-58.583712897929260,-37.853663142693890)               (16.128872308653285,1.1303013213015760)         (3054.7911510024978,3.30002680997559805E-014)
  0.50342752134593649                   (17.978169986967064,-30.678699921037168)               (22.717266493334577,69.968531228974712)              (-17.770658726659239,27.516828544926955)               (26.333619746070617,9.2562355503484728)        (-28.387646954452460,3.50830475781549467E-014)              (26.333619746070610,-9.2562355503484621)             (-17.770658726659214,-27.516828544926977)              (22.717266493334627,-69.968531228974868)               (17.978169986967107,30.678699921037168)        (3039.2723019284617,-5.43594574735350999E-015)
  0.50554048113035965                    (4.3023447707245950,23.570606606631262)              (110.20166661226764,-52.740231416414161)              (-34.893665943346043,13.196242829500060)              (-61.853069069864176,12.794807158071787)        (57.467018080923161,-2.93098878501041327E-014)             (-61.853069069864013,-12.794807158071755)             (-34.893665943346022,-13.196242829500038)               (110.20166661226766,52.740231416414247)              (4.3023447707245701,-23.570606606631248)         (2974.8560324491696,9.35032894210444110E-015)
  0.50811514993411000                   (-79.848131960151122,58.377337346797027)              (19.932318497309410,-29.155642857501540)              (-8.4137261007361257,9.1473685110608045)              (27.998974251873875,-20.789766896198060)        (37.567870082712858,-1.13242748511765967E-014)               (27.998974251873790,20.789766896198188)             (-8.4137261007360991,-9.1473685110607743)               (19.932318497309446,29.155642857501618)             (-79.848131960151250,-58.377337346796956)         (2984.7521137868353,8.29503888402074660E-014)
  0.50785442322443952                  (-25.273375076055160,-67.679598053509523)             (-48.571695880568889,-31.419332466685518)               (2.9577967601316795,26.604765465846391)              (-28.602811965606627,35.801000722173455)        (-26.668386711729188,2.44249065417534439E-015)             (-28.602811965606644,-35.801000722173498)              (2.9577967601316004,-26.604765465846413)              (-48.571695880568932,31.419332466685649)              (-25.273375076055103,67.679598053509395)         (3093.1796958367136,1.89376746435095805E-015)
  0.50203532518474725                  (-62.527081040299485,-33.675355849362418)              (14.973783855165756,-6.3112181217984258)               (12.027584372042067,46.032391019265653)              (55.092797943952199,-137.17515326547161)         (43.810406112643882,1.26010313294955267E-014)               (55.092797943952114,137.17515326547132)              (12.027584372042085,-46.032391019265582)               (14.973783855165763,6.3112181217983823)              (-62.527081040299322,33.675355849362525)         (3057.2554858270582,2.77802954251615830E-014)
  0.50092664902447481                   (20.122566691548730,-12.159594591488087)             (54.917659364803782,-0.10873536676615791)              (-32.090988246635717,29.728650699735226)              (4.3386859744744060,-1.3644816503694928)        (-37.893132946925029,3.09197112358106097E-014)               (4.3386859744744362,1.3644816503694974)             (-32.090988246635732,-29.728650699735311)              (54.917659364803662,0.10873536676614165)               (20.122566691548730,12.159594591488013)        (2988.8332899078232,-1.31426174197063483E-014)
  0.50060364586013462                    (61.336465878772863,13.272619220183273)             (-1.6612699948806247,-32.132833495943196)             (-78.125416832459820,-17.801381102971785)               (31.756117758475391,47.128489778572678)         (21.092926910938314,1.92623694772464660E-014)              (31.756117758475384,-47.128489778572607)              (-78.125416832459734,17.801381102971686)              (-1.6612699948806242,32.132833495943153)              (61.336465878772962,-13.272619220183216)         (3031.9947947277014,1.85424321296617789E-014)
  0.50278600463360656                  (-25.464976181421665,-36.185620839982079)               (94.170223597638710,41.627995381308075)               (1.7148805519816526,92.494742288313745)             (-63.117873605846910,-28.062369560558821)         (7.5259657750728426,2.25722218694102139E-014)              (-63.117873605846874,28.062369560558871)              (1.7148805519816244,-92.494742288313631)              (94.170223597638724,-41.627995381308175)              (-25.464976181421704,36.185620839982093)        (2891.8776327675405,-1.46194363039031661E-014)
  0.50418693715575158                   (59.915265049878585,-1.1307380710105577)              (12.835992999411333,-29.654819833250734)             (-34.839917313110526,-63.177364180420192)             (0.28398960597912160,-13.163810442133608)        (-39.635287395023482,2.72004641033163352E-015)              (0.28398960597915268,13.163810442133652)              (-34.839917313110583,63.177364180420113)               (12.835992999411346,29.654819833250659)               (59.915265049878542,1.1307380710105632)        (3012.8813318591156,-1.39171985567843048E-014)
  0.50317693514014628                  (-63.703998330941424,-8.1745598692616976)              (-40.427598002814619,16.772816525648210)              (-35.868913294615311,29.251973065723401)              (-54.400648680430336,7.7124159507924963)        (25.216860682439830,-1.42108547152020037E-014)             (-54.400648680430372,-7.7124159507925132)             (-35.868913294615375,-29.251973065723348)             (-40.427598002814619,-16.772816525648196)              (-63.703998330941324,8.1745598692617101)         (3044.8597973751966,8.12154163365441661E-015)
  0.50461773125494280                   (43.421513158749946,-73.206789568388430)              (10.090484484689551,-17.241863777409012)              (42.334888945571528,-70.134550526266182)              (39.228373759739753,-40.139271198379753)       (-23.427102071670554,-1.35447209004269098E-014)               (39.228373759739746,40.139271198379774)               (42.334888945571535,70.134550526266182)               (10.090484484689560,17.241863777408962)               (43.421513158749981,73.206789568388331)        (3064.5417813011936,-3.39821486922131655E-015)
