  0.99900000000150058     
  0.35375288313892433     
  0.17955237022520940     
   8.6708630820646296E-002
   4.3289214087714016E-002
   3.7964299056073701E-002
   1.0989429534229782E-002
   2.9576775768013507E-002
   2.1163259644274866E-002
   9.5176487583674991E-003
   2.9472170481792105E-002
   3.1479868959953139E-002
   3.8013320982712082E-002
  -4.6712575007988644E-002
  -8.0922141681970469E-003
  -6.3259046468508051E-002
  -2.0906767918872832E-002
  -4.0075682601164175E-002
  -4.6248232385984710E-003
   1.3131771215343717E-002
  -5.1652280969057534E-003
   5.4590416820456698E-002
   4.7302676147249346E-002
   4.0492281938482609E-002
   2.1226969092298972E-002
  -6.4536307744981994E-002
  -3.1006174946103991E-002
  -4.1605114401373551E-002
  -4.5683006160812265E-002
  -2.2606496597451977E-002
   1.3551733574752931E-002
   3.6793020411971591E-002
   4.1277599205029264E-003
   1.6790003990477483E-002
  -2.8453895233596382E-002
  -3.2164458882644686E-002
  -8.0232618586147358E-002
  -4.0321384586301696E-002
  -5.1247570980666832E-002
  -3.5925716936635765E-002
   5.8205444989640641E-004
  -3.1701610952279385E-002
  -1.3432096855509196E-002
  -3.4080947598477032E-002
  -3.9726612189060310E-002
  -7.5994589548009500E-002
  -8.4766960738967043E-002
  -9.3619666110472902E-003
  -6.4952076342953233E-002
  -6.2950578974166782E-002
  -4.0637991895833517E-002
   7.7981391428901172E-003
   4.5801600207325759E-002
   3.2638989381100755E-002
   3.4002381746508381E-002
  -9.1958806815444164E-003
  -6.2622544676043564E-003
  -8.1133005642853202E-003
   3.2595249922584196E-002
   4.4723704828426136E-002
  -3.2300728000241037E-002
   7.5162314471465652E-002
   3.3891092625028867E-002
   6.4443231015389971E-002
   8.3549704843357483E-002
   2.7347816615385486E-002
   1.7560622897647721E-002
  -4.3298203344295877E-002
  -7.5186681820218707E-003
  -1.7259427522049311E-002
   1.1466149768393231E-002
   6.3557147358613938E-002
   3.5010907188952119E-002
   5.6070991588171290E-002
   2.8378275729819172E-002
   4.6319191015491423E-002
   6.5726453453634676E-002
   3.0013911183814239E-002
  -2.9781762750385417E-002
  -1.9061220032543444E-002
  -1.3197775676598951E-002
   3.1906654737795482E-003
   8.4174000581533431E-002
  0.11992471906451171     
   8.5835322396493108E-002
   8.0344512125810674E-002
   5.2196619714389915E-002
   5.2225061394160069E-002
  -1.4374979819533288E-002
  -5.2799539257544742E-002
  -1.5283505454789965E-004
   1.9816518873976730E-002
  -2.9201865877114702E-004
   6.2154913734285493E-002
   2.7089758766383535E-002
   1.0043780535464451E-003
   2.0643118346071063E-002
   4.8504941690606868E-004
   1.6037908650948784E-002
  -1.5039096306201427E-002
  -7.0408550409185533E-002
  -5.6481821105143382E-002
  -6.3345110182680894E-002
  -7.1276669204350135E-002
  -5.0122129348445739E-002
  -2.7508868183696522E-002
   1.7860459107751598E-002
  -2.0160871798153325E-003
  -1.9861166632086810E-002
  -6.5472723169305580E-002
  -3.1530671722078941E-002
  -1.5750179872697150E-002
   1.8982844137691336E-002
  -6.5510159643851582E-004
   4.3396932001191170E-003
   2.2120662139360221E-002
  -3.7548983010184132E-002
  -2.7719257497042984E-002
  -5.8112330203145025E-002
  -7.3247647851481981E-002
  -4.5527611476105907E-002
 -0.11482105445611597     
  -8.9620291128814158E-002
  -3.0285394727697441E-002
  -2.1152990040096960E-002
   9.4899404362100842E-003
   9.1043525255058832E-003
   3.8888213696595932E-002
  -1.1761681296486158E-002
  -3.5563998452392283E-002
   1.5644649690442214E-002
  -4.1878131240679940E-003
   2.0222598982629944E-002
   5.3428478298124206E-003
   5.5526645646579303E-002
   7.1257236540767863E-002
   1.1682223688715821E-002
   1.4258527909715142E-002
  -1.2340352736434204E-002
  -2.6510257153130063E-002
  -6.8413390749112235E-002
  -2.6208771668977438E-002
  -7.4489298009693767E-003
  -2.2580047810676903E-002
   4.3636254808152808E-002
   3.5895077255888946E-002
   6.7398561190479180E-003
   3.5370340361560733E-002
   6.6326978315884022E-002
   1.6097861532435979E-002
  -3.7039026582126842E-002
   1.6006249457884705E-003
  -1.9480077185737861E-002
  -4.5651207795166585E-002
   4.1211774824433545E-003
  -1.7165616103105213E-002
   4.7206400450318237E-002
   2.0962285681960426E-002
   7.1401714011410780E-002
   6.4000170888169367E-002
   4.3934491646767755E-003
  -5.1215580246149178E-003
   6.6244470284854036E-003
  -3.6661404960333412E-003
   1.4355550479738913E-002
   4.2094492491290568E-002
   3.9156749645450253E-002
  0.10094893225698642     
   8.3748911059507533E-002
   5.8945095897318001E-002
   5.1739326488781594E-002
  -1.6941675055495858E-002
  -5.0821317974506369E-002
  -6.1382759682165076E-002
  -8.9089459046583594E-002
 -0.10467935894492299     
 -0.10503658022287599     
  -9.4908813042261897E-002
   9.5319055544364310E-003
  -1.1621269431322629E-002
  -4.1867976573439866E-002
   7.4506131124314401E-003
  -1.3493749953922995E-002
  -3.4334436578555144E-002
  -6.0378089736027700E-002
  -2.7941416651313562E-002
  -3.9197208134245071E-002
  -4.2550523313456552E-002
  -1.0521494032885379E-002
   5.8714795846251215E-002
   1.2781148895766418E-002
   4.7112191760121111E-003
  -3.4377000387024050E-002
   1.0456924979216223E-002
  -8.1732266053022834E-002
  -7.9760093056056622E-002
  -5.3837492691097021E-002
  -2.2175960149627225E-002
   5.8120230751956811E-002
   7.4470452038384913E-002
   5.7160852977242209E-002
  -1.5630646404489329E-002
  -3.0786415791667795E-002
   1.4710916986152015E-002
  -9.9057235183897419E-002
  -8.9543259258136332E-002
  -5.1247504474116086E-002
  -4.7247155816557931E-002
  -9.7447130991161583E-003
   2.7427788883453676E-002
  -1.9548679729170994E-002
  -4.4945964544393147E-002
  -4.3967865709289566E-002
 -0.11111022508340110     
  -9.8516367499249594E-002
  -7.1101389214634700E-002
  -7.1689586004052716E-002
  -1.9979497226309508E-002
   9.5159591438006121E-004
   1.8464878820506021E-002
   8.7396851274399751E-002
   2.6252514114151530E-002
   6.2914470544911047E-002
   1.4843499309745677E-002
  -8.6736465955706919E-003
   2.5853671637149987E-002
   8.4549044269925204E-003
   3.1515834458488219E-002
   1.8594451220830227E-002
   2.7028011700664444E-002
   5.4812800736258591E-002
   1.8469318762493071E-002
   1.3671449448448697E-002
  -2.2900144105752820E-002
  -4.8916985439350601E-002
  -5.4873000262458324E-002
  -4.0760982056970110E-002
  -4.4862496559216418E-002
  -3.2302644699378880E-002
  -1.0773648363461777E-002
   4.9322240045967886E-002
   7.5957213392937178E-002
   8.1538748972168631E-002
   7.5063899793519712E-002
   5.4538878899740767E-002
   2.1105896018503347E-002
   4.3819129467707524E-002
   3.2667072338030197E-003
  -6.1536068666677324E-002
   2.2985965466698541E-002
   5.9311843696567473E-002
   4.6636997235622910E-002
   1.9430584774039642E-002
  -1.0461386729527984E-002
  -1.2473072162521802E-003
  -2.6134417909273813E-002
  -4.5125914764897766E-002
  -3.0883114424066691E-002
  -2.7820248426166341E-002
  -4.2497963703225651E-002
  -5.6956152750242642E-002
  -1.3183536766643297E-002
  -5.9362228312642852E-002
  -6.4093412372604172E-002
  -1.9563689572232063E-002
  -3.0128128990801525E-002
  -5.8058906590440877E-002
  -5.9619476369654589E-002
  -3.5930151728707997E-002
  -5.1889755262071000E-002
 -0.13361945728064115     
  -9.4294531749725158E-002
  -4.6971959079708553E-002
  -3.4929356097453026E-002
  -4.9924777744694220E-002
  -5.7597735149697883E-002
  -2.1698462317927054E-002
  -6.5105487818660476E-002
  -9.3782754635767421E-002
   1.1964204041674862E-002
   3.4528530283969669E-002
   4.2132525377454183E-002
   2.7948643674563123E-002
   3.0627673827026664E-002
  -5.4543585136851522E-002
 -0.10282867320056283     
  -5.8514588104502954E-002
  -9.7097721724750952E-002
  -2.5247893640578407E-002
  -5.6889027680451752E-002
  -4.3555904224160322E-002
   2.5599948346637553E-002
   1.7975342817778874E-003
   5.4399287172762288E-002
   2.4172343305132470E-002
   1.2557754432035341E-002
  -3.5695891699559994E-002
  -7.7739260780747638E-002
  -6.9065659525761686E-002
  -3.1471801771331270E-002
  -4.3051727507761955E-002
  -2.7868386535220408E-002
  -2.7676232560724937E-002
  -1.8640809568118349E-002
   2.2629221966040117E-002
   4.2907993366405592E-002
   6.9119823316723681E-003
  -4.7971305574724026E-003
  -6.5814337764411299E-002
  -6.4344630419151130E-002
  -4.3152082693621141E-002
  -3.9268083919951347E-002
   6.5373196043975151E-002
   9.7937922981452444E-002
   8.1219424630159173E-002
  0.11267781866159056     
   7.0521069756274396E-002
   3.9925955167732889E-002
   4.6247534193919491E-002
  -1.1414164448982670E-002
   3.1127843500145785E-002
   3.0384536871350593E-002
   2.3869271505744413E-002
   7.7743841632231248E-002
   6.5919365736801974E-002
   5.5458144712696812E-002
  0.10418553655181201     
   4.6310925459481546E-002
  -4.5364499078138429E-003
   5.6097887905908654E-003
   1.1089022694397157E-002
  -3.9169750154532522E-002
  -1.1853020655321667E-002
   8.0833186945360097E-002
   5.8058890564575867E-002
   5.3984408115689504E-002
  -1.7387348665881559E-003
   3.7979482727092007E-002
  -3.5209977039676495E-002
  -3.2993977808932130E-002
   6.1002461572036148E-003
  -2.3298873530116098E-002
  -6.6387628727373549E-003
  -4.7912554284246858E-002
  -2.9861300171792487E-002
  -4.6443401072480649E-003
  -9.4061453618764432E-002
  -3.5230322958319620E-002
  -7.8461778078126820E-002
  -7.5622320705673290E-002
  -4.9287919483658030E-002
  -1.9611398068637438E-002
   6.7596556906017458E-003
  -6.1767844615345194E-002
  -5.2005274631207335E-003
  -1.3561380313177453E-003
   3.8174682296048257E-002
   2.2682189955079608E-002
  -6.3219539105973346E-002
  -9.0533065989666459E-003
  -4.6143201017396378E-002
  -7.8570821361486479E-002
  -5.3683621140935618E-002
  -2.8734221647127769E-002
   1.0541417347037242E-002
   5.5023640725412335E-003
   3.6487972689550584E-002
   4.4260438547876445E-003
  -4.8305583480292555E-002
 -0.13208764583593338     
  -7.9953537015419809E-002
  -2.9858108045267149E-002
  -7.5797425378047317E-002
  -4.2078211432431907E-002
  -5.2672196599723740E-002
  -1.4751699257415363E-002
   3.4301246632354801E-002
   7.5442956930720173E-002
  0.12139508948071098     
  0.10753167033625792     
   3.7631149875027650E-002
   3.1536954455398711E-002
   4.1029498961554618E-002
  -5.4294324183570084E-003
   3.4696277899060615E-002
   5.7418174202674296E-002
   8.0963821168703584E-002
  0.14080705840104654     
  0.12726693385157006     
  0.12340954424194690     
   8.5782450461010698E-002
  0.10553401377227524     
   3.5262700744799917E-002
  -2.1068037943489204E-003
   4.6530530597500404E-002
  -1.8753309658234959E-002
   1.4906723353575416E-003
  -6.8834668084300143E-003
   3.3987099787415126E-002
   5.5341377189682704E-002
   3.3783799627016935E-002
   4.1376105267225322E-002
  -8.1525640013146549E-004
   3.7421995583096036E-002
  -1.7819966718169142E-002
   3.7964278126055503E-002
  0.11851546300712584     
   6.6214147192092010E-002
  0.15089287385838521     
  0.10142034957740496     
   8.1821154619233505E-002
   8.5810483693387812E-002
  -6.2917581022046316E-003
  -2.1447724513993949E-002
  -8.9183835757076210E-002
  -3.8572481192882063E-002
  -1.6032573053733394E-002
  -1.8598778298403902E-002
  -6.6213406064286268E-004
  -5.2797141965364565E-002
  -7.7755663660424744E-003
  -8.9030096644269419E-002
  -9.3831207765242855E-002
  -5.6407923813396751E-002
  -3.4234765198365852E-002
  -5.0478682692991265E-002
  -7.3159356950546831E-002
  -4.9919866790782433E-002
  -9.0623280658049907E-002
  -1.3899307638457247E-002
  -3.0323517587381884E-002
  -2.0979220766583699E-002
  -5.0568007990213451E-002
 -0.14237243358594681     
  -9.5124501043514206E-002
  -9.1439248439725035E-002
  -5.5524987231493177E-002
  -5.4723066678335361E-002
   7.1986536001690735E-003
   3.4270391471732060E-002
  -9.4970550795064768E-003
   2.4900530554267025E-002
   2.5423161467111106E-002
   2.8962898642147721E-002
   1.9206741660766510E-002
  -2.8169487950122991E-002
   3.2403260998551550E-002
   3.9863821482192002E-002
   7.3535432386318114E-002
   6.7823243922010362E-002
   6.9378629648049042E-002
   4.4036086265847778E-003
   5.5107603803254378E-003
   5.3399194895088840E-002
  -7.4232752336185925E-002
  -3.5542171322786011E-002
 -0.10089887176475409     
  -4.5898536012786852E-002
   1.0460108759359347E-002
  -1.5000560937506474E-004
   6.5299911662732232E-002
   7.2423495467868013E-002
   8.2939799423436558E-002
   8.4900263479225826E-003
   6.1713672401862575E-002
   2.1768047949708054E-002
  -2.7029426112719140E-003
   7.0163357108381008E-002
  -2.8624279938876132E-002
  0.10415606948936672     
   7.7097509082095492E-002
  0.12334692536897060     
  0.13137057469508470     
   3.5859135814306976E-002
   9.3571306318374584E-002
   1.0205088541144507E-002
   1.3971407762321528E-003
   3.4005561567805057E-002
   7.1708333166814450E-002
   8.7829870757091144E-002
   3.1261343673782235E-002
   7.9841093620895198E-002
   7.7469693084082011E-002
   8.2528835506393380E-002
   6.8213588748816723E-002
   2.9399933608788512E-002
   1.3407611028281257E-002
  -9.6675337568337943E-003
   1.0753135877023964E-002
  -5.7218811130721609E-002
   2.6512934639892761E-003
   3.5746931011190107E-002
   6.6945731307298650E-003
   8.9740750729871380E-002
   1.0160538362988516E-002
  -1.8921250866776054E-002
  -5.8805057059576997E-002
  -3.8882869575777773E-002
  -1.9391622221176474E-002
  -1.5588755006380225E-002
  -1.8194994533837871E-003
  -5.6319195573388495E-003
   6.0900725125928437E-002
  -3.8361013875562934E-002
  -5.0302106222537488E-002
  -4.3827998100085440E-002
  -7.7478485736984001E-002
   1.1150794615146630E-002
   3.1250423691821967E-002
  -1.9201150107471147E-002
  -1.6878936993664297E-002
  -6.7780843989669439E-003
   1.8714647889348995E-002
   5.9733758631490656E-002
   8.1699955828131748E-002
   3.6573563825797830E-003
  -3.2535424599804005E-002
  -6.9041538883616055E-002
  -9.2969569231782494E-003
   6.4166636788998586E-003
   3.7518442573565873E-003
  -8.5615281910516542E-003
   4.2220929698297320E-002
   8.4350090828119492E-002
   9.3789545437232155E-002
   2.9567085855737633E-002
   3.1793404237114423E-002
  -9.7300337120295996E-002
  -6.8713031181128509E-002
  -5.6489110982387507E-002
   4.9468274728996404E-003
  -6.6504261488257568E-002
  -3.1290098134376859E-002
   7.5358136594605336E-003
  -1.4938886507585221E-002
   5.8489002249468069E-002
  -4.0981572948770081E-003
  -9.3857930427808049E-003
  -3.8317259590115463E-002
 -0.13939871694955056     
   1.0480112946832531E-002
   7.4768275000261040E-003
   4.2142932766797821E-002
  -2.4876696804909875E-002
   3.2438408126495497E-002
   6.2729942332931873E-002
   3.2175007662985707E-002
  -1.3804685353689557E-003
  -6.1290961743926543E-004
   2.9161875375988865E-002
   1.8439796579190013E-002
   8.2237597497959345E-004
   2.2255317711864404E-003
  -3.1025558082983348E-002
   3.9392025484086345E-002
   2.3014981597720960E-002
   2.3105579550735399E-002
  -2.3353506034797882E-003
  -3.0562636689345817E-002
   2.6236857730294830E-002
   8.9640972671067055E-003
  -7.1557199368608826E-002
  -2.6346167642174931E-002
   6.3430600518666044E-002
   9.0148894102774879E-002
   5.4046640113634650E-002
   2.2568394269628162E-002
   2.5396496650151940E-002
   3.6736736201472567E-002
  -8.8377419795733977E-003
   5.0017688386895846E-002
   6.3789718644846033E-002
   5.5047286732180213E-002
   1.3212962917578008E-002
   2.3009442025049422E-002
   4.5733662538529930E-002
   2.5675844272256818E-002
   2.8902717582337478E-002
  -6.6277169899198796E-002
  -1.7654428835744671E-002
  -7.8647491344020118E-002
  -1.7961159393883704E-002
  -2.2469108797447873E-002
  -3.8780801611431104E-002
  -6.6985411404671416E-002
  -6.6706895017145301E-002
  -3.7136113163464483E-002
  -3.3895101419694346E-002
  -8.7432947077315082E-002
  -2.9415344730987350E-002
 -0.12797500135503218     
 -0.10566870200313200     
  -9.5467141355952037E-002
  -5.1109766738416544E-002
  -1.8208143200241892E-002
  -2.6054914128231382E-002
  -6.8467216908952272E-002
  -1.4229545450117859E-002
   3.9997201267885580E-003
   1.7032466282890354E-003
  -6.5974592785656483E-002
  -4.9402508407391424E-002
  -8.3895221048385107E-002
  -3.3793608384898824E-002
  -6.6830418167806924E-002
   5.2631562850912604E-002
   9.1959357706311931E-002
   5.0199377353128766E-002
   1.6951165362990246E-002
   5.2031075942116589E-002
   1.4372950075564401E-002
   2.4969433801033829E-002
  -1.8314617022668244E-002
  -2.1407066536990451E-002
  -3.2325034055190549E-002
  -8.8805248918426991E-002
  -3.1072151159555472E-003
  -1.0431461943200149E-002
  -3.9855937048221157E-002
  -4.8560584297283549E-002
  -2.8412858978829874E-002
  -3.9550333538928582E-002
  -3.6146044938465398E-002
  -6.4151745634333832E-002
  -7.1250620371949749E-002
   4.1932581391944279E-002
   6.2959140917642667E-002
   9.3080552270374289E-002
  0.13222646865040363     
   8.6076490345946471E-002
   5.2817221541259979E-002
   7.8466849114162490E-002
  0.11613575510363300     
   9.4864848038406252E-002
   1.6369061590479864E-002
  -1.2246156065881697E-002
  -1.8654225834270559E-002
  -4.4357021158486248E-002
  -1.2092804728732051E-002
  -9.1857156961616185E-002
  -4.0258196953417473E-002
  -3.5447281922299977E-002
   1.8668806483274337E-002
  -1.6401057431849254E-002
  -5.8827124833202286E-002
   6.5979295442725905E-002
   5.2855987634444927E-002
   3.4620078781842888E-002
  -6.4074751259154419E-002
  -1.3302068968862055E-002
   2.3730822320910606E-002
   5.6489630542655753E-002
   9.4299513708442098E-002
   2.5775203463186954E-002
  -2.9207202031459937E-002
  -5.6773096871512427E-002
   1.2535684586096916E-002
  -3.4895447688852964E-002
   1.7389841512186952E-002
  -2.8454466221970610E-002
  -2.3705051816771745E-002
   2.1785774117004511E-002
  -6.0952311526574890E-002
  -5.2706697628451253E-002
  -4.4670841577610393E-002
  -4.7192711572545329E-002
  -7.4997395489985269E-002
  -8.1731981017036326E-002
  -3.8419113238390888E-002
  -3.1809660516257492E-002
  -2.7416680493392478E-002
  -9.5427984688194328E-002
  -3.2770080169882712E-002
 -0.11227794198028600     
  -7.7531876760971175E-002
  -6.2962121842692079E-002
  -6.7670648488389745E-002
  -1.5375966777309206E-002
  -3.1439022908526307E-002
  -3.2094004419189470E-002
   3.0935295390776451E-002
   4.2198486531601085E-003
   2.6650131861879367E-002
  -4.5912757899422625E-002
  -2.4441422256348037E-003
  -4.3706662521218492E-002
  -5.5608160581663152E-002
 -0.10001482679878403     
 -0.12985293644373760     
  -3.6221013488821743E-002
  -4.4090413508671225E-002
   6.2642238348856174E-003
   3.0005511324832836E-002
   4.0044976815845477E-002
  -1.7405950270112557E-002
  -6.1619658284089419E-002
   2.2171994083142250E-002
   4.9039558091341084E-003
  -2.7648191704490580E-002
   2.5756660949013816E-002
  -1.3170368031872626E-002
  -1.2153435609979477E-002
   5.4031472486015822E-002
   2.8569498258948518E-002
   9.0378370140199019E-002
   3.5470247334695233E-002
  -2.5774520246508920E-002
   8.1304288046621556E-002
   5.3196105789140781E-002
   8.3429864295865339E-002
   9.2313448869174780E-002
  0.17916369436103768     
  0.15168426720954950     
   9.6726636868692747E-002
   1.4645466881236770E-002
   9.9750091680802622E-002
   8.9612003052228370E-002
   6.4165167641064932E-002
   6.5119270623155853E-002
   6.6255079913962456E-002
   5.8684226808812572E-002
   3.4236694011922635E-002
   5.7438422281018940E-002
   9.7694192936913463E-002
   3.6298343344692056E-002
  -2.8208891353240197E-002
 -0.10774152306948255     
  -5.7369537411817960E-002
   1.9564542172275028E-002
  -3.8270388960267618E-002
  -2.9308188178139145E-002
  -3.3791562545693835E-002
  -9.8505368866635593E-002
   3.0921342596064470E-002
  -3.9317496212346467E-002
   1.2729242915834613E-002
  -3.7027723881177692E-002
  -2.6635212911609901E-002
   1.0597947724011653E-002
  -4.8853163161193588E-004
  -5.8138266003421084E-002
  -2.4568581402026946E-002
  -2.5507889223202216E-002
   2.9033499918783047E-003
   2.8740129056026388E-002
  -8.5788028993120394E-002
 -0.15541387274602486     
 -0.19954536681453713     
 -0.25307561405332069     
 -0.15448034257282078     
  -9.9068368758098727E-002
 -0.10992564302314534     
 -0.17669616399729274     
 -0.11813264438192095     
 -0.10503136588907178     
 -0.14417377484309529     
 -0.16195270631315345     
  -5.8150734344910450E-002
  -3.4486669052380188E-002
  -2.6339426641190614E-002
 -0.10165802644448572     
  -9.1267185122732714E-002
  -1.8945866901718802E-002
  -3.1955605124697757E-002
  -9.8927054618317287E-002
  -8.4751997676234033E-003
  -7.5102469879402226E-003
   2.4618715423902145E-002
   9.9659832088523498E-002
  -9.2757100870885633E-003
   2.2641879861278393E-002
  -1.5100159443601664E-002
   1.3309799118008753E-002
   5.7568114359092051E-002
   7.5102785324281815E-002
  0.13840213803523421     
   9.0917889468670784E-002
  -1.4987364811940445E-002
 -0.12123707878693779     
  -7.4548876727139488E-002
  -7.3696797107967602E-002
   2.3045881281363201E-002
  -1.6820981613113583E-002
  -6.7543561545582623E-002
   3.4131007370114493E-003
  -1.9001161714740141E-002
   2.0266759688205342E-002
   3.9988667727645220E-002
  -8.5253611863351144E-003
   6.8099541111683185E-003
   6.3884703596627124E-002
  0.10674315326200554     
  0.14824358805707177     
   4.6177109557814462E-002
   4.9651292894536493E-002
  0.12849332463116550     
  0.14085596628860222     
  0.12389344019239439     
  0.11416454829577123     
   9.7393458678440611E-002
   7.1016103722763194E-002
   7.3834065438609306E-002
   6.2600845095451926E-002
   1.3508969745934959E-002
  -4.0260396375882322E-002
   5.7854050035571453E-002
  -3.7197234932245880E-002
  -6.5658793857541350E-002
  -9.4253293801269317E-002
  -1.9496239802884149E-004
  -6.2582535360049679E-002
 -0.16635918327935573     
 -0.16612147585076620     
  -8.1761268665092660E-002
   3.4960226002060564E-002
   5.0324058861064974E-002
   7.8609763133108794E-003
  -2.5724368294247901E-002
 -0.20593902038373649     
 -0.11923219287117136     
 -0.15161862895498487     
  -7.8681012573846493E-002
 -0.19414603382408510     
  -8.9114686704956300E-002
 -0.15168858164829574     
 -0.15160400674836133     
  -6.5384897040522583E-002
  -4.1545864808598218E-002
  -3.1927386608250598E-002
  -5.0677513112772736E-002
  -8.1487134493287955E-002
   9.2657677117842160E-002
  -8.9320929360242767E-005
 -0.15184557424009998     
 -0.11762307686008433     
   6.4876774461480727E-002
  -1.0516948768003176E-003
  -5.5525988456201360E-002
  -2.8068632218859607E-002
  -1.1365666104110909E-002
  -8.3685301693448098E-003
 -0.14878872374248134     
  -8.5467726523358892E-002
  -1.3202718569886395E-002
   3.0137866293456380E-002
   2.6864521828463994E-002
   1.2948098552594189E-002
  0.16587827873432232     
  0.11747184373741890     
  0.15184719870460864     
  0.18575593982759281     
  0.10703860406468088     
  0.19357726788792046     
  0.11984952278229234     
  0.19327341493583644     
  0.12125627349597079     
  0.12621175107177601     
  0.15192104235096973     
  0.24425239484303202     
   7.0667626261831110E-002
   7.6129269719904080E-002
  0.16479837370464628     
   7.4794281729239714E-002
  0.12244947094405512     
   8.4348756225045753E-003
  -8.5396453467128403E-002
  -6.6399792702016111E-002
  -9.8938253073931989E-002
   3.9526433959962567E-002
  0.11006503661201998     
   9.5453715739099027E-002
  -5.5375484638620277E-002
  -6.4033828978998467E-002
 -0.10476209707181730     
  -2.5270813836292896E-002
   2.5984566728822905E-002
  -7.5169332618028162E-002
  0.18575095291975249     
  0.20528325696467062     
  0.14255435635265040     
  0.16919158067538073     
   3.5319838066264632E-002
   1.9688955844963711E-002
  -5.1041462440984377E-002
   5.8991191672458240E-002
  0.13709359910795807     
  0.20761658762245522     
  0.16484724734299494     
  0.12900447109256738     
  0.14928465305965716     
 -0.12190135195022438     
 -0.11508009589019037     
  -7.5265594290092136E-002
  -8.0203530658913225E-002
  -9.5597910788982388E-002
 -0.15265812161765688     
 -0.11562589860830082     
 -0.24097695992358259     
 -0.11726351211306371     
 -0.13689300831514170     
 -0.10305728175755631     
  -5.1432972588710192E-002
  -9.9471288963185620E-002
   7.6688401414970030E-003
 -0.11984435882786935     
 -0.11390449133224066     
  -9.7194343477524398E-002
  -4.0213978389291957E-002
  0.20448338093700760     
   5.2780019152668084E-002
  0.12873190905245488     
   8.0996532373325353E-002
   7.7262028154418275E-003
   6.5572017042161951E-002
   6.9721623333547617E-002
   1.0040245698600814E-002
  -2.8570453774058355E-002
  0.14036089107490435     
  -4.0071933626127314E-002
  0.14083859099675661     
  0.12449072858737613     
   2.6012638811446331E-002
   3.7437427835355516E-002
 -0.29144121962418046     
 -0.11220922910444096     
 -0.13806615837079389     
  -1.1238029152178515E-002
  -3.8006026028136056E-003
  -3.8376025584733478E-002
  0.10034463160128482     
 -0.11289595370968465     
  0.13972065463859390     
   3.4458572566630319E-002
   5.7663891944364373E-002
   5.6590018883299585E-002
 -0.11584521535435646     
  -6.3501580881837258E-002
 -0.14213072433221627     
   3.0586877469704035E-002
  0.17415620555251488     
  0.16081440355153062     
   6.1964992242750233E-003
   6.0668335276222694E-003
   9.7505422579664935E-002
 -0.30237693521660142     
 -0.21182000859173614     
 -0.12712824874259940     
  -9.9221016116535485E-002
   4.0343518649722764E-003
 -0.26411697352001351     
   3.7915271361778871E-002
   4.6860005910171781E-002
  -5.1043384173039823E-002
   2.9279726676447487E-002
 -0.16489938579199803     
 -0.13872453014342315     
  -8.3763910089093216E-002
  0.22950736745829389     
  0.29473934954194464     
  0.31016458775613115     
  0.23597325967695001     
  0.15292921428211598     
  0.16832991916819523     
 -0.14139015633551158     
   3.9911906075566453E-002
   4.5011707317348465E-002
   3.6867793677345280E-002
  -5.5601202944926667E-002
  -3.0096478536521372E-002
  0.25580303096237911     
  0.22472627865787198     
  0.30663821430692739     
   2.3140772714598880E-002
   4.7374214681496808E-002
  -8.5593415826752985E-003
 -0.30055035683937120     
  -6.0287401280274031E-002
 -0.24239851584878369     
 -0.24221271751689705     
 -0.18558333885977285     
 -0.29307371269880461     
 -0.36336345765008438     
 -0.32001004782182635     
 -0.19161317199633990     
   1.4786569986195073E-002
  0.34931755793774971     
  0.10864470030240746     
  0.55547404153016366     
  0.54733359370833745     
   6.8424703804931984E-003
  0.44877495915103433     
  0.33018655007790915     
  0.50030452557651528     
 -0.21595483291826853     
  -1.1347845214558805     
 -0.40948442605664331     
 -0.65595367413527561     
 -0.18246385478133800     
   1.0178027708999606     
  0.62575177395089043     
