  0.32036753752747560     
  0.33648120128828080     
  0.32632216394733193     
  0.32305123521303625     
  0.34027076013528035     
  0.34074174287989251     
  0.31158193788309430     
  0.33011683100163924     
  0.33714570361021157     
  0.34769367900064563     
  0.31283316233577246     
  0.33315260662991203     
  0.32849109489979705     
  0.31264152314061677     
  0.34274961790761682     
  0.33379461724507248     
  0.31744708230173396     
  0.32172507411042928     
  0.31888208943412516     
  0.32627851567075894     
  0.31943186749510966     
  0.31577580763241875     
  0.31865153850049160     
  0.34120558672576495     
  0.32881698796319420     
  0.33604319019931655     
  0.35573198231814340     
  0.33353576296656356     
  0.32879036166742337     
  0.31270385116401972     
  0.35334056965866240     
  0.34344544772536889     
  0.31266753826008464     
  0.35200663047726288     
  0.33096578186881681     
  0.34455727441725403     
  0.35955346933352184     
  0.31932206676217251     
  0.32897857193336211     
  0.32417535503761519     
  0.33670084973563719     
  0.31903911712384714     
  0.31829303012089027     
  0.33837357915191174     
  0.31526467579174949     
  0.33951530928242740     
  0.33374496309722346     
  0.32347740028279831     
  0.35928343685953573     
  0.32817638397853921     
  0.32086773232147614     
  0.33202383703338945     
  0.32755767272639991     
  0.31082269593202627     
  0.32814141452936174     
  0.31259027939538758     
  0.33301806577600146     
  0.32843757240254723     
  0.31778739965043207     
  0.32867341008950751     
  0.33440202817381265     
  0.33573808323245041     
  0.31611353052590924     
  0.34177781724371137     
  0.31822821974671067     
  0.32661084171562071     
  0.32958830904964143     
  0.32529717322568552     
  0.32634617086640888     
  0.32414083832652418     
  0.31197713492494011     
  0.29129285130306182     
  0.33129023849219857     
  0.31775784664348206     
  0.30791803531619255     
  0.32470827651299017     
  0.33599129218898532     
  0.31070543668869816     
  0.31809295661573206     
  0.33724886178313074     
  0.33723070686777235     
  0.31277842925999966     
  0.31904844375447566     
  0.32509656923711061     
  0.30274816155568884     
  0.31939754446189472     
  0.33222964061357946     
  0.32636169148919492     
  0.31472632408796136     
  0.32520994650059126     
  0.32958452713288516     
  0.31639366026387028     
  0.31272343878903730     
  0.34789840043359044     
  0.33486467074965015     
  0.32663628557863528     
  0.29790380688916313     
  0.33389324563425510     
  0.32694316935398904     
  0.33782343524416808     
