   1.0000000000000000     
  0.41959216012143596     
  0.13119553060232522     
   8.0769601427340174E-002
  0.14844869924998319     
   5.8231602435273061E-002
  -2.2087402420933006E-002
   3.5910155149528979E-002
   1.7408683403617564E-002
  0.17929717580472493     
  -1.6128795934791874E-002
  -7.7253730427664064E-002
 -0.11337568997755830     
  -6.7166415421903394E-002
   7.0949519233532765E-002
   8.8990671701730847E-002
  0.19355332368603489     
   4.0711482204258610E-002
  0.18811941584194639     
 -0.10029526016152603     
 -0.18193010974578519     
  -5.7222987842248357E-002
   6.2223426923458031E-002
   3.6459909586822589E-002
  -5.4162721949891211E-002
   9.7980956489169019E-002
   2.8410377869161826E-002
   2.1153814889451970E-002
 -0.22164564796738037     
 -0.19320786741861282     
  -3.9418652961608770E-002
  -7.6351826102282846E-002
  -6.1343212830417063E-002
  -9.5313673214987779E-002
   7.9279230414995017E-002
 -0.14564528724183473     
  -9.7383196218368551E-002
 -0.10046577620290335     
 -0.11625825548162327     
  -5.9833293411145322E-002
  -3.2022240962443896E-002
   1.6789180577489102E-002
  -8.3768297340492195E-002
  -6.1316360821968554E-003
 -0.12899315685314142     
 -0.16150982127913732     
 -0.19751625922407690     
 -0.10541862143048202     
  0.12046863801838360     
  -1.9020998678604983E-003
  -4.3832393147315877E-003
  -1.9020998678604740E-003
  0.12046863801838352     
 -0.10541862143048200     
 -0.19751625922407695     
 -0.16150982127913729     
 -0.12899315685314147     
  -6.1316360821968043E-003
  -8.3768297340492182E-002
   1.6789180577489099E-002
  -3.2022240962443903E-002
  -5.9833293411145301E-002
 -0.11625825548162330     
 -0.10046577620290335     
  -9.7383196218368578E-002
 -0.14564528724183481     
   7.9279230414995003E-002
  -9.5313673214987765E-002
  -6.1343212830417021E-002
  -7.6351826102282874E-002
  -3.9418652961608770E-002
 -0.19320786741861279     
 -0.22164564796738034     
   2.1153814889451936E-002
   2.8410377869161830E-002
   9.7980956489169060E-002
  -5.4162721949891253E-002
   3.6459909586822568E-002
   6.2223426923458038E-002
  -5.7222987842248392E-002
 -0.18193010974578508     
 -0.10029526016152605     
  0.18811941584194633     
   4.0711482204258645E-002
  0.19355332368603489     
   8.8990671701730847E-002
   7.0949519233532807E-002
  -6.7166415421903436E-002
 -0.11337568997755833     
  -7.7253730427664147E-002
  -1.6128795934791919E-002
  0.17929717580472496     
   1.7408683403617578E-002
   3.5910155149528958E-002
  -2.2087402420932965E-002
   5.8231602435273054E-002
  0.14844869924998322     
   8.0769601427340160E-002
  0.13119553060232525     
  0.41959216012143596     
