   1.0000000000000000     
  0.16624808829499702     
   8.3880933996739612E-002
   6.6689222443440055E-002
 -0.10085103204203759     
  -6.6459359128659301E-002
  -5.0214240640059984E-002
  -5.2992345417690150E-002
   1.6560877684603577E-002
   8.5295105247558900E-002
  0.14747572604541412     
  0.14450208714546242     
  -7.8580235447393926E-002
   8.4816772990336006E-002
  -2.5328031873091073E-002
 -0.26520277053809682     
 -0.15276647598813350     
   7.0633004587272480E-002
   9.1246131532266822E-002
  0.19406146831782234     
   5.7356993827604910E-002
   2.3694865413769407E-002
  -2.7802184589081094E-002
  -6.3043458172957201E-002
  -5.1548336164650842E-002
  -8.8736734832465053E-002
  -8.0926065038829570E-002
  -1.1804344594757437E-002
   8.6283173501871424E-002
  -9.3796667093679481E-002
   5.7228887405134217E-002
   3.9884404351749496E-002
  -4.7934871940975142E-002
 -0.10964314160983922     
 -0.14764465207969329     
  -3.1117224015272876E-002
  -6.4603506463077789E-002
  -2.9269293377341528E-002
   6.2038007042718481E-002
   3.6809508994110197E-003
  -4.0659975443575885E-002
  0.11627340269160817     
   1.3475034636700993E-002
  -4.2695986139980074E-002
   8.5947172687255574E-003
   5.1843422936886985E-002
  -3.0813531388982105E-002
 -0.20870132230656915     
  -4.5696947335261411E-002
  -8.4116842577562773E-002
 -0.15762740404475861     
  -8.4116842577562606E-002
  -4.5696947335261390E-002
 -0.20870132230656907     
  -3.0813531388982112E-002
   5.1843422936886992E-002
   8.5947172687255990E-003
  -4.2695986139980074E-002
   1.3475034636701013E-002
  0.11627340269160813     
  -4.0659975443575920E-002
   3.6809508994110085E-003
   6.2038007042718502E-002
  -2.9269293377341535E-002
  -6.4603506463077831E-002
  -3.1117224015272896E-002
 -0.14764465207969335     
 -0.10964314160983922     
  -4.7934871940975114E-002
   3.9884404351749496E-002
   5.7228887405134168E-002
  -9.3796667093679481E-002
   8.6283173501871438E-002
  -1.1804344594757463E-002
  -8.0926065038829570E-002
  -8.8736734832465067E-002
  -5.1548336164650883E-002
  -6.3043458172957173E-002
  -2.7802184589081118E-002
   2.3694865413769400E-002
   5.7356993827604980E-002
  0.19406146831782228     
   9.1246131532266780E-002
   7.0633004587272466E-002
 -0.15276647598813356     
 -0.26520277053809688     
  -2.5328031873091069E-002
   8.4816772990335992E-002
  -7.8580235447393940E-002
  0.14450208714546237     
  0.14747572604541409     
   8.5295105247558900E-002
   1.6560877684603584E-002
  -5.2992345417690184E-002
  -5.0214240640059943E-002
  -6.6459359128659343E-002
 -0.10085103204203756     
   6.6689222443440055E-002
   8.3880933996739654E-002
  0.16624808829499704     
