   9.7567222940915480E-002
   9.4045832069648033E-002
   8.3221389105017043E-002
   9.5027406089516181E-002
   9.4636218568850225E-002
   9.1296504520692934E-002
   9.2693415107681879E-002
  0.10692899200875980     
   9.0216481494573911E-002
  0.10438347752122376     
   9.8214011462157080E-002
   9.4159372920184350E-002
  0.10007225977937283     
   9.3630987448029723E-002
  0.10830651191121068     
   7.6652882605558886E-002
  0.10695416243341091     
   8.7028218732178572E-002
   8.9519435828148960E-002
  0.13162620412609077     
   8.2134267247366097E-002
  0.11023386384504788     
  0.11443973465180657     
  0.10769021931298539     
   8.4829037052412959E-002
   9.7716654733858321E-002
   9.6076265490778828E-002
   8.3779298731596272E-002
   7.4042506024141835E-002
  0.10986969855503907     
  0.10453640804062364     
   9.7787712975503108E-002
   8.8503572389593513E-002
   9.8101649936007868E-002
  0.10335432407824029     
   9.0135698024427016E-002
   9.9563088034094582E-002
  0.10472064975009655     
   9.1981213047012400E-002
  0.10080141758988574     
   8.5423366959226366E-002
   9.6753684978312327E-002
   9.7805380995623248E-002
   9.7704583160661301E-002
   9.6465765683719992E-002
  0.11374657893337436     
   9.5664239814363144E-002
   9.1256401274244836E-002
  0.11522526389082254     
   8.2496329917266159E-002
  0.11201630257880547     
   8.4733151556175321E-002
   8.6418325518913083E-002
  0.10608525721144788     
  0.10451025377272878     
   7.9665665407907302E-002
   9.2171724953600223E-002
   9.3816807993818974E-002
   9.9613003687535784E-002
   9.4202741839492704E-002
   9.0842807770778827E-002
  0.11062249239828760     
   7.7339926528796024E-002
  0.11306233302394623     
  0.12611727131579500     
  0.12862899985375661     
  0.10002034178546285     
   9.7794305448928184E-002
   9.5355820111782646E-002
   7.4796490845843555E-002
  0.10371678146512744     
  0.12289308464526719     
   9.7790956148534336E-002
   9.5361767250660520E-002
  0.10105126199838109     
   8.8493275994232096E-002
   7.9996898702271377E-002
   9.3943308508285611E-002
   8.2608030415288858E-002
  0.11489247243248754     
   8.7294190424759693E-002
  0.10528073147245642     
  0.11154660345356870     
  0.10597839274351412     
  0.11914610592820910     
  0.11420079580654441     
   9.0843003882998583E-002
  0.11002546999306415     
   7.0788189666122381E-002
  0.11197427920047061     
   7.8612839067822932E-002
  0.11029446894273792     
  0.10394654050633613     
   9.2524113684679832E-002
   6.6688488249349379E-002
  0.11295915309551034     
  0.10265313371024536     
   9.0873738411161656E-002
  0.10449050801591635     
   9.5495667138955909E-002
