  0.99899999999936551     
  0.23702068838098050     
   7.0260578324840714E-002
   4.9563554913678386E-002
  0.10036034628049507     
   4.9507553638866017E-003
   2.2326050316389696E-003
   2.6129356002990906E-002
   1.7700533694832005E-002
   1.7516027880292910E-003
   3.2809023359935865E-002
   9.1622130582210450E-003
  -1.5056605917673842E-002
  -4.1619544756842361E-002
  -6.8926551215016202E-002
  -6.2054845261348704E-002
  -2.1497827786529956E-002
   3.2634552332782361E-002
   3.0836095859416050E-002
   6.2832973015878577E-002
   6.1638852536110801E-003
   1.3495444689313721E-002
  -2.4636374377347049E-002
   1.5982996389808560E-002
  -1.7061599730459873E-002
   4.5714665886478927E-002
  -1.4079564811269582E-002
  -1.7373981213298646E-002
   9.3447647154935622E-003
   4.8388473037156772E-002
   2.7610882371777563E-003
   6.1148083238494614E-003
   1.5782831805183667E-002
   1.0080428421772989E-002
  -5.4455370535493153E-002
  -3.1740136420550971E-002
  -4.5261035661853782E-003
  -7.6815833466122377E-003
  -8.5569649490993029E-003
   1.4361210851959211E-002
  -2.2805401002450616E-002
  -2.4858220523063169E-002
   2.0303166205001045E-002
  -2.8320478232311632E-003
   3.1268028063045780E-002
   2.1633965600455669E-002
   4.7438290322209788E-002
   2.1429486856001927E-002
   4.9677252606990477E-002
   4.4536591630972559E-002
   7.5082260775646739E-002
   9.0964929872722103E-002
   2.4505115019686791E-002
   9.5160060068690145E-003
   2.7619312440780794E-002
   3.0187904961673465E-002
   3.3759842895236140E-002
  -1.2365294876521065E-002
   3.1571144124415938E-002
   2.1952178845729264E-002
  -4.0914247392543450E-002
   3.5061684466657708E-002
  -4.2029372733801418E-002
  -3.2937036922168185E-002
  -5.2754168314524848E-003
  -4.5346959079723366E-002
  -1.3250701398052967E-002
   3.4977301640635250E-003
   4.7244651435157728E-002
   2.5358204599022483E-002
  -2.4899034189288533E-003
  -2.5508353733042541E-002
  -4.8357067409747032E-002
  -4.1401257560918094E-002
   2.4704144405969124E-002
   1.2015496425125576E-002
   2.9843028490367605E-002
   1.2705975473353786E-002
  -2.3538109441488582E-004
  -2.7360183183091032E-002
  -6.6589535495665481E-003
  -1.2340507814638016E-002
  -6.2519082277241581E-002
  -5.2744780633406353E-002
   2.8537340209058462E-003
   1.3304827875139966E-002
   1.5333346285145027E-002
   1.4956857604462387E-002
   1.3037456114471952E-002
  -2.4527906597574124E-002
  -2.5256783014218007E-002
  -5.1660530518036686E-002
  -3.8905016183615790E-002
   1.0874988594951032E-003
  -1.6856872632460276E-003
   2.6724438269958763E-002
  -5.8539763924902864E-002
  -5.3700126570542302E-002
  -1.3490965727274996E-002
  -6.1184460282236612E-002
  -5.4992464225275900E-002
  -2.7407794292248346E-002
   1.2255521344233857E-002
  -1.3026737375904004E-002
  -2.9469837829935022E-002
  -1.2218533411785406E-002
   5.7693573046091961E-004
  -3.3138805455451288E-002
  -2.9367642717248371E-002
   3.6234175974687310E-002
   2.7139336128974130E-002
  -2.0736190816044064E-002
  -2.2433675933884258E-002
   4.6091926011235823E-002
   3.1213797237428977E-002
  -6.7352861362000485E-002
  -3.8299619484951013E-003
  -3.6345712340072903E-002
  -3.5115540073697715E-002
  -3.6277708228853789E-002
  -1.8468876903555465E-002
  -2.0031847327238742E-002
  -1.1311219312124927E-002
   3.5096311827738279E-002
   4.7367298672822949E-003
   2.8349590655770633E-002
  -2.6763231849273580E-002
   1.4173994822744011E-002
  -1.2637654835316876E-002
   2.3704431871640268E-002
   2.7418254553495329E-002
   2.5775130858899202E-002
  -3.5672669940697735E-003
  -1.0714927759501145E-002
   2.6403441011982623E-002
   3.1622213409852801E-002
   1.2119849849569618E-002
  -1.4665763792652341E-002
  -6.2483698649732911E-002
   8.8647924583671791E-003
   4.4420394953545259E-002
   1.0312776238618590E-003
   1.0125565467622924E-002
  -1.4419403088164589E-002
  -1.3529929556509888E-002
   4.0608866387438436E-002
   4.2250296499857752E-002
  -4.9739070692840941E-002
   1.9937169184492700E-002
   2.7182586396364377E-002
  -1.7909505092572173E-003
   2.4214533094551228E-002
   2.1300018594114099E-002
  -1.5680499107980698E-002
  -4.1265496133072862E-003
   9.8331652243035406E-003
   5.8299514605449972E-002
  -1.6741828975665660E-002
  -8.7315064905885559E-002
  -4.1596887761598610E-002
   1.1670519607924262E-002
   7.1629025027325913E-003
   1.6622950359394741E-002
   2.1906459910249875E-002
   2.2076226209762174E-002
   2.4565428359940314E-002
  -2.5263279632056365E-002
  -3.6066006975422412E-003
   3.0820882352660159E-002
   2.7253290938501071E-002
  -4.6956304181163033E-002
  -9.0478487937003787E-003
   2.1838634795229784E-002
  -1.4973760886803952E-003
  -7.4098715121905384E-002
  -6.3172363119146716E-002
  -5.9920876751564281E-002
  -7.4129660052440996E-002
  -3.1258599375356688E-002
   1.3265398158004359E-002
   1.6328247220626538E-002
  -1.5396406242476348E-002
   2.2387630153067103E-002
  -3.5245171249816874E-002
   1.7062159305254075E-003
   1.5029023673766751E-002
   2.7737252245417537E-002
   7.2025799550012931E-003
   6.4992198987546226E-002
   7.3033530894903706E-002
   3.5737846812549448E-002
   4.9686616034158609E-002
   4.3543447667214435E-002
   3.8481029282212358E-002
   1.4960314595330690E-002
  -1.4445818113506300E-003
   2.5814453488632289E-002
   6.6945993264679302E-002
   3.7063549193071588E-002
   1.0776675386904376E-002
   7.9535063717459786E-003
   2.7466936269823616E-002
   1.7274630709292759E-002
   4.0857386402798117E-002
   3.0172736904440476E-002
  -5.9851991603160085E-002
  -1.3446570346688455E-002
  -9.7411435282274573E-003
   1.3381086766186819E-002
   5.8444085208019133E-004
   1.1879711250982815E-003
  -2.6161203787614547E-002
  -5.8668705179594285E-002
  -1.4676502337924256E-002
   7.6854927656861078E-003
  -3.0056219851768356E-002
   9.2402548948377506E-003
   1.5731571822370241E-002
  -4.0406818643679371E-002
  -3.7384565385712623E-002
  -1.4037906692698362E-002
  -2.3337547183250824E-002
  -6.0706971782595147E-002
  -2.0155152563804485E-002
  -2.3914782720685548E-002
  -3.1441703163668011E-002
  -4.8600099646960757E-002
  -2.2785523374987772E-002
  -5.9633881280669702E-002
  -6.6924348872256546E-003
  -4.3154266743593683E-002
  -4.8496864477295658E-003
  -7.7884544295652100E-003
  -7.7152596528846625E-004
   2.4121539011572889E-002
   3.8975926712835125E-002
  -3.6476959079695796E-003
   3.7122143963063736E-002
   2.1796699221507888E-002
  -1.9879797663578816E-003
  -1.2623680164770701E-002
   7.1691246307043530E-002
   2.2521402418333367E-002
   7.7582413781783679E-003
  -3.6128483046878814E-003
   3.1994802343170863E-002
   6.8546020093738606E-003
  -2.6582407778791003E-002
  -5.1556098959399371E-003
  -2.1988195560849473E-002
   1.9574091614146368E-002
  -2.5153438835437643E-002
   1.7157725513068142E-002
  -1.2954374966641327E-002
   4.4292509653832669E-002
   4.0514514930038319E-002
   2.4616356437845627E-002
  -1.9466593902302650E-002
   6.7749529525678994E-003
   3.9305366782557615E-003
  -2.9312012144586570E-002
  -4.1468051701084983E-004
   4.2802875933464907E-002
   2.8419168106538616E-003
   8.2355378629990223E-003
   6.4121796044704707E-002
  -5.5436026210145956E-003
  -4.9760748675009119E-002
  -4.4294008519135897E-002
   1.2191872504087870E-002
   1.4795852328940958E-002
  -2.1225774601078978E-002
  -4.9805687156278700E-002
   3.4845813792446813E-002
   2.1304555358562256E-002
   1.2098790045657445E-002
  -1.7412834205414059E-002
   6.8205119633806766E-002
  -1.4332618148757073E-002
  -4.5368321465925926E-002
  -5.8038693987655376E-003
   1.5886148881363631E-002
  -2.5038955652578455E-004
  -6.5974152517496457E-002
   1.4380992182141767E-002
   2.0833440256920278E-002
  -2.6107269550728361E-002
  -1.8895822539238563E-002
  -2.3985036197721018E-002
  -3.5007794001697221E-002
   2.0272960541841623E-002
   2.8960659163555637E-002
   3.3251164386239790E-002
  -4.8292597492967312E-002
  -2.7862496558997311E-002
  -1.2365182923337156E-002
   4.4047355266409863E-002
  -5.7334559633915240E-002
   1.0229495163949290E-002
   1.2216184659286613E-002
  -3.8212205683265416E-002
   7.8507890581161009E-003
   3.7458490453526457E-002
  -4.6766587513852154E-002
  -6.6394243798535452E-002
   2.0704212415690874E-002
   2.8744593940265360E-003
  -1.6046033005318022E-002
  -1.2513394061711442E-003
   8.1835859504712352E-002
   3.3166718331353401E-002
   5.3686868444326505E-002
   5.0424387886434732E-003
   3.1849372144004545E-002
   1.5315103123681219E-003
   4.4291100462516393E-002
  -8.4767770732204883E-003
   2.0827388511684235E-002
  -4.4814535309409525E-003
   4.5245671093053719E-002
   2.7650415191031691E-003
   1.3983990492234880E-002
   2.7374408442395005E-002
  -1.5698747559560442E-002
  -5.5627290290050632E-002
  -8.7529197280450347E-002
  -7.4354906979071766E-002
  -1.0691827727731085E-002
   4.9549301461536124E-003
  -5.5841328961846112E-002
  -4.8735170666650562E-003
   4.4231392012729936E-002
   7.5106975600523637E-002
   4.3084745514505744E-002
  -1.2864204497227191E-002
  -5.7982529718603182E-002
  -2.8507076090636612E-002
  -1.1745407503580609E-002
   5.4362560615590680E-002
   1.0343001848105118E-002
  -1.6118251241368522E-002
  -2.7990092784939063E-002
   4.0374041697300335E-003
   9.7050804183776110E-002
   1.0788139374564625E-002
   1.0367970832304035E-002
  -3.6292334383735650E-002
  -1.1677285535325918E-002
  -1.6888904535070817E-002
  -3.2430519569362812E-002
   3.0618094618885251E-002
   4.0886266407908094E-002
   2.1644403381177670E-003
  -3.2619109734054248E-002
   3.8420790394503609E-003
  -3.8914385401006821E-002
  -1.4546182170976496E-002
  -6.2312209152566708E-003
  -1.8591030171483745E-002
   1.9068750459889431E-002
   4.9049071946651888E-002
   1.7472913014691421E-002
  -3.9510586927292000E-002
   1.8406811144024284E-002
   3.7276459475714112E-002
   3.2799016884744764E-002
  -3.3849664827274424E-002
  -3.7247460044976158E-002
   5.9521341523189331E-002
  -5.8281871757236564E-003
  -2.7907684220435876E-002
  -1.0239711022436917E-002
   8.4507188637416245E-003
  -4.3691565067970797E-002
 -0.10437149953137363     
   9.1502928123916166E-003
   1.2221179270351941E-002
  -8.9288511489612563E-003
  -2.6914933994274349E-002
   3.6292778111485277E-002
  -1.3640543160479376E-002
  -1.9284581506961794E-002
  -2.5412426643091003E-003
   4.7465532611327764E-002
  -5.6794901006598245E-002
  -1.8230738019989864E-002
  -6.6818639831389963E-004
   1.0675008350671533E-002
  -5.3049071840422714E-002
   2.6233545667539802E-002
  -7.7050174309487452E-003
  -1.5857187389080714E-002
  -7.8420421956298142E-002
   5.9388538726774194E-002
   4.4175110589971166E-002
  -3.5802293595525683E-002
   2.7916469164053884E-002
   6.6223459137498067E-002
   2.8332307945896484E-002
  -2.6907373014493665E-002
   2.6525592669938682E-002
   1.5851929546636875E-002
  -2.1428371585898477E-002
  -2.8495481565708570E-002
  -1.6274173347497804E-002
  -4.9301626960248632E-002
  -6.3266383644020416E-002
  -1.3768933362734950E-002
   4.7706166381012473E-002
  -7.9456639234943782E-002
  -6.4486526798048935E-002
  -4.0527247936439206E-002
   2.3944401312118484E-002
  -1.7357232627818020E-002
  -1.6756737205339631E-002
  -8.2193422564094454E-002
  -6.5056875653481588E-002
  -3.8837205891050025E-002
   1.2968986470157295E-002
   2.1430327686452050E-002
   6.5010822322979396E-003
   1.6966739289467202E-002
  -8.8105361130596319E-003
   8.8889459019359418E-004
  -1.5276945832310332E-002
  -3.2990419465365517E-002
   1.1464848531608476E-002
  -3.1412977145708870E-002
  -3.8302584152459025E-002
   1.6782423543248028E-002
   7.2465001877836721E-002
   9.0969438006960210E-002
   1.2993272813641705E-002
   2.4531052003265205E-002
  -8.2047788211658923E-002
  -2.4143388679395694E-002
  -1.0917255741337076E-002
   1.2299091671311253E-002
  -1.1783378968996384E-002
  -3.6017676260340734E-002
   3.7582531550851648E-003
   2.3608385299615505E-002
  -2.6021041502832826E-002
  -3.9585237517446414E-002
  -9.1508771034538167E-004
  -4.7521512169560277E-002
  -4.6756233514262724E-002
   4.3603943244867285E-002
  -2.0867881003568439E-002
  -8.5537166912548299E-002
  -6.0746746827690393E-002
   1.8941758832434735E-002
   4.9168848539389583E-002
  -4.4981252424768827E-003
   1.0605765421602941E-002
  -3.4559761734803338E-002
  -3.3272939433024604E-002
  -1.9600155887169710E-002
  -6.3615391371966409E-002
  -9.2806294342276469E-002
 -0.12155305220491507     
  -8.6474518616741450E-002
   1.1397319476826788E-002
   2.8045596881303588E-002
   5.9835952254913310E-002
  -2.6037525594575915E-002
  -4.6743267453351098E-002
  -1.5766282051390811E-002
  -6.7989214812965076E-002
   1.7995756581824469E-002
   8.2260343310942938E-002
   5.0831501798703965E-002
   8.1424281597362647E-002
   6.3583693757585671E-002
   5.1633054881484751E-002
  -2.5009967353899442E-002
   2.3079218729328129E-004
  -7.8623637544272731E-003
   9.4533905184071055E-004
   1.1441748708689670E-003
  -3.4684400812998506E-002
   2.7160366614394613E-002
   7.4898378146935521E-002
  -9.0699140871045910E-003
  -1.6223161045383669E-002
  -4.6911126679789070E-002
  -8.9518361749553174E-002
   1.9715681631368796E-002
  -1.9797044434654312E-002
  -4.7456161263936023E-002
 -0.11070048040443710     
  -4.8725820211662135E-002
  -4.7362178377559822E-002
  -4.1010200609970439E-002
  -4.4337787162468299E-002
  -1.7105424522422735E-002
  -2.9640858683809026E-002
  -6.6885741721502606E-002
   1.2429447178872160E-002
   4.9022335364403202E-002
   6.2586928405056474E-002
   1.1954314778503847E-002
   4.0567689462493679E-002
   5.9047843188332526E-002
   4.6001149717543356E-003
   1.2921234913220756E-002
   7.8058171715567337E-002
   3.9116716411598453E-002
   1.2713345267503043E-002
  -4.0892094607448894E-002
  -4.2518096891651570E-002
  -6.3416041961318850E-002
  -3.2480780260044459E-002
  -5.8349689710993934E-002
  -8.5718420324920247E-002
  -1.4392713862614082E-002
   3.9864823737614054E-002
  -6.1240809626352550E-003
  -2.5623749933341342E-003
   4.8409844283597139E-002
   1.4316401897169120E-002
   9.5541429541586523E-002
   1.7736552768547704E-002
   6.6284552174548692E-002
   4.5899399257554693E-002
  0.14773225261507189     
   1.1193575814576707E-002
   1.3065193661349752E-002
   3.1372197528712446E-002
   3.9002501475809449E-002
   2.4417405095692270E-002
   5.9906135685870110E-002
   4.4651518945671598E-002
   2.8893973719213057E-002
  -8.4764733761261424E-002
  -4.3712740840767927E-002
  -2.3267362383633448E-002
  -9.9484724245511774E-002
 -0.10370977898088518     
  -8.6898047807361462E-002
  -8.2317189861227545E-004
  -5.1452500165095012E-002
  -1.9270353460683148E-002
  -6.4664605002852246E-002
  -6.5304635112469339E-002
  -6.3278360906545046E-003
   3.0141727741453902E-002
  -2.9167978808348136E-003
   3.9252108034068367E-002
   3.2471688081406304E-002
   6.8703441118437474E-003
   3.0347123805402689E-002
  -9.1189699584334023E-004
   3.0685780670468649E-002
   9.0921817691894766E-002
  -5.4386664975333295E-002
  -4.8909811472809053E-002
   3.2080913821839994E-002
   1.9165910433009508E-002
   1.3306028369673911E-002
  -1.5272029861329734E-002
  -3.1948305681605345E-002
  -3.3479478592010080E-002
  -4.5342245152423487E-002
   4.1060440740780815E-002
   3.7022871787801323E-002
   1.5748060854103577E-002
   5.7809517284414857E-002
  -1.9400833225103038E-003
   2.6897239292302300E-002
  -5.0399771324092478E-003
   2.5173617631328294E-002
   4.8826310761818960E-002
   1.4544419269159460E-002
  -4.5782297263944428E-002
  -7.1045312501941240E-003
   6.6498128302144521E-002
   1.7916071618919189E-002
   6.7061715087112983E-003
  -2.9309988303344102E-002
   2.8646419932739624E-002
  -1.6963187943960185E-002
   1.3585312497463621E-002
  -3.1694783242097488E-003
  -6.2750315217896596E-003
  -2.5734601810219592E-002
   9.8582381179625070E-004
  -1.6759656595786362E-002
  -3.6863007193494494E-002
  -3.2735498629951905E-002
 -0.11418961506762795     
  -7.7790061230051111E-002
   8.6109362127817279E-002
   6.2364265613038185E-002
  -7.9947645864944961E-002
 -0.11629827517426729     
   5.8631268354844668E-002
   6.6943827338899128E-002
  -3.6267829203231995E-002
   3.8155870104485186E-002
   7.6626071547322740E-003
   4.5894247578705541E-002
  -1.9496077452107404E-002
   5.4322155619972577E-002
  -6.9048553802739929E-002
  -6.1236460120458504E-002
  -4.7700728548215797E-002
   5.2504091026260250E-003
  -3.6570899340888322E-002
   6.2302682211143434E-002
   8.8777674282329383E-002
   1.3951227170612757E-002
  -3.0584031722621402E-003
  -2.0442878468846550E-002
   4.0644300722411757E-002
   6.1849516301256208E-002
   8.2406261147761353E-002
   7.2521421749220813E-002
   5.1381403402753212E-002
   2.6297026239160051E-002
   2.4940661806362605E-002
  -3.2644252844261736E-002
  -5.0672953829496957E-002
  -5.6991479653317037E-002
  -7.6077179475439113E-002
  -6.6890649709083178E-002
  -3.8206060262920852E-002
  -2.1593299594273151E-002
   3.7922333100637441E-003
   5.5897612070951341E-002
  -1.5492023812884398E-002
  -4.8901561987558032E-002
  -1.7410178582211164E-003
   1.2740833021119294E-002
  -4.2965044274039840E-002
   2.2234469146190053E-002
  -3.1717361600624168E-002
   5.3113780429225642E-003
   4.1538747220083133E-002
   4.9139838016796868E-002
  -8.9200491304523857E-002
  -1.0915309267178354E-002
  -1.3031271456768743E-002
  -2.3857810598546920E-002
  -4.8481516203927502E-002
  -5.0601171606832709E-002
  -8.9030305742515484E-002
 -0.11148177574088099     
  -6.2691330383485774E-003
   1.1416724143559990E-002
  -7.2467669652459807E-002
 -0.10586011229155320     
   1.8947786411109634E-002
  -5.0720376010405322E-003
   4.2993710672768427E-003
   5.4441383848569329E-002
  0.10778364154537604     
   4.1721407923896746E-002
   8.7412593726590354E-002
  -4.5561185114681695E-003
   8.0811868706950882E-002
   8.6325965391982895E-003
  -3.9183170119900669E-002
 -0.11096124743364064     
   8.8770310707977189E-003
   3.8308553070524096E-002
   9.0129650130926581E-002
  0.16537117687061353     
   3.3630502460331932E-002
  -7.2025137891792393E-002
   2.9226673109415676E-002
   2.2191548737859230E-002
  -7.7314403656493197E-002
   8.2796621184777999E-002
   4.4394315282597623E-002
  -4.9646253267604211E-003
  -6.3028886427648936E-002
   1.4366782501053731E-002
  -4.7217130614294410E-002
 -0.10097457972234167     
 -0.14048840425487730     
  -7.4504409596487726E-004
  -7.3244202341237324E-002
  -6.3053954237445184E-002
  -5.1249017223473081E-002
   4.5968642294796268E-002
  -3.1257078705877551E-002
  -7.4571100380330851E-002
  -4.4245027786216071E-002
  -3.3994240547515001E-002
  -8.9051539531057322E-002
 -0.15281433945066492     
 -0.13517100669058138     
  -4.6374216382695170E-002
   4.4824451838507265E-002
  -9.5371690093375497E-002
  -3.6277075893112631E-002
  -1.7683196845073877E-002
   8.0586281649073378E-003
  -6.5755371718834443E-002
 -0.12690996856402961     
 -0.14603075668307511     
  -1.9196589831127909E-003
  -2.9761415783528021E-003
  -7.0777773983976847E-002
  -6.5451123792687929E-002
  -5.3420573569739907E-002
  -2.4673748201782402E-002
  -2.3082894951551049E-002
  -6.3791313271195794E-003
  -1.1823955003083839E-002
  -5.5574747265323000E-002
   1.2054902645000471E-002
   4.9448061605334527E-002
   8.6596644334444126E-002
   6.9731200311363692E-002
  0.10049716064527349     
   8.8167727818426994E-002
  -3.9113895864530061E-002
   6.1705121835727520E-003
  -7.8394006929253482E-002
  -5.0994222166134445E-002
  -4.2107429515910365E-002
  -3.9576305722772778E-002
   1.2205289274517079E-002
   2.4227642239961367E-003
   3.0987915298447823E-002
   5.1123794118956886E-002
   3.0188397838931322E-002
   9.6387699556148374E-003
 -0.11022740935026434     
  -9.7384832429609311E-002
  0.10643688351813531     
   5.6495751405754940E-002
  -3.4981002969440227E-002
  -6.8800670673595618E-002
  -5.2843165909694477E-002
  -9.7663642497346187E-002
 -0.11140540225081259     
  -6.8391974864433717E-003
   6.8017903802483817E-003
  -3.1636278387423493E-002
  -4.8059145646546661E-002
  -4.4920762730392069E-002
   7.3059354161231146E-002
  -2.3651064332885781E-002
  -1.2312813190432967E-002
  -4.1196398383064346E-002
  -2.4191218431580636E-002
  -3.2686384719494144E-002
  -3.8553796610639457E-002
  -2.0218217991510693E-002
   5.8356592698270725E-002
   3.4429780370870661E-002
  -6.9367512223550268E-002
 -0.11857059622627912     
  -5.2532063667070687E-002
   1.1160951559814350E-002
   1.6388265914239225E-002
  -4.7767091820923792E-002
   4.3813688822356839E-003
   9.7873555593430167E-002
  0.15135743280168915     
  0.13129976960392131     
   5.6153558456728231E-002
   3.6634094703556913E-002
   5.8486388543059833E-002
  -8.3165501288891538E-002
   8.9060808866100738E-002
   9.1319056780525959E-002
   3.7459244629917690E-002
   3.3768359133057708E-002
   5.2044030133867152E-002
   7.4779210741985486E-004
  -1.6475295134440758E-002
   6.9254648383230482E-003
   1.7972830378246357E-002
   3.2454553232621010E-002
  0.12641963903696593     
   4.7523782501430828E-002
  0.13403864132324980     
   5.9173404553526238E-002
   6.6826394516194904E-002
  0.20245278368161720     
  0.10837950524206243     
   8.8747582604209285E-002
   5.3367346262391596E-003
   3.5026564372851621E-002
  -2.1359444010606934E-002
   3.5784460315856866E-002
  0.14802422211063193     
   6.0615721780195628E-002
  -2.5261485681464222E-002
  -2.4756605328707541E-002
   2.7273971091444256E-002
   8.7262664215229602E-002
   2.0424532973193049E-002
  -4.6251076375987986E-002
   1.9165758544148138E-002
  -4.5890325407248807E-002
   9.0407409627602381E-002
  0.16189269045369534     
   6.8415931627746757E-002
   5.3223037069682677E-002
   1.0065607399182313E-005
   2.1687125119151652E-002
  -4.6426540197626903E-002
   9.5904403344817937E-002
   5.1039890516090064E-002
   2.3505555062543405E-002
   2.2929581643794456E-002
  -2.2628775604031159E-002
   5.1088985829110097E-002
   1.5733504151090396E-002
   2.9615351740863703E-003
   5.8206031703803181E-002
  -5.7214638760162091E-002
   9.2577883519901108E-002
  -2.3870172602909849E-002
   9.0008796953715761E-002
   1.9115962995903932E-002
   4.3907797587542680E-002
   1.3732411294698821E-002
   1.9312104006878297E-002
  -3.0031625434466070E-002
 -0.12189652331979643     
  -7.5838799227701273E-002
   9.7704982038116547E-002
   8.2666585416305741E-002
  -1.4326140124301886E-002
   5.3164562493464754E-002
  -2.5540436053217985E-002
  -7.1287823080326718E-002
  -5.7575186572061253E-002
  0.10821039862901860     
 -0.10671667161337189     
 -0.12706277910511582     
  -2.7280964806524557E-002
   5.4810659127955942E-002
   2.8791697536184636E-002
  -3.6806061891921565E-002
  -4.5201914105374746E-002
  -7.4061604188195348E-003
 -0.14124613184800633     
 -0.12709176589297413     
 -0.12474649919122370     
   4.5217908334784070E-002
  -9.0030197964166586E-002
  -8.4426453700027770E-002
  -5.6438026838684860E-002
  -1.2752746611229751E-002
   7.4466240670386357E-003
  -2.7886360482596906E-002
   9.9155068980454258E-002
   2.6908318654992984E-002
   2.3052097804229552E-002
  -5.9095873698646495E-002
   1.5120102854830762E-002
   1.7075108380972349E-002
   9.1261979796932804E-002
 -0.11121104770989758     
  -4.5115750602477776E-003
   8.3785799532920882E-002
   7.1460202946964937E-002
  -3.5797098633190458E-002
  -7.2807369210394962E-002
   5.8619692375958141E-002
  -6.0736434591253427E-002
 -0.10843430320980010     
 -0.14503820513082710     
   3.8432870198539844E-004
   3.2266347627260772E-002
  -3.5071700000701207E-002
  -4.1036303314389580E-002
 -0.14575191157371087     
 -0.11582184193868804     
  -4.7325398520443589E-002
 -0.11662836849506766     
  0.15571490219842832     
  -3.2520900172891831E-002
  -6.8043856509873810E-002
  -9.1880978101287189E-002
 -0.13742222272114474     
   3.0786063523018273E-003
   5.2741021486585181E-002
  -2.4681167943573119E-002
 -0.11581672973710785     
 -0.12947098522758602     
 -0.15030220612710604     
 -0.12502261065836262     
  -8.6485519466656183E-002
  -6.3358698172123903E-002
  -9.0323893281357107E-002
 -0.19176021423445230     
 -0.19331942642451849     
   1.3351277089462134E-002
  -4.7296266253709841E-002
   4.1281594813003815E-002
  -5.8058221388329535E-002
 -0.19429003025007605     
 -0.15184224013315237     
  -6.5649574002233549E-002
   8.3460736520577644E-002
   1.2356844053864554E-002
  -4.0750680643588034E-002
  -4.7009293275623039E-002
  -7.1076481703512676E-002
   3.2157257022099130E-002
  0.29925719903352122     
  0.19888023985924391     
  0.14963209486088558     
  -3.2635228379922901E-002
  -9.7006056890011384E-003
   9.7528723923905134E-003
  0.37745219285259635     
   3.0994451389949507E-003
  -5.0446202346977734E-002
   8.1475676878068115E-002
   3.5906699613898016E-002
  -9.4818293116102070E-002
   5.0452685292590796E-002
  0.10842110476354568     
   8.5239898865672195E-002
  -5.1909648617133369E-004
  -4.5139385556330944E-002
   8.8087788515202159E-002
  0.12238965212255901     
   3.4391103940693807E-002
  0.13874701354592398     
  0.20558054082860514     
  0.13247047519945410     
  0.12611999044493341     
  -5.7468514405710616E-002
  0.13871933520562280     
  0.17236860111648444     
  0.18627515564319827     
  -9.1767787044426341E-002
  -2.5612382006899789E-002
 -0.17284454701451871     
  -3.5945131188106789E-003
 -0.18627539765627502     
 -0.13372262907196675     
 -0.17655239461166319     
 -0.22208344789529566     
 -0.19694050103723804     
 -0.12361958962401043     
  0.42765777368816627     
  0.26259543711416511     
  0.15923251063414631     
  -3.8072783107538206E-003
  0.13763951091726853     
   5.3487723694956496E-002
  0.23459209040890905     
  0.18930540341215593     
  -1.4255257685013719E-003
 -0.25638746428529785     
  -4.9265489444895574E-002
 -0.16862270084223666     
  0.24730803513576000     
  0.20187123141485386     
   9.6816304824147811E-002
 -0.24211669746732226     
   6.4568208826034271E-002
  0.17456304169518957     
  0.31979841854320756     
   5.6592900170991785E-002
  0.35388042337385089     
  0.10950773392919140     
  0.15173465995626761     
  0.40519678389462621     
  0.36565905088976008     
  0.14588347620439351     
  0.23528540046850374     
   5.1760649699824350E-002
  -8.8630571914130207E-002
  0.13519532917811869     
  0.24652515457063670     
   9.5404762523265546E-002
   9.9407835550455334E-002
   7.5122626077371440E-002
  -7.7072279076100425E-002
 -0.31044342856182106     
  0.16780577451332138     
  0.15269218860509173     
  0.20318704238650143     
  0.23650661286465682     
  0.10313989180942831     
  -4.7588869707748047E-003
  0.10467591775649747     
  0.38210541386180191     
  0.34053886938170086     
  -9.7896109303119747E-002
 -0.23432007329257479     
 -0.60948554802171750     
 -0.48603439907570700     
 -0.17371071075428235     
  0.38652926945249655     
  -1.5533584459122306E-002
 -0.44313886099229244     
 -0.61172582188282065     
