  0.27993521430643636     
  0.28823918390909908     
  0.29535239676171426     
  0.29306543796885021     
  0.26955894740500042     
  0.26911202173492915     
  0.26938192211864576     
  0.26951918615638043     
  0.30486242419479326     
  0.30503108904045134     
  0.28177113716101554     
  0.27756909898889037     
  0.28130881007147307     
  0.29162772155651345     
  0.27851007760206842     
  0.29587212326129003     
  0.27584667371428478     
  0.26216514408368041     
  0.28902737395255446     
  0.29111311487618802     
  0.29025061679789854     
  0.28865273417644183     
  0.27956960467150227     
  0.28046502180968202     
  0.27710368685044401     
  0.28680146546935154     
  0.30128436888763799     
  0.29679465115971909     
  0.27781348229987007     
  0.29685915839205312     
  0.26692159123315484     
  0.31814795683322039     
  0.30925145892698674     
  0.30089466702590623     
  0.28132323231196282     
  0.30229698693144713     
  0.28234424533906682     
  0.30976374255404687     
  0.29020819099439465     
  0.29431513579653140     
  0.28762404237201306     
  0.27228096736867702     
  0.25820689796319413     
  0.28286730155395640     
  0.28487354220515837     
  0.27635650556893904     
  0.28634875806881249     
  0.29689125627188745     
  0.29531734135989024     
  0.29988112017253876     
  0.29419947192449619     
  0.30905748359689444     
  0.31840226640349850     
  0.26888761990100157     
  0.27260788027373434     
  0.26750290509720914     
  0.26995006312800929     
  0.26232526148880336     
  0.28047003198775622     
  0.28621381141050872     
  0.29435791652136156     
  0.27494763372838377     
  0.29234479861805207     
  0.28389918646432694     
  0.28518984682697979     
  0.26270705543304074     
  0.25871475524127108     
  0.27695957422158496     
  0.28337910991346960     
  0.31646795758445911     
  0.30760740787817481     
  0.28813804493472139     
  0.26771857223836232     
  0.29652665130853167     
  0.31065543951366348     
  0.28527717823235899     
  0.31606360861232136     
  0.31908380163442390     
  0.29753010283394599     
  0.29926642211466981     
  0.27960517375236177     
  0.29752623981923454     
  0.29352134193751633     
  0.30692726806810144     
  0.29832424652823664     
  0.29239596486433361     
  0.30288797386688932     
  0.29431352612759709     
  0.31113537223210774     
  0.29631525329897890     
  0.28770814819932844     
  0.29563443705368136     
  0.29359483490022559     
  0.27906059659597504     
  0.29739767344221490     
  0.31125848556274760     
  0.29110253879063869     
  0.27349218008024856     
  0.30300787166481236     
  0.30181927051429586     
  0.30466213927612268     
  0.28598845552418117     
  0.28400160200776414     
  0.30691505936938485     
  0.29388429352727208     
  0.27909368607115165     
  0.29088690543185569     
  0.30919972987683181     
  0.28033680218772350     
  0.28272268627773450     
  0.28052297101290125     
  0.28618180903715457     
  0.29503398091060790     
  0.30466738464015619     
  0.28083035940541412     
  0.30328099509976053     
  0.27904371288230673     
  0.27223033753224041     
  0.28104011886648389     
  0.30515255533626140     
  0.30840726033213645     
  0.27547776801482654     
  0.29475931996839272     
  0.30643042315810287     
  0.28547404019459260     
  0.27921334331685249     
  0.29392568830452043     
  0.29480208111084860     
  0.31482635424222172     
  0.29232983908250537     
  0.29465950213156156     
  0.28746946298663456     
  0.28745672428094754     
  0.29656409278625423     
  0.28639120101448035     
  0.26905577833134553     
  0.28907521977884887     
  0.30236789515652746     
  0.30650855135117872     
  0.27041161362394089     
  0.27977055903657361     
  0.27997137813807665     
  0.31154906428849627     
  0.28911907262846859     
  0.30572420406418138     
  0.29821579149294614     
  0.29389354115681565     
  0.30898233849884954     
  0.27838524658123598     
  0.28558705221758013     
  0.29518218077010777     
  0.30369536824243326     
  0.26988157834312493     
  0.27407795402787039     
  0.28038736356683508     
  0.27934290713688664     
  0.27075984803542091     
  0.28131943574376722     
  0.26160790506064563     
  0.27178253316118983     
  0.29169303372474692     
  0.29582316884993809     
  0.29820710994537014     
  0.30699621748360123     
  0.29323993595429221     
  0.29887965792856164     
  0.27476949835138170     
  0.26588625189294729     
  0.26390900758425784     
  0.26170159408547561     
  0.28962233617830091     
  0.30653935738622279     
  0.31474000608959085     
  0.28933200277678611     
  0.28993780299175015     
  0.29407817217607990     
  0.31617338332347655     
  0.28749761753647080     
  0.27658596827478560     
  0.29950238644869898     
  0.28312175865687073     
  0.29134541444288620     
  0.27202526351354400     
  0.28947711331116804     
  0.27907595250832395     
  0.26259080090592507     
  0.27122472027178185     
  0.27685641298073271     
  0.28349701081321366     
  0.29538147556319644     
  0.27599293348784465     
  0.27533203492178693     
  0.28394247624811164     
  0.28841494623551039     
  0.30727414786658880     
  0.26738291824601829     
  0.28636140232412127     
  0.29311979369245511     
  0.28921608227738493     
  0.27040402799860519     
  0.28387907953142327     
  0.26863799413309003     
  0.26292298210181353     
  0.27935477685902843     
  0.28734449223572772     
  0.27418504488106804     
  0.27208942556196031     
  0.28208407124274415     
  0.28603817944291537     
  0.27508840678657742     
  0.27360874128585772     
  0.28387784701052832     
  0.27867352807308965     
  0.28381526433296128     
  0.29314440211736148     
  0.29047656904299740     
  0.29869801039936239     
  0.30181565551347123     
  0.28344660424668267     
  0.28838313009362726     
  0.28059078245524810     
  0.28378701193030104     
  0.30311805250262286     
  0.29371756189844650     
  0.28725044794721605     
  0.30019852402261027     
  0.28172544387547727     
  0.26119779466365217     
  0.27883637945252060     
  0.29199190881973858     
  0.29878225359853494     
  0.28196804402156189     
  0.28965364506547497     
  0.31033882168853194     
  0.29820729853902461     
  0.32588003671766552     
  0.30503910883976904     
  0.29152579950540386     
  0.28288135343273019     
  0.31404742222283583     
  0.32035476231171967     
  0.29099652139633414     
  0.30573385323605240     
  0.30217816650725843     
  0.27483561035646598     
  0.28548155382968032     
  0.28763716937957845     
  0.29423047136840264     
  0.27594594818999019     
  0.30055439736033052     
  0.30011271516568871     
  0.28259777340101860     
  0.29798090018697371     
  0.28541446099365569     
  0.27452030724702425     
  0.30022628743313701     
  0.27787764759936556     
  0.25370791526887293     
  0.28706045714176687     
  0.28110286528395195     
  0.27754434855979127     
  0.26934161198725043     
  0.28225484631019315     
  0.28454952857127985     
  0.30767962663483600     
  0.30729153862725622     
  0.28519172120293707     
  0.29608504968972488     
  0.30462240031417820     
  0.29563252247798200     
  0.30057586533742470     
  0.29786073267578617     
  0.29996034158983498     
  0.30334048032120903     
  0.29629638809288739     
  0.26977425860453608     
  0.28431003302554408     
  0.27151141097319459     
  0.30894102017048963     
  0.29566856227599198     
  0.29346099906223322     
  0.29565857717239363     
  0.29230404094161599     
  0.28890509705624345     
  0.29146158041552767     
  0.28829721064409081     
  0.28507755022169534     
  0.29006331980821237     
  0.26955625675026446     
  0.28299346569671580     
  0.28483599600179521     
  0.30218333855015683     
  0.28726205700155433     
  0.29642513711635665     
  0.28552673384090554     
  0.28841743489053395     
  0.28201061588224735     
  0.29506673409864137     
  0.28046483587866616     
  0.29274230098372939     
  0.30213195442877655     
  0.29369450144228981     
  0.29100564381721189     
  0.30157471115096496     
  0.31619754492967528     
  0.30672696931887639     
  0.29962687294616808     
  0.29478545922496946     
  0.28789627669319573     
  0.28581607277175297     
  0.30196146710036803     
  0.30548272683690991     
  0.28472209421505151     
  0.30586142284946660     
  0.29321460616012662     
  0.24818213989010415     
  0.27767278612905233     
  0.29696850153434623     
  0.26276719041789515     
  0.29114716760931303     
  0.30519197723525682     
  0.27913921194565722     
  0.27786365161442794     
  0.30267562972154693     
  0.30680858780784248     
  0.29944563257699525     
  0.29254158214409137     
  0.30351010927695221     
  0.31996733414464690     
  0.31135193244186643     
  0.32463643619603211     
  0.28975741207838002     
  0.27973194865321060     
  0.26907406635371600     
  0.26715245413421029     
  0.30534652078149560     
  0.28505013572279614     
  0.27672675696100013     
  0.26148712699071225     
  0.30196673142637193     
  0.27496390854441177     
  0.27441535746628987     
  0.27107742962884973     
  0.29830610780882566     
  0.30086142807847688     
  0.30068767985043415     
  0.29922743488589149     
  0.28852244563579688     
  0.29415185166653018     
  0.28467916358899725     
  0.29163344549327058     
  0.29053067185225295     
  0.29112692790624278     
  0.29792530480908763     
  0.30734573660257758     
  0.27051151125191819     
  0.27271817641860469     
  0.29200221201024690     
  0.30924475442342897     
  0.28903533601741377     
  0.29117243806096660     
  0.28449046278533624     
  0.28947766141184422     
  0.29388718220369670     
  0.27232637917985764     
  0.31145638559387423     
  0.25420944798659911     
  0.27126559350316209     
  0.28948476361253200     
  0.30430811484510017     
  0.28837522878877314     
  0.27523338459039842     
  0.29369031789983419     
  0.28423020403585764     
  0.29933178062575161     
  0.29439966575458648     
  0.30391052990733086     
  0.28383636798151973     
  0.29348264945536323     
  0.32532763594777059     
  0.30192027244998271     
  0.29107164426898424     
  0.28777763869393846     
  0.29288086637710792     
  0.29437855125709816     
  0.29478794939407343     
  0.27738007327687147     
  0.26690256011890695     
  0.28987510478607215     
  0.29001562058936209     
  0.31363546865222919     
  0.28142995723055564     
  0.31222619371706789     
  0.28360578854602531     
  0.29415989447987673     
  0.29540884308913007     
  0.28405418745561650     
  0.28605489936356959     
  0.28138342126168336     
  0.29670390429330384     
  0.29379391400640248     
  0.28007702962564596     
  0.30288910141097458     
  0.28146885650213505     
  0.29193648306190650     
  0.29278624380987045     
  0.28072410371638884     
  0.29092465516166327     
  0.28774038945971714     
  0.27502716368345254     
  0.27336048112007844     
  0.28080058980293332     
  0.30035146546566083     
  0.28753341356709400     
  0.27717262499239487     
  0.30099699709717248     
  0.27441257449128525     
  0.27754324020298521     
  0.27727659328919707     
  0.26438414516192826     
  0.27905652062118380     
  0.30093818389800359     
  0.29633042378733865     
  0.28054923701625278     
  0.28911939650843421     
  0.27616972019083058     
  0.28607235733601083     
  0.30598872160614299     
  0.30397546217306187     
  0.29711370069668364     
  0.29454872295843543     
  0.30460694604832539     
  0.28207707431354950     
  0.32356160571204434     
  0.30207028109347722     
  0.29282721111036641     
  0.28782210970511990     
  0.29861406865099971     
  0.30332872637404379     
  0.29431669242880065     
  0.28378624797680718     
  0.30652460699290623     
  0.28554166064487913     
  0.28773630491283020     
  0.26884323951382838     
  0.28528191473667158     
  0.29510593067631286     
  0.26442599117598342     
  0.27845886491301419     
  0.28572999451863568     
  0.29161064506626660     
  0.28666989236431262     
  0.29175683850721418     
  0.31295298839347430     
  0.26684994468481649     
  0.27703738630969255     
  0.28125716841148174     
  0.28823791094770373     
  0.28850666195795965     
  0.28975559430126280     
  0.30906273016100855     
  0.30082857230119658     
  0.30736482859288666     
  0.28687286960518310     
  0.27728062168900236     
  0.25854468229342620     
  0.29996748793163908     
  0.27558020813413603     
  0.28869119831259599     
  0.29064060620975196     
  0.29040450090951975     
  0.31162858814115235     
  0.31048654258302699     
  0.28783347826338707     
  0.30717586486415160     
  0.28930799372686450     
  0.28891613108543668     
  0.26511709447757437     
  0.28698838811103372     
  0.30701646554826889     
  0.28650845756663823     
  0.31961894468850216     
  0.29098087044218024     
  0.30181624394216394     
  0.28157685036561914     
  0.29003541927837839     
  0.26755808505023432     
  0.26762258337371170     
  0.28167143580520954     
  0.25965481034409943     
  0.27969829430346321     
  0.28187897655221894     
  0.29267262316591874     
  0.29097624594619204     
  0.28705133658010878     
  0.28778400792204545     
  0.28392528604714712     
  0.28473470740152690     
  0.28219283914744286     
  0.29705441053729148     
  0.29582572117052564     
  0.27112153680675388     
  0.30118900280992617     
  0.30679038169788003     
  0.28930680545994181     
  0.27495261347767624     
  0.28381799951712311     
  0.30932759633951079     
  0.30422143143965918     
  0.27049191625530822     
  0.29312081399271694     
  0.28178902114850757     
  0.26170079171215455     
  0.28528931210789144     
  0.31332803165350909     
  0.29695197538272600     
  0.30372781425127293     
  0.28658746069834878     
  0.27312477863671752     
  0.30892223576232603     
  0.30094517814837674     
  0.30906216661296559     
  0.27301414257235362     
  0.29504616391720340     
  0.29180395252588270     
  0.28449726233201555     
  0.28544744857265164     
  0.29832437387184629     
  0.28087749111322996     
  0.26463832351724803     
  0.29250388806943173     
  0.29713672360501681     
  0.26472656419909452     
  0.27362652776051433     
  0.28443757180302587     
  0.27268399801167909     
  0.27131913296451404     
  0.26850642823607979     
  0.28307627801171520     
  0.28599487522032296     
  0.28592621345069241     
  0.27975774494550071     
  0.27659819562566013     
  0.28709811571349192     
  0.29278450953774082     
  0.28011908080720516     
  0.29106303906419329     
  0.28965125012745568     
  0.29361685979411406     
  0.27400551556893554     
  0.31111288563066458     
  0.29267397906911208     
  0.29852992482672319     
  0.27935824723047409     
  0.32107363147325829     
  0.28733494206024929     
  0.30256201479865502     
  0.27489811241821788     
  0.31092595580471466     
  0.27609909396089938     
  0.27615630529098933     
  0.29564844471555118     
  0.30018990910569771     
  0.27869951411789889     
  0.29974059166233513     
  0.27903506887962770     
  0.27774609210714629     
  0.30768706749854641     
  0.31250399471385631     
  0.29569964269880100     
  0.28229902312595678     
  0.28556388062255761     
  0.29425119670945876     
  0.29928563959957794     
  0.27852533295280835     
  0.28761435351076337     
  0.29783664272836152     
  0.30033125766616753     
  0.27663813440215734     
  0.30047684307351141     
  0.29423592732531095     
  0.28413647605778775     
  0.30074410195163931     
  0.31149370921834452     
  0.31362906039439425     
  0.31164740435479532     
  0.27978269294437769     
  0.29351972656245440     
  0.26444656981648407     
  0.29118676331260485     
  0.26410665933730920     
  0.29619066847626435     
  0.30059347075588910     
  0.29709965484989165     
  0.29592347871380564     
  0.28448005034772700     
  0.28418226475315628     
  0.28589599305478586     
  0.28743350811701701     
  0.26208764780964078     
  0.30443072345407463     
  0.31582628310697536     
  0.29913395513742824     
  0.28857597719784100     
  0.29465385672621208     
  0.29164272362834043     
  0.29583585381473515     
  0.28395231866490683     
  0.29415967025593565     
  0.28659980677729668     
  0.29172818680515628     
  0.28312651380064463     
  0.30149887000232306     
  0.27433284007911074     
  0.28937421695220411     
  0.29076879116991855     
  0.29653437648693104     
  0.28691592628054108     
  0.29775909310699467     
  0.28848764860750897     
  0.27545297458804874     
  0.27360301981325452     
  0.28425095093680680     
  0.29830492391771835     
  0.28348089811590560     
  0.29185739855423654     
  0.28791379164761638     
  0.29900731182918794     
  0.30738946606710132     
  0.30657289815011934     
  0.29945252486608825     
  0.27598528500048369     
  0.28509572784411774     
  0.29885314205460045     
  0.29959255539610202     
  0.31117731560234929     
  0.30883011957776946     
  0.30366821763967322     
  0.29191334158740845     
  0.28466883094833495     
  0.32296911510341236     
  0.29261910041873235     
  0.29256332310908156     
  0.30637242505112278     
  0.30951798065643737     
  0.29448210407942543     
  0.30748875628451683     
  0.31093674392407750     
  0.31439517748079537     
  0.29112452150541951     
  0.29580793696268309     
  0.28530835304825986     
  0.29893618862317772     
  0.29216952511768690     
  0.29110164550418272     
  0.27734135347895772     
  0.27760339267707035     
  0.25408484382245855     
  0.29353855653439592     
  0.28823396917171767     
  0.27055335337681724     
  0.29352637110128271     
  0.29052036654085511     
  0.31219408841838059     
  0.29323391058024828     
  0.29143065876393309     
  0.29995338824942891     
  0.30157050597813051     
  0.30718332999992509     
  0.29904052114238289     
  0.32383225487063205     
  0.29058814391750276     
  0.28912903642401833     
  0.26426513295984899     
  0.27300166457777225     
  0.28675729603819433     
  0.31649241440026499     
  0.28906253948376670     
  0.27739093946062870     
  0.29030573820737310     
  0.29246272145768776     
  0.27954622791784256     
  0.28204247909627372     
  0.25401722161773493     
  0.26387185306190125     
  0.28829924757717273     
  0.28378797426846736     
  0.30533417744892999     
  0.28126458557531969     
  0.29728445269490544     
  0.28688897603917313     
  0.31476684894280760     
  0.30774431951024400     
  0.30022143775710708     
  0.28182620005107173     
  0.31407408363442185     
  0.30590997569618478     
  0.29027295057053210     
  0.29209239382758839     
  0.29735138855955345     
  0.28358731205258131     
  0.28552071587015004     
  0.29432779444627555     
  0.29146695640412074     
  0.29654019058672237     
  0.28611882991225529     
  0.29644323359227726     
  0.28970923183432923     
  0.30443471791139731     
  0.27605850918262809     
  0.29131242604793611     
  0.28746930335731058     
  0.29849109756364850     
  0.26700595324963095     
  0.28193430010657178     
  0.27864430366304693     
  0.29673594240750095     
  0.31467687382451298     
  0.29049900792615385     
  0.27719506939060817     
  0.26870651254856964     
  0.28239697879165360     
  0.30129555534380031     
  0.28018991055785447     
  0.28103386446602646     
  0.27888623403911983     
  0.29005507661189656     
  0.27969529451855091     
  0.26402233521758378     
  0.27465218894668314     
  0.28827545046046393     
  0.26259294844817660     
  0.26160003644715818     
  0.29283180024099309     
  0.28712649674207985     
  0.30208464954243586     
  0.29717833905375218     
  0.29701380176068964     
  0.27201076850960892     
  0.26654868682932359     
  0.29840583048449004     
  0.27707492733615757     
  0.29501984467393366     
  0.34399552283133661     
  0.31584528214945684     
  0.31218358355684023     
  0.29769171623487523     
  0.30330868423287211     
  0.31287701306621574     
  0.28799166724398861     
  0.26590542333633788     
  0.28421678450300869     
  0.29959081666545029     
  0.29962659005750319     
  0.28525511177388996     
  0.29108541854932873     
  0.30105583299503819     
  0.27779590048073549     
  0.28646189279167206     
  0.28181622489280367     
  0.28187993583069776     
  0.29947198574978773     
  0.30155082680669415     
  0.28990090870757040     
  0.27683853740617104     
  0.32435861248608966     
  0.27501916647781721     
  0.27703163065553832     
  0.27125426026300165     
  0.25716774883269611     
  0.27432759569679710     
  0.29542177974904787     
  0.30657957984613793     
  0.31012503225319349     
  0.26949560325690275     
  0.29831406618077472     
  0.29494699847286338     
  0.29079066821008920     
  0.25474776119979969     
  0.28677917047838525     
  0.28858327707851988     
  0.29217174371202159     
  0.26688485126326617     
  0.27632329577822867     
  0.28102314421726388     
  0.28473215323894935     
  0.27904855876467083     
  0.27055828154745981     
  0.27456253255976842     
  0.29212432231484414     
  0.28251116202032178     
  0.28045021388305086     
  0.29826942793633698     
  0.31218903319086255     
  0.28098381817685386     
  0.27742016837007905     
  0.28547874948066648     
  0.26644863662235246     
  0.28471957513435509     
  0.27541525509975306     
  0.28842670383749214     
  0.30349281744217432     
  0.27794952714659460     
  0.28020571078919426     
  0.28118207399869999     
  0.26361927169238253     
  0.28152606020674636     
  0.28078553753046531     
  0.28149549051846717     
  0.32089791528154249     
  0.27483521507068448     
  0.28718351300613360     
  0.29817785699260979     
  0.28280552809021248     
  0.27785528649259195     
  0.28618269883715164     
  0.30163407296284284     
  0.29906670208961150     
  0.28206604450026013     
  0.26808150583051055     
  0.28857523986618788     
  0.29392731132649708     
  0.28841366783887296     
  0.28310187689722366     
  0.27227433702556963     
  0.27633143462149456     
  0.29342873375748085     
  0.31035822511545164     
  0.28932939926520446     
  0.28167204286388947     
  0.30245368254205141     
  0.30344582130453968     
  0.31226527580552293     
  0.27230419430214414     
  0.26144678749730060     
  0.28315924897092309     
  0.28883472051968967     
  0.26083389410945107     
  0.27709059506717404     
  0.29940617498289546     
  0.28450821422331929     
  0.26868596018373692     
  0.28409905027676491     
  0.27730492073800123     
  0.27399842489696408     
  0.27652447696610682     
  0.30172595382458317     
  0.28912436213412346     
  0.28599774634486730     
  0.29835351266967419     
  0.28487008013611459     
  0.28920325745316655     
  0.29991598306672734     
  0.28221627656521781     
  0.29612412021201961     
  0.26759461012668340     
  0.28380181248847075     
  0.28428725192367249     
  0.27928736770374446     
  0.30552295720078176     
  0.30190687396122812     
  0.29234656076433052     
  0.28464255417654377     
  0.27785152373731625     
  0.29134034706877177     
  0.28371360913873916     
  0.28298359059317185     
  0.27554216011841237     
  0.27289616296337732     
  0.28242145354889953     
  0.28980168603698442     
  0.29904498661282802     
  0.27287290585427149     
  0.27074008902339958     
  0.29296932926128372     
  0.30353570498974874     
  0.28132084592389772     
  0.29250700389460205     
  0.30672709123159597     
  0.32603401813337013     
  0.27280876995079145     
  0.31598560241677048     
  0.29365203353358726     
  0.28205170360066373     
  0.27604881764855471     
  0.26964033950558464     
  0.29241158534205286     
  0.27746099840224764     
  0.29187567739343789     
  0.30429977157778443     
  0.30374626658203840     
  0.29623407790679074     
  0.28456182857844919     
  0.29061999873164696     
  0.28957507732749782     
  0.27682460257278779     
  0.28990231754198281     
  0.29046215972000017     
  0.29175396464399844     
  0.30444522869838353     
  0.28957270919474409     
  0.29209728588594325     
  0.29111124271538447     
  0.29085956366275889     
  0.29185127571519826     
  0.29707494284549307     
  0.28467473051673747     
  0.29199473982988344     
  0.28866913443610870     
  0.27758959862276567     
  0.30972107170577939     
  0.28687765426229972     
  0.28077592220821668     
  0.29693904618413974     
  0.27048285465563787     
  0.29967401033426588     
  0.30171655140630194     
  0.28080033683342071     
  0.26252218164137620     
  0.26477935341713899     
  0.27567099419762425     
  0.27519013849947432     
  0.29581153882393785     
  0.30350888648752328     
  0.28691484179180299     
  0.27649014774605524     
  0.28616729075306480     
  0.28265107389264665     
  0.28061803529818430     
  0.29346519783639713     
  0.28420686440624543     
  0.28515064932910067     
  0.29742406557243312     
  0.30336584148265483     
  0.28378395070677698     
  0.28813495899187469     
  0.29116431825056699     
  0.29695616255555013     
  0.27915374705069512     
  0.27734797258465294     
  0.29857682377893169     
  0.29145277610807918     
  0.27490613586730839     
  0.28489717179466861     
  0.28070895648934546     
  0.30767366019771342     
  0.29260999891889372     
  0.28566708399110635     
  0.27454621362200304     
  0.29411404799872704     
  0.27377410325173157     
  0.27132777178572726     
  0.29030822350730090     
  0.27268260113513254     
  0.29409231694419508     
  0.29164414152736517     
  0.27475746670735557     
  0.31357358661365742     
  0.28218987423167219     
  0.28442968570053095     
  0.28895056035573963     
  0.31390369755341846     
  0.29571363801988149     
  0.26396783131176449     
  0.27974068070791419     
  0.28908186133915625     
  0.30654879936798607     
  0.26928869272856659     
  0.28861409750054934     
  0.27351142050415533     
  0.26718635857382267     
  0.27135009546620076     
  0.28825464511959886     
  0.26805079767313811     
  0.26649726521529871     
  0.26212878926366745     
  0.25900304252340595     
  0.29539250568217046     
  0.30071087596446638     
  0.29375702336798099     
  0.26997133374574583     
  0.29825908289293923     
  0.28558693955929382     
  0.28026523637439654     
  0.28755794882970714     
  0.30323416923264823     
  0.28336472102364307     
  0.29159162816726408     
  0.27450586395130189     
  0.26807491937884947     
  0.28063242581321635     
  0.28724067158910283     
  0.26741013285594112     
  0.29047471379916445     
  0.27726390700504605     
  0.29503881428750262     
  0.27505113084964611     
  0.29765138721198636     
  0.30605662747825957     
  0.30134130062384518     
