   1.0000000000000000     
  0.14306248238400002     
   5.6571603384292721E-002
  0.13631212427173148     
  -4.6655638308989091E-002
  -2.7747506527252244E-002
   1.2680193273312660E-002
   2.2655135239160563E-002
   2.8650709354176292E-002
   8.8185389438257043E-004
  -2.6967253160737566E-002
   6.5639198524362202E-002
  0.16797332853976624     
   5.2563671700272832E-002
   8.8168480751134454E-002
   1.4301443961192426E-002
  -4.7332359462879010E-003
   1.3580026744528937E-002
 -0.23418847011525676     
  -6.5626346658746060E-002
 -0.13288320276282065     
  -5.2431731105679620E-002
   5.1597273807984616E-002
   9.1979400365401115E-002
   8.9206947370310929E-002
  0.10457154523692667     
  -8.1155319944816035E-003
  -8.4252415416893531E-002
  -2.8737942066855184E-002
  -2.6607003988779739E-002
  -1.6131399169399530E-003
 -0.10639025569361646     
  -9.7722007065267819E-002
  -3.4621942715606720E-003
  -8.6626456140132480E-002
  -1.3009934326541664E-002
   4.0913799460838632E-002
  -3.9330090215632229E-003
   8.5201499468312528E-002
  -5.2152511257226801E-002
  -5.1727837930435706E-002
  -6.8080160546605288E-003
  -3.7656340141125122E-002
 -0.11784511941773014     
  -3.1275559507437309E-002
   3.3461403062656374E-002
 -0.22626716552627837     
  -9.8444554488419753E-002
  -2.9501561222346064E-002
  -2.9543196038039159E-002
 -0.13409396944528493     
  -2.9543196038039173E-002
  -2.9501561222346092E-002
  -9.8444554488419725E-002
 -0.22626716552627849     
   3.3461403062656381E-002
  -3.1275559507437288E-002
 -0.11784511941773014     
  -3.7656340141125136E-002
  -6.8080160546604524E-003
  -5.1727837930435672E-002
  -5.2152511257226801E-002
   8.5201499468312555E-002
  -3.9330090215632298E-003
   4.0913799460838646E-002
  -1.3009934326541668E-002
  -8.6626456140132452E-002
  -3.4621942715606208E-003
  -9.7722007065267874E-002
 -0.10639025569361647     
  -1.6131399169399241E-003
  -2.6607003988779729E-002
  -2.8737942066855211E-002
  -8.4252415416893586E-002
  -8.1155319944816173E-003
  0.10457154523692663     
   8.9206947370310943E-002
   9.1979400365401059E-002
   5.1597273807984616E-002
  -5.2431731105679585E-002
 -0.13288320276282065     
  -6.5626346658746032E-002
 -0.23418847011525673     
   1.3580026744528930E-002
  -4.7332359462879140E-003
   1.4301443961192406E-002
   8.8168480751134481E-002
   5.2563671700272881E-002
  0.16797332853976621     
   6.5639198524362188E-002
  -2.6967253160737586E-002
   8.8185389438255374E-004
   2.8650709354176310E-002
   2.2655135239160566E-002
   1.2680193273312662E-002
  -2.7747506527252250E-002
  -4.6655638308989118E-002
  0.13631212427173153     
   5.6571603384292742E-002
  0.14306248238400002     
