  0.12824089568255009     
  0.11940170715776956     
  0.10381817042166661     
  0.13111963193701431     
  0.12988861352256914     
  0.10258666837750459     
  0.12715820523969409     
  0.10847586181297694     
  0.11208607975782740     
  0.10474423857242715     
  0.11486691126843980     
  0.12810683194128850     
  0.12857532152758891     
  0.11872988207986473     
  0.13638267781763533     
  0.11834181505583523     
  0.11758589280666126     
  0.13062666086857361     
  0.11217954877194417     
  0.11499166781977441     
  0.11396282807029397     
  0.11140108413423391     
  0.10930504506968598     
  0.12386825587283322     
  0.12876898165371178     
  0.15220880671907194     
  0.13089352956797787     
  0.12050029018488857     
  0.11285053197700641     
  0.13207270247528780     
  0.13032800394555702     
  0.10531629413243970     
  0.12444257428436181     
  0.12790043149956859     
  0.12067220147481952     
  0.10469291988404768     
  0.10516114359797839     
  0.12334745111249559     
  0.10711476377542249     
  0.12959244648955928     
  0.11259883014168692     
  0.12744885216745358     
  0.12905345407588734     
   9.8036394098602139E-002
  0.11641080604392866     
  0.10357857437660151     
  0.12762793825359248     
  0.12277774694248361     
  0.10780877447155809     
  0.11240069787136164     
  0.11068808288139949     
  0.11897561510240923     
  0.13271968147824573     
  0.11172367417532079     
  0.13357705077426560     
  0.13630788445332725     
  0.11633408403398024     
  0.10388533764114059     
  0.12114684191385160     
  0.11602223234425013     
   9.8937464608717607E-002
  0.13093138933987331     
  0.12065849385960009     
  0.12804889925414342     
  0.11964064490048788     
  0.11521888034220075     
   9.9344842912636927E-002
  0.12769819595250811     
  0.12041550335983318     
  0.11360345088879321     
  0.11228831096888822     
  0.11114380798059781     
  0.12317699552338110     
  0.10402289521283213     
  0.11708756882256342     
  0.12546176978519660     
  0.13911476906209522     
  0.12996432087297377     
  0.10890341416452110     
  0.11916589121500151     
  0.11103734905985388     
  0.10062868160045949     
  0.11525277157471665     
  0.12106069134762489     
  0.11977016836551321     
  0.10722155668473426     
  0.10024915842466625     
  0.10451493789874634     
  0.13103949958908304     
  0.12026185234391498     
  0.12951967422421393     
   9.8927273481932851E-002
  0.11781545869773080     
  0.12334241079788298     
  0.10934489688611718     
  0.12502323613748881     
  0.13342300933981294     
  0.11731519978722142     
  0.11047652285558127     
  0.13165859673049157     
