   1.0000000000000000     
  0.56397465263089830     
  0.42714088236229342     
  0.38412583186921800     
  0.22442157212236866     
  0.15398886565310341     
  -2.4568019576265143E-002
 -0.16428410108777569     
 -0.27125960890625123     
 -0.30055620616664036     
 -0.39997174726928592     
 -0.34560292340810289     
 -0.37147010895294225     
 -0.33336212277973370     
 -0.22499603327627332     
 -0.17987818350748919     
  -9.8156730239328249E-002
 -0.10704797064796640     
  -2.7711508540346295E-002
   4.2441271003402378E-002
   7.6810690371350104E-002
   7.1015999380876771E-002
  0.10896205219786644     
  0.22650065791174057     
  0.20272651332173472     
  0.12156559728696285     
  0.11033168013138289     
  0.17059037255981621     
  0.12013733600131510     
   7.5907397090715978E-002
  -3.1655489793970190E-002
  -9.0097778927540131E-002
  -8.9291515661405488E-002
 -0.13930571256938645     
 -0.13579348975934580     
 -0.20584004354598026     
 -0.25570340673143543     
 -0.21858687221583881     
  -6.1036288201839685E-002
  -7.5193452291264437E-002
  -9.8220328924226427E-002
  -3.9131179130166484E-002
  -6.9412711425216600E-003
   9.3570447810664051E-002
   5.3121492705530404E-002
  0.10723352363184914     
  0.14016686744975893     
  0.10040117854350634     
   9.7018623276357144E-002
   7.9074009529757391E-002
   8.8869156821703946E-002
   7.9074009529757405E-002
   9.7018623276357116E-002
  0.10040117854350633     
  0.14016686744975893     
  0.10723352363184915     
   5.3121492705530439E-002
   9.3570447810664037E-002
  -6.9412711425216799E-003
  -3.9131179130166463E-002
  -9.8220328924226413E-002
  -7.5193452291264423E-002
  -6.1036288201839629E-002
 -0.21858687221583881     
 -0.25570340673143516     
 -0.20584004354598026     
 -0.13579348975934577     
 -0.13930571256938651     
  -8.9291515661405488E-002
  -9.0097778927540131E-002
  -3.1655489793970107E-002
   7.5907397090715992E-002
  0.12013733600131510     
  0.17059037255981635     
  0.11033168013138303     
  0.12156559728696278     
  0.20272651332173464     
  0.22650065791174057     
  0.10896205219786634     
   7.1015999380876813E-002
   7.6810690371350160E-002
   4.2441271003402371E-002
  -2.7711508540346298E-002
 -0.10704797064796641     
  -9.8156730239328249E-002
 -0.17987818350748919     
 -0.22499603327627332     
 -0.33336212277973343     
 -0.37147010895294219     
 -0.34560292340810295     
 -0.39997174726928592     
 -0.30055620616664042     
 -0.27125960890625128     
 -0.16428410108777572     
  -2.4568019576265140E-002
  0.15398886565310341     
  0.22442157212236874     
  0.38412583186921800     
  0.42714088236229342     
  0.56397465263089830     
