   1.0000000000000000     
  0.30233229502792758     
   5.0732537550347227E-002
 -0.13915310461872213     
   5.8120081797352070E-002
  -4.5681006535052582E-002
  -7.5933577082336098E-002
  -8.1329781671655457E-002
   8.7610017156440484E-002
   1.0595667818848097E-002
   6.1464409128792537E-002
  -4.9042683115481323E-002
   4.5432546211509875E-003
   8.9621032035675521E-002
   3.9296957055512220E-002
  0.13192958148486300     
  -7.0873828219479157E-002
  -5.7157990911024983E-002
 -0.19003151469350693     
 -0.10159090314617920     
  -5.2140062234489359E-002
  -2.6746043517759052E-002
  -7.6720878446533081E-002
  -3.4908620088980415E-002
 -0.13321881281433626     
  -2.7178473360060314E-003
   2.4835368543530928E-003
  0.10086793380320939     
   2.1290010675338301E-002
 -0.18308085421452161     
  -6.1393286317052827E-002
   1.4071424264599000E-002
  0.11723658020831489     
  -2.1763280713862791E-002
  -5.5206404457001992E-002
  -8.3510178787421525E-003
  -1.3224368385489797E-002
   4.8619037751502114E-002
   8.9365942009034041E-003
  -3.8213135114840938E-002
  0.16404778339221254     
  0.15705939213990772     
   1.1550895773922360E-002
  -9.9054172497295867E-002
 -0.23067770471406698     
  -7.0472992057317163E-002
 -0.10247885265679266     
   3.8368974924908379E-002
  -2.2539748898816173E-002
   3.3269002999223037E-002
  -2.0689056655921613E-002
   3.3269002999223030E-002
  -2.2539748898816152E-002
   3.8368974924908421E-002
 -0.10247885265679271     
  -7.0472992057317163E-002
 -0.23067770471406682     
  -9.9054172497295923E-002
   1.1550895773922376E-002
  0.15705939213990761     
  0.16404778339221243     
  -3.8213135114840951E-002
   8.9365942009034249E-003
   4.8619037751502094E-002
  -1.3224368385489793E-002
  -8.3510178787421282E-003
  -5.5206404457002027E-002
  -2.1763280713862795E-002
  0.11723658020831493     
   1.4071424264599012E-002
  -6.1393286317052799E-002
 -0.18308085421452167     
   2.1290010675338332E-002
  0.10086793380320948     
   2.4835368543530902E-003
  -2.7178473360060123E-003
 -0.13321881281433620     
  -3.4908620088980401E-002
  -7.6720878446533095E-002
  -2.6746043517759083E-002
  -5.2140062234489366E-002
 -0.10159090314617926     
 -0.19003151469350690     
  -5.7157990911024976E-002
  -7.0873828219479157E-002
  0.13192958148486314     
   3.9296957055512234E-002
   8.9621032035675521E-002
   4.5432546211510065E-003
  -4.9042683115481350E-002
   6.1464409128792551E-002
   1.0595667818848060E-002
   8.7610017156440498E-002
  -8.1329781671655499E-002
  -7.5933577082336140E-002
  -4.5681006535052547E-002
   5.8120081797352063E-002
 -0.13915310461872210     
   5.0732537550347227E-002
  0.30233229502792752     
