  0.99900000000507683     
  0.33866292301387024     
   9.4390428063809970E-002
   1.8002917079363990E-003
  -2.9953195989725616E-002
  -4.4578465471039420E-002
   2.6556757086296661E-002
   6.2213222716702092E-002
   3.5078694604062689E-002
   6.9338062631269870E-003
   4.4926515201695119E-003
  -1.4450297969030371E-002
   6.3563827893551434E-004
  -1.4545090450137931E-002
  -9.6371643675876347E-004
  -5.3264931923338249E-003
  -5.2910591980407260E-003
  -5.0812383542898467E-003
   2.3403334138697673E-002
   6.5964521405166782E-003
   2.2058372929289059E-002
   8.0399071047767903E-002
   3.0821274478894864E-002
  -6.2023835093350703E-003
  -2.3608824452091254E-002
   2.4499433107030424E-002
   1.8176875461881761E-002
   3.9319641849876852E-002
   5.2768155924023154E-002
   3.9919350840148726E-003
   3.2907785312728734E-002
   6.5928032008875606E-002
   7.7125083222457105E-002
   5.2773833987137614E-002
   4.6487872853015748E-002
   1.1793732212786998E-003
  -1.0434572150115116E-002
   8.9817121725105841E-004
  -9.2655826160922636E-003
   4.8029848322283734E-002
   3.7361615864579777E-002
   1.7207174157139991E-002
  -3.7127651336139239E-002
  -9.8458159957994697E-003
  -1.8528378587909691E-002
  -1.2572289629208351E-003
   2.0377331212111261E-002
  -1.1826054315459588E-002
  -5.4753421252746022E-002
  -5.8229043107049475E-002
  -7.6204984432837311E-002
  -1.1376799536160586E-002
   2.0803277350483276E-002
   3.6273512091898774E-002
   4.0773848395330742E-002
   4.7988469991516861E-002
   5.2926924456364814E-002
  -3.4974111528790416E-002
   8.5158255127932899E-003
   7.8491264763935406E-002
   5.5463364104863411E-002
   3.9928723732593520E-002
   2.2447926122861641E-002
  -5.2013232330738193E-002
  -2.8762047845287735E-002
  -2.1848493699894812E-002
  -9.7908704869199472E-003
  -2.2805278269522101E-002
   9.6498142356301522E-003
   3.4707352942080251E-002
   7.0113174196235698E-003
  -2.6421761165792035E-002
  -2.8795037506066139E-002
  -5.5990187372732307E-002
  -7.0495879233662517E-002
  -6.4422494002444528E-002
  -7.6615398655875147E-002
  -4.3568220189314555E-002
  -6.8738517207165062E-002
   8.4482846260394825E-004
   2.0822269899086979E-002
   2.7574533275048749E-002
  -1.5945348026569838E-002
  -6.1860213674700985E-003
  -5.3876813087155397E-002
  -1.9602921695202464E-002
   3.6100404027181461E-002
   1.9736445013763607E-002
   1.1701494266125972E-002
   3.1113152134161999E-002
   4.1329116792542656E-002
   2.2248896364333092E-002
   6.2400535520333741E-002
   3.8667770146311460E-002
  -1.5767214691122971E-003
  -1.5721627715538734E-002
  -3.4644861699634655E-002
  -2.1357541296837923E-002
  -2.3303572550416488E-002
  -4.2688449149047208E-002
   2.0266772220245661E-002
   6.6831432431931070E-002
   5.6256341595309678E-002
  -9.0852000057025945E-003
  -6.1383681984461591E-002
  -2.6258014025626410E-002
  -6.4247556899914293E-002
  -7.6625631047816584E-002
  -3.7397800932369399E-002
  -2.4400196241094560E-002
  -2.2064457438625746E-002
  -4.6369158038096964E-002
  -3.5904582200090900E-002
  -1.0975689318738071E-002
   3.3322801969731156E-002
   4.2395726272303147E-002
  -6.0812867654353028E-003
   9.4180074383857088E-003
  -1.5823400441045417E-002
  -3.9064403803372914E-002
   9.3797034007030537E-003
   1.9940009098540469E-002
   3.7135444609407396E-002
   3.2599302255719470E-002
   1.6690525490467716E-002
  -1.9696535927191169E-002
  -3.0549943457313617E-002
  -3.7538079436402277E-002
  -1.5547021325451224E-002
  -8.9184677736219534E-002
  -8.1699788505595339E-002
  -5.6061668489507589E-002
  -1.7747447080155517E-002
   1.0447544337558177E-002
   3.8203658340298388E-002
   1.6951312807057622E-002
  -4.4953735987070783E-003
  -4.5193445248810561E-002
  -2.5799409035275823E-002
   6.3014527259983499E-004
   1.8315504149839631E-003
  -5.4662722273190996E-003
  -8.3309815297437934E-003
  -2.7375504379037102E-002
   5.2361412701969982E-003
   6.2476368479118007E-002
   7.4880014831513173E-002
   2.9451659226148338E-002
   7.4649800828732626E-002
   6.8853038879636855E-002
  -3.1423663883189880E-002
  -6.6053324090967688E-002
  -2.3499231953646720E-002
   6.0917518801420642E-002
   5.4309992251452680E-002
   6.5781050990949455E-002
   7.7585784767993812E-002
  -2.1091048717610982E-002
  -4.5899208687295370E-002
  -3.3965356838231521E-002
  -2.0984620851039117E-002
  -5.1200432415829063E-002
  -4.3436301711983760E-002
  -5.8852604525538289E-002
  -8.6692853216986707E-002
  -4.8656392690790445E-002
  -1.8142317029229655E-002
  -3.3518467516047784E-002
  -6.1367573728666004E-002
  -6.1210862310762192E-002
  -4.6646434536040664E-002
   3.5227974686506097E-002
   1.6736390464956258E-002
   2.5320757971014712E-002
   9.0685500475138504E-003
   6.5074122062313486E-003
   7.2953804303592232E-002
   3.6677602198886980E-002
  -6.2001845557600231E-003
   1.0794157273693943E-002
  -1.7637747158219759E-002
  -5.3673631471328483E-002
  -2.4585037739883568E-002
   1.1612084158784078E-002
  -2.1432003483477645E-002
   5.7903639211595949E-002
   6.8174708629033423E-002
   3.6979100534170514E-002
   2.4448951166604213E-002
  -6.7249151604654696E-003
  -1.5075871081227544E-003
   9.4409847055660946E-003
   2.0101145191066479E-002
   5.2232336825110665E-002
  0.10769220684268593     
  -5.7126383269074151E-003
  -4.2687353022535512E-002
  -1.1560381061071169E-002
  -5.1178328076297686E-002
  -7.3575484414038800E-002
  -2.9646277953227308E-002
   8.1742745113947085E-004
   3.7754484448702559E-002
   3.9510750142709841E-002
   2.2649171358271367E-002
  -4.5549436128579271E-002
  -4.1223371992856847E-002
  -4.4513360938509975E-003
   1.9850038949447806E-002
  -2.3724949523955093E-002
   2.6697827623870352E-002
   4.4147104820224478E-002
   4.0184780090064709E-002
  -1.3276631771583475E-002
   1.2021023126551589E-002
  -2.2960263684408636E-002
  -1.5591585281729478E-002
  -3.7307370776314630E-002
  -2.0741300673370811E-002
  -2.9074843870251523E-002
  -5.8654462369473553E-002
 -0.10241774468566117     
  -6.6873008960123798E-002
  -7.5967910785618029E-002
  -4.3121463797669582E-002
   3.1701644612188176E-002
   6.5998191381173271E-002
   2.4746514509215355E-002
   8.2647067942280875E-004
  -2.0674588131245911E-002
  -4.8539624633753831E-002
  -2.8170813198224270E-002
   1.3218001843150696E-003
  -1.7305745517726658E-002
   8.0403790633367285E-003
   5.8314229522307755E-002
   2.1682990040257033E-002
   5.9989957477912300E-003
   4.4702894720835074E-004
  -5.5328908317087838E-002
  -3.0648518624011818E-002
  -2.7277003509691834E-003
  -2.1507644795142746E-002
  -7.5864814147572610E-002
  -3.1641353702101714E-002
   3.7829368570685765E-002
   7.7678405374544159E-003
   2.4074313784361475E-002
  -1.3014926811967528E-002
  -6.0198432639049976E-002
 -0.11149808144654219     
  -9.2245519505613910E-002
  -8.6074383419527695E-002
  -2.0818878402033475E-002
  -8.4297059931922553E-005
   3.0625262858351859E-002
   3.8645148565128275E-002
   7.5958920026265489E-002
   7.3729439096601622E-003
  -3.8967589326208987E-002
  -6.1242917640786688E-002
  -2.5949626965818835E-002
  -8.2041149471714005E-003
  -1.5632240056951296E-002
  -9.9392424246169689E-002
  -9.6310629318942645E-002
  -6.4630350382458207E-002
  -4.8779327974929662E-002
  -3.2056639181108945E-002
  -1.7881926715235544E-002
  -1.4335524304366782E-002
  -4.3299805384801535E-002
  -8.9903602112990919E-005
  -1.8530921017076746E-003
  -1.7842184825675112E-002
   1.4903554333095143E-002
  -5.4403711857826102E-002
  -3.9328989717570692E-002
  -5.7321332198402616E-002
  -1.8029539674909393E-002
  -2.5447047293287599E-002
  -2.9633906744749989E-002
  -8.8413493554890837E-002
  -7.5482777733671069E-002
 -0.13096726788696852     
  -7.5813747933077894E-002
  -2.8260691202088382E-002
   1.7371138710150391E-002
  -2.6299820010593652E-003
  -1.5786337689251261E-002
  -3.9887482429076186E-002
  -2.1373729854609825E-002
  -7.0956131040242162E-002
   1.6765478804030828E-002
   3.9388807858341743E-002
   2.2072134553237348E-002
  -1.9057759079828682E-002
  -5.5276177508581881E-002
  -6.6384388852512827E-002
  -2.8492477297468233E-002
  -2.7311213260114667E-002
  -4.7083873543667783E-002
   1.4571502273910951E-002
  -5.4073228237673243E-002
  -4.5562491158724967E-002
  -6.9356001796604297E-002
  -3.9398942711899108E-002
  -4.1183979339186202E-002
  -6.8650692160910354E-003
  -2.9591680807789955E-002
  -5.5294364172502511E-002
  -4.3946406472023053E-002
  -7.3698383085703742E-003
  -4.3584531709100517E-003
   1.9188218064992504E-002
   5.4235663979141082E-003
   1.5556053814909055E-002
  -4.1489220378767719E-002
  -6.3605772852024928E-002
  -6.0589691691518330E-002
  -1.8789598698766535E-002
   3.2532491546041688E-002
  -1.4633272807901696E-002
  -8.7461324257696871E-002
  -7.4466454140547284E-002
   1.6307160090344940E-003
   2.2141603244616368E-002
   4.1917204604459621E-002
   2.9658045537568397E-002
  -4.2136874628065257E-002
   1.9210841473411799E-002
   4.7569019986569400E-002
   7.2502756422469436E-002
   7.1327880007578143E-002
   3.6536012222315208E-002
  -2.5027615289109798E-002
  -2.0092204186314667E-002
  -4.0335362510778058E-002
   4.2417059974342620E-002
   3.6613301152390282E-002
   2.9678981368999049E-004
  -2.3487934850138070E-002
   1.5246987048506225E-002
   2.8562707988144777E-002
  -5.0835685911021160E-002
  -7.2839054793754257E-002
  -1.6837688763551389E-002
   4.6022491079279741E-002
   3.4532058961248578E-002
   8.1935453262391281E-002
   7.7721577902630207E-002
  -2.9350259224364635E-002
  -8.0659300965052003E-003
  -3.1432121082915446E-002
  -4.7524136283943759E-002
  -4.4164263078710991E-002
  -6.1760314727066536E-003
  -2.2014736836791015E-002
   1.5700466161319506E-002
   2.2522171111545933E-002
   4.8272706946042486E-002
   1.6673311537667983E-002
   4.5560391290666212E-002
  -1.6177916178605103E-002
  -2.0671490440012610E-002
  -4.7224854386479706E-003
  -3.8234464725943980E-003
   2.0784980258356667E-002
   1.8915708031332704E-002
  -4.6152041244960376E-002
   1.8779380377616499E-002
  -3.2623136236350375E-003
   2.8664843580096942E-003
   4.0307009547253532E-002
   2.7003350900619148E-002
  -3.2284394389634589E-002
  -4.8169755856091144E-002
   6.2327797414548618E-003
  -2.7988371592606301E-003
   8.9131219764027853E-002
   6.4894801258836080E-002
   5.8808535809070521E-002
  -4.1585387827682077E-002
  -7.8078517758061600E-002
  -5.5402671748242649E-002
   7.6813647785008658E-003
   7.8311972648290734E-003
   3.7529141543179177E-002
   4.5759128964553981E-002
   2.8711203582475277E-002
   1.4354123086689806E-002
  -3.7777182069917141E-002
  -6.0823070643489706E-002
   7.8645196018882913E-003
   1.6302308601108779E-002
   5.4397240176289059E-002
  -2.1680389898042877E-003
   1.5785580666570920E-002
  -5.0449047212848444E-002
  -7.3179403775663079E-002
   1.2992031777190350E-002
   2.6384504941889687E-002
   3.1724196986327960E-002
   6.9703629504755102E-002
   3.8668340895752655E-002
   4.1037885387792551E-002
   1.6168112232266302E-002
   8.4068747502502820E-003
   8.4206153426159489E-003
  -9.1372399130221719E-003
  -2.4966608603787400E-002
   4.0458412693564018E-002
   5.0561364559483912E-003
   5.1294355934803387E-002
   3.4428669621125299E-002
  -4.1434782490184022E-002
   2.0400459554938487E-002
   4.8500869817417129E-002
   7.9612480768618751E-002
   5.5366360955297206E-002
   4.7748755387273564E-002
   6.5882127465046791E-002
   3.1545847178927465E-002
   3.3524646166470856E-002
   1.2513025241215864E-002
  -2.1265584418871216E-002
  -5.7172611607602064E-002
  -2.2015888116980291E-002
   7.9426278161974270E-002
   9.8740483150546995E-002
  0.11753905522219577     
   8.9463608956398599E-002
   5.4104118054823055E-002
   3.9594515634932631E-002
   3.9668039289656412E-002
   6.7038426415371097E-002
  -2.0223394754288443E-002
  -7.6578325658433033E-002
  -7.5435727487663917E-002
   1.7142291385166982E-002
   6.1036987038234763E-003
   2.8189124123380881E-002
   2.0129544235040858E-002
  -1.0462788309877387E-002
  -4.9362037323026728E-002
  -3.0969435851490274E-002
   7.6418652367227474E-002
   3.9220421153791096E-002
   9.8016786038161954E-002
   7.2144168309157264E-002
   1.1620806651861972E-002
   2.7691795296028877E-003
  -9.5298044779519950E-003
  -3.3094783037930495E-002
  -6.1882092413235591E-002
   1.9062996682541921E-002
  -8.1609808904299919E-003
  -2.9060768374296615E-002
   1.8684222053560937E-002
   1.2016883674012458E-002
  -1.3442166158209392E-002
  -2.4923273140498674E-002
   5.2602235587221380E-002
   7.4074541319918960E-002
   7.2438526721085486E-002
   8.4761807740455192E-002
   2.0173774737519228E-002
   2.4539352514410442E-002
  -5.5143590920560370E-002
  -9.4440995877214488E-003
   2.0142693172411047E-002
  -2.1476561657731173E-002
  -7.2867399896071397E-002
  -1.0619478933158429E-002
  -2.7265372376629016E-002
  -2.0352165758301528E-002
  -4.8448327921719698E-003
  -3.4496012314565609E-002
  -4.9114472137832356E-002
   1.2772728032803630E-002
   3.1936704332529410E-002
   4.6878550772627911E-002
   6.0869455873361226E-002
   6.0068230844343325E-002
   2.9452221476495361E-002
  -3.3981241968957132E-002
   3.6372480443430305E-002
   7.0255834444962889E-002
   3.3215437646916729E-002
   7.4277557494672214E-002
   5.7047024460096254E-002
   1.8293439715158766E-003
  -4.7770182920489374E-002
  -6.3108482444936886E-002
 -0.12377656881078163     
  -5.2403417305751349E-002
  -3.7815269654375754E-002
  -3.5335828126193569E-002
   1.9630682565391416E-003
   1.0340077170472731E-002
  -2.0394011870126471E-002
   3.5312348879989186E-002
   2.5083022559691744E-002
   9.0030619133786346E-003
  -1.6119816175594003E-002
   5.9113412119465381E-003
  -1.6272951857451132E-002
   2.6082265940355908E-002
   1.8683929077033274E-002
   1.7056348915704036E-002
   4.2802749510356085E-002
   6.8115173976253870E-002
  -1.3236143129740587E-002
   2.7305059776553394E-002
   7.8485022658743311E-002
   6.6562843995316701E-002
  -2.1169036663445138E-002
  -2.1981244901658852E-002
   7.8765981669650403E-002
   4.8949256451066812E-003
   4.9001647468866226E-002
   7.1825380086131735E-002
   2.9970872060013114E-004
   3.1480795168464357E-003
  -5.7192740847959021E-002
   1.6006171169473578E-003
   1.3341396116911548E-002
  -2.2421901030692006E-002
  -3.3994805074470903E-003
   1.6203723361173719E-002
  -3.0592763540435153E-002
  -9.2606827252940657E-002
  -1.5043545250640642E-002
   4.3206260903621138E-003
   4.5442710423772174E-002
  0.11886064104607189     
   6.4233755651416632E-002
  -1.2033315455287831E-002
  -4.2590332643927517E-002
  -5.9759021668928089E-002
  -4.6901963054239985E-002
   5.2286838506006690E-002
  0.10233329882121604     
   4.1789533478162603E-002
   6.7661594652254534E-002
   4.2354186832398971E-002
   3.4701261756108617E-002
  -6.2605446813562379E-002
  -5.0883138882774057E-002
  -5.4148390137084883E-002
   8.4847424892772569E-002
   7.9697683641062445E-002
   7.0890244289605081E-002
   3.5468231402579910E-002
  -7.3358456488593335E-002
  -9.5272495468208623E-002
  -2.2167142960063824E-003
   4.7011910982046469E-002
   6.5353507496519910E-004
  -5.2354937205490278E-005
  -2.4865326843532574E-002
   5.2788402756567916E-003
   2.6375712514252747E-002
   5.8182817983448111E-003
  -1.8046023292840635E-003
   5.2154170914175631E-002
   6.8128973639882337E-002
  0.14785738129055750     
  0.11388035884682970     
  0.12543059056494879     
   6.5782261126974037E-002
   1.5999477931287046E-002
  -8.9752618983022028E-004
   5.3553782917274265E-002
   8.9021771765609256E-002
   5.2260162548891730E-002
   6.9416205863957400E-002
  -9.9152995967070959E-003
  -1.8301676691793889E-002
   4.9322975536719264E-002
   2.4981137428942257E-002
   3.7148725692440876E-002
   7.3316563472511906E-002
   1.3360761132008412E-002
  -2.5458945242002529E-002
  -6.2865681096838613E-002
 -0.12948589972148217     
  -4.4822073905050296E-003
   2.6819176199853810E-003
   2.6890853963809191E-002
   1.4305318411430210E-002
   2.0416243989528675E-002
  -6.8958974028739531E-002
  -4.9222902227615099E-002
  -6.3195935537316394E-002
   8.2491532692512692E-003
  -2.0651591452663404E-002
   3.5937207724349003E-002
  -3.4751501619202298E-002
  -6.5565301830497885E-002
  -5.4946269312398058E-002
   6.8019622175640101E-002
   2.3474456629219976E-002
  -1.1894701143749097E-002
   3.9499628773606271E-002
   2.5357168116900572E-002
   7.6849707046316190E-002
   3.0888628134762255E-002
  -3.5351307562955831E-003
  -8.1065231907265611E-002
  -4.0812179586882442E-002
   1.1166065409543883E-002
  -2.3848226036146843E-002
  -3.8829537673690961E-002
  -2.7556966544007439E-002
   4.1788814687639390E-002
  -8.6824709518331395E-003
 -0.10266024902438038     
  -3.2125389663061374E-002
  -7.5253189808023729E-002
 -0.13115730429835384     
  -4.1644313020126611E-002
   1.6701387763524696E-002
   7.0045193847384266E-002
   4.4588837442138617E-002
   7.3733621541039865E-002
   1.2409247279259818E-002
   7.2285635291641061E-003
  -3.4752233411212322E-002
  -1.7224072948564328E-002
 -0.11078016929481949     
  -1.5984995262690389E-002
   3.4204127147063300E-002
   3.8414563705232857E-002
  -4.8879283637234807E-003
  0.11333326901612113     
   5.5922704727402996E-002
  -2.4513225548531678E-002
  -4.2914344865636736E-002
 -0.10609924868351252     
  -5.1563927105445488E-002
  -1.6946246988036942E-002
   2.6826186669239260E-002
   9.4828933912808157E-004
 -0.12047410322489266     
  -7.7299836918875847E-002
  -4.3668938733691723E-002
  -5.7803110376673170E-002
  -7.4587265034778347E-002
  -3.4926118148074330E-002
  -8.8254996859492119E-002
  -9.2853614561972456E-002
  -5.1910201037987790E-002
   1.8380270814644422E-002
  -1.4522567855627515E-002
  -5.8338632521513931E-002
  -3.2793333271978642E-002
   9.3793582347560956E-003
   4.1290438004464511E-002
  0.11893148495545175     
  0.11852001409004873     
   8.0540682347011269E-002
   8.4298009321303768E-002
   3.1937887274783437E-002
  -3.2090819934629096E-002
  -2.5738361914894342E-002
  -9.0696856699433483E-003
   3.3525351066410941E-002
   5.0506604311813877E-002
  -4.4503494542715342E-002
  -3.6296101540562425E-002
  -9.7145042132374668E-002
  -7.3400882288749145E-003
  -1.4234393800804046E-002
  0.13598464588178846     
  0.10601620113218074     
   7.4334896817295449E-003
  -6.4971081596466765E-002
  -8.8936740997206526E-002
 -0.14078407231311649     
  -9.5520190323959642E-002
  -1.2629687336134390E-002
  -3.6852094100213437E-002
  -7.4364905999360024E-003
  -7.8709845606977896E-003
  -7.6263107962774329E-002
  -7.5965300403131306E-002
  -4.5024076465223210E-002
   4.2189946029852807E-002
   2.8113858534579084E-002
   5.4275326005787938E-002
   2.5273908668239291E-002
   6.4954805903166948E-002
   2.8238474046089795E-002
  -8.6012780039338640E-003
   2.8704384574508600E-002
   3.3022395859127474E-002
   7.0304096270562737E-003
  -1.4087097809591699E-002
   4.2474768707553116E-002
  -6.2041599479958284E-002
  -2.3072605270800413E-003
  -2.0329901781935236E-002
  -5.1958012977040814E-002
  -4.8792102771077553E-002
   2.1228541458522245E-002
  -2.5146971049047898E-002
  -8.9173964518592774E-002
 -0.10060292173407373     
 -0.13635731191215483     
 -0.13894157694876622     
  -6.3162105017100456E-002
  -3.0432987422189726E-002
  -2.8884760896026491E-002
   6.7204742843575860E-002
  0.11597955097269916     
   6.0540926403054973E-002
   9.4506102549825208E-002
   7.7747075218548609E-002
  -5.8146373198438517E-002
   2.7632907706859867E-002
   6.7851450426571452E-002
   3.3325338031723967E-002
   7.1125852920814261E-002
   9.8765361557623207E-002
  -2.4731804288054103E-004
  -4.4490538695438404E-002
  -7.4286777223308452E-003
   2.9959324467025965E-002
   9.8331598813123592E-003
 -0.10406466494404838     
 -0.19608084284088631     
 -0.18026439795919544     
  -6.9738168941172698E-002
 -0.12115597934586399     
  -7.2005496419406470E-002
   9.4840676949829988E-003
  -4.7238158264833428E-002
  -5.8114392075572258E-002
 -0.14301715265335388     
 -0.15679058919560582     
 -0.10116360459271784     
  -7.3262313559507436E-002
   8.0463921843770109E-004
  0.10587605480067565     
   6.5760109576703835E-002
   1.2409440045266038E-002
  -3.5533379013071194E-002
  -4.6285661885071244E-002
  -3.6060787541179119E-002
   9.7398313221275221E-002
   9.4939897299875273E-002
   7.3332084765857897E-002
  0.10165313654048488     
   7.5562615484114581E-002
   5.4820494581509935E-002
   4.9872797270278886E-002
   2.5262321710181578E-002
  -2.5694513294237956E-002
  -3.6040727212850461E-002
   9.0956468194542950E-002
  0.16009028001627118     
   7.2201436267590194E-002
   6.9138136295631120E-002
   5.8127202891745521E-002
  -8.1054818051407615E-002
  -7.2843196008355704E-002
   9.4003801240114440E-002
   3.9540288958889239E-002
  -3.0270770469973752E-003
   5.6090314379933240E-002
   6.0849151641375644E-002
  -5.7214014302784465E-002
  -7.9703146165151076E-002
 -0.12756999272947217     
 -0.11554805048109108     
   6.4678679043591453E-002
  0.15677981316808876     
  0.14817085792241541     
   1.0880182954023589E-003
   1.2536671261426767E-002
   1.9071040727378075E-002
   6.9532574961294738E-002
   8.1175301270638101E-002
   7.1952311857641976E-002
  -1.2439679281138509E-002
  -6.3889912250557360E-002
  -8.4479921894515531E-002
 -0.13005709703345947     
  -3.7624472572151069E-002
  -4.8662635441544623E-002
  -2.6464096029167605E-002
   2.3006856041472207E-002
  -9.1784926870391303E-002
 -0.18029801237508702     
  -9.0446620483090559E-002
 -0.16216612767553354     
  -5.3814834350334656E-002
   5.2346259959228134E-002
 -0.12035216067645625     
 -0.22292529931004587     
 -0.17320321928717844     
 -0.12481299698598342     
  -4.5105469387085720E-002
   4.7782138162475764E-002
  -2.7452707058946285E-002
   1.2160515370212342E-002
   7.6237501382477008E-002
   7.9042659606641752E-002
  0.10326410111329984     
   1.3339691813138868E-002
  -5.1247211635463159E-003
   6.9534343561616072E-002
  0.13682330457337580     
  0.17081097687471231     
   5.4203103388784264E-002
   7.0676274107395506E-002
   2.6854360310779559E-002
  -5.5891058804147707E-002
  -8.3101971994301201E-003
 -0.10144436759010077     
 -0.16240180826031361     
  -3.2594391816936213E-002
  0.13644120093531734     
  -1.8956081020799691E-002
  -3.8700740413786530E-002
 -0.11803288129003286     
 -0.10738077124365437     
 -0.12952242127924876     
  -4.3663838806505428E-002
 -0.12724467777390797     
  -7.5724727319784205E-002
  -7.6040807754128956E-002
 -0.12296845881463113     
 -0.13162709112716348     
  -2.0702919021279874E-002
  0.14347642516560546     
  0.16104469295001317     
  0.15899683850012097     
   9.1917700790477730E-002
  -8.1499867549704078E-002
  -6.4090104272843715E-002
  -2.0448058880673050E-002
  0.12929985885015885     
  0.12796208326814579     
   4.0967749876597188E-002
   7.4542529360096449E-002
   1.9385877214291310E-002
   9.4709258962849888E-002
  -1.1400613943675472E-002
  0.10035205199572719     
  0.23468571684504758     
  0.12116248225458551     
   9.9863668100657020E-003
 -0.14485981806720738     
 -0.32070757082510065     
 -0.22187230090265408     
  -3.4581557808360641E-002
   1.6850567510631069E-002
   2.2867495046094050E-002
  -4.1654559426561447E-002
 -0.14171884620456565     
 -0.12055851111013033     
   4.0294830410025781E-002
   2.4704743976357902E-002
   1.6242131756713359E-002
 -0.10312406609690179     
   7.3546969611952923E-002
  0.22452865277429113     
  0.20758705022478807     
  0.17020896032982843     
  0.14573098616553395     
  0.22207100663557977     
  0.10206392732930050     
  -1.1440672496874398E-002
  -1.2191161853729867E-002
   4.5791641617801214E-002
  -1.8858678585251001E-002
  0.18106254868372543     
   1.8281912886285079E-003
 -0.19952136196176434     
 -0.10431323371200142     
 -0.15252046148669932     
  -1.6544896974197181E-002
   7.7147614750330135E-002
   4.2347234543209850E-002
 -0.14352043767807676     
 -0.15549931325879762     
  -9.8378627180022452E-002
 -0.11522897894206176     
  -7.6078328097594586E-002
 -0.10776974034239523     
   5.7158181038270216E-002
   9.2863672475659784E-002
  -2.1994221970145344E-002
   7.8457794732168532E-002
  -9.3471233455485990E-003
   1.9047470819497630E-002
  -2.2670962001306794E-002
  0.21521464587877262     
  0.19191929495201182     
  -3.6713454533809968E-002
  -2.7507376981510404E-002
   2.9323356249554507E-002
  0.26161899759466850     
  0.14228299985139300     
  0.28762634751496324     
  0.20687461388083814     
  0.19202777755037961     
  0.11456289368911561     
   3.7779666262158194E-002
 -0.13710149365164018     
  -4.3945241119059215E-003
   1.3782418884113339E-002
  -3.2131661451284743E-003
   8.7375173079661445E-002
   2.9458065332215372E-002
 -0.10240702562969491     
  -7.8890660579440025E-002
 -0.19544174483968649     
  -4.8070002177799213E-002
  -2.9797077269244507E-002
 -0.18861020778376389     
 -0.10828527388304621     
 -0.13160398218929786     
 -0.11822276604719646     
 -0.17005788185942805     
  -6.0992149415804286E-003
  -2.0048782803252303E-002
   4.7306313779417374E-002
   9.3468362490001483E-002
   9.2457262190211109E-002
  0.27763061849980830     
  -3.2826545462832285E-002
  -5.0066928052045795E-002
 -0.14645403659549858     
  -3.6505321499192445E-002
  0.18505960638217467     
  0.14586070297063591     
  0.17629816453592892     
   7.3673545755372966E-002
   1.9537688026776776E-002
  -1.0466488997387667E-002
  0.11069941710955143     
  0.22145512619301286     
  -7.7654637885048838E-002
   2.8712280057573921E-002
  -9.0960199527203078E-002
  0.10374995601825919     
  -3.3118341899434642E-003
 -0.11866943428403100     
  -8.5228087069584707E-003
   2.7270657896242646E-002
  0.21986683057156189     
 -0.19701741833775577     
 -0.15831455209422021     
 -0.28394247792150817     
   2.0251777210781929E-002
  0.13881952365963121     
   2.8094868146275209E-002
  0.11296457163367109     
   3.4336672425154790E-004
  0.20390401390594895     
  0.18752556698231834     
  0.44020185532755213     
  0.16658808818936444     
  -4.8317195371449066E-002
   9.2675243470251259E-002
  0.23585265599106964     
  0.43342701758303614     
   5.4272742215645702E-002
  -4.4164643806557597E-003
 -0.25818282795793979     
  -5.9421280153080236E-002
  0.12501729872267806     
  -5.9090371095154902E-003
   8.7413820432333075E-002
 -0.46506062161443168     
 -0.36831388013054467     
 -0.36500999060041578     
   2.6654025433644822E-003
 -0.24442538117439674     
 -0.54175273279673641     
 -0.46226789754315439     
 -0.48907673241522720     
   6.1078741382740130E-002
   1.7541567150723903E-002
  -6.0622248479185667E-002
 -0.26219675656853586     
 -0.29174017167704691     
   1.3286269830178537E-002
  0.22023027583459295     
  0.28498180880720242     
  -3.2756891888528393E-002
 -0.26096355909079855     
 -0.22076350287519478     
  0.32714478951353321     
   1.0498725915764242     
  0.64808027194083007     
  -9.9700282159485374E-003
