  0.65789734683988677     
  0.68407797693527816     
  0.67656317414119382     
  0.65990205967891424     
  0.67344565154211955     
  0.67634903527466972     
  0.68587940335799891     
  0.67643817638328851     
  0.68306576723080570     
  0.67976135865316056     
  0.66266094654335539     
  0.65916039603698162     
  0.66755482730735671     
  0.68036022493486337     
  0.68103319362546200     
  0.66730980457539335     
  0.66913731274220134     
  0.67782141455681066     
  0.65350293040481922     
  0.67742980737166203     
  0.67532037138233980     
  0.67062364596290391     
  0.66071018047938745     
  0.66620203396681321     
  0.66728272693065327     
  0.64491791387715902     
  0.68698310189256695     
  0.67136658082986544     
  0.66679323378934363     
  0.69290522214533623     
  0.66532716321026586     
  0.64889178920966728     
  0.67736831402432929     
  0.67709052656532520     
  0.66081678295114488     
  0.66487762166592701     
  0.65087452658239431     
  0.67254842841185236     
  0.68182949949408789     
  0.64753766463618800     
  0.67596067075235577     
  0.67568992035835174     
  0.68257947343231862     
  0.66762520237475553     
  0.68950295509185933     
  0.66828621203945526     
  0.67296041593199507     
  0.65836594213368826     
  0.67363463393028056     
  0.68944330003085097     
  0.67003530455298166     
  0.69046169576910399     
  0.69028066607879979     
  0.67773412726697857     
  0.65743328118246869     
  0.67250678379978202     
  0.66678928974251339     
  0.66684532449777978     
  0.66453741535449107     
  0.67531961458398349     
  0.65992072497940513     
  0.66816659487751884     
  0.68809307727110847     
  0.67220336497393918     
  0.68628170563833490     
  0.65845396197596362     
  0.67141281337774072     
  0.66363086034031704     
  0.68714150438489130     
  0.67823619183975725     
  0.67521612071886583     
  0.69288742274567428     
  0.68290846621741386     
  0.65427011268320456     
  0.67461202578249269     
  0.66774329954206668     
  0.68311319016081162     
  0.69704298553264576     
  0.66703964721808950     
  0.67813637714061126     
  0.66966304790031961     
  0.65147886902916252     
  0.67003170757535779     
  0.68091883159605648     
  0.68105231838694258     
  0.65117315483044391     
  0.68142930818000180     
  0.65267518505889388     
  0.69451407835929169     
  0.67148814721772154     
  0.65673924255226890     
  0.65015070521146223     
  0.67085422091761227     
  0.67153227007929817     
  0.67276489575834730     
  0.66735948668687572     
  0.66059653436076504     
  0.69339333820851912     
  0.67421554637720615     
  0.67849484484819900     
