   1.0000000000000000     
  0.33428516406051056     
   9.9360107179739185E-002
  -7.2392967934341218E-002
 -0.15808548576146211     
  -6.2783176165291475E-003
 -0.10550532223426866     
 -0.12435708020021650     
 -0.17544466905000181     
 -0.16416113488762168     
 -0.16042634621743276     
  -7.3428086045461458E-002
  -4.7436181313322417E-002
  -9.5349247254690999E-003
  -3.2951696897051785E-003
   2.3381425053853884E-002
   4.4473121315774231E-002
  0.10501000550411675     
  -5.1190589068242691E-002
 -0.21211691159103774     
  -3.4548440588936788E-002
  -7.1483110903838402E-003
  0.13141804578123603     
  0.15876820415982140     
   4.4674996115781358E-002
   4.4528978550948768E-003
   5.2739061786215811E-002
  -1.8443530509029391E-002
  0.13040304710991479     
   3.8087124909265926E-002
 -0.12146320191729520     
  -3.3064281031629714E-002
  -1.8092185678273042E-002
  0.13933450864288410     
  0.14596289963106915     
  -4.0241059455170709E-002
 -0.12268941464755904     
 -0.12434824996248239     
  -4.9229392332940727E-002
  -5.2102780828963996E-002
 -0.12888675942705785     
 -0.16453175939737824     
 -0.19853659260458364     
  -8.4687241191122919E-002
  -6.0861155951412317E-002
   4.8190329019597133E-002
  0.13004189866464910     
   2.1781022819793725E-003
  0.13029327157712714     
  0.25117243028055031     
  0.21660180404030138     
  0.25117243028055047     
  0.13029327157712720     
   2.1781022819793733E-003
  0.13004189866464910     
   4.8190329019597133E-002
  -6.0861155951412303E-002
  -8.4687241191122947E-002
 -0.19853659260458370     
 -0.16453175939737821     
 -0.12888675942705782     
  -5.2102780828963934E-002
  -4.9229392332940748E-002
 -0.12434824996248231     
 -0.12268941464755911     
  -4.0241059455170709E-002
  0.14596289963106904     
  0.13933450864288410     
  -1.8092185678273039E-002
  -3.3064281031629700E-002
 -0.12146320191729520     
   3.8087124909265926E-002
  0.13040304710991479     
  -1.8443530509029402E-002
   5.2739061786215811E-002
   4.4528978550948872E-003
   4.4674996115781337E-002
  0.15876820415982143     
  0.13141804578123606     
  -7.1483110903838316E-003
  -3.4548440588936802E-002
 -0.21211691159103779     
  -5.1190589068242656E-002
  0.10501000550411677     
   4.4473121315774231E-002
   2.3381425053853877E-002
  -3.2951696897051764E-003
  -9.5349247254691190E-003
  -4.7436181313322417E-002
  -7.3428086045461458E-002
 -0.16042634621743282     
 -0.16416113488762168     
 -0.17544466905000175     
 -0.12435708020021652     
 -0.10550532223426859     
  -6.2783176165291683E-003
 -0.15808548576146211     
  -7.2392967934341218E-002
   9.9360107179739310E-002
  0.33428516406051056     
