  0.70649593782022879     
  0.71413076873296433     
  0.70678777493254530     
  0.69763747526380326     
  0.70548816476360543     
  0.69269243191265251     
  0.69057846479716656     
  0.67638479684399466     
  0.67842977569842156     
  0.70617839494880918     
  0.70268868004104812     
  0.71509499741833749     
  0.70851478640846555     
  0.69165062878709871     
  0.69840913963946705     
  0.70487773596881187     
  0.69842869986542022     
  0.70997811728929705     
  0.69663641794234710     
  0.70766588079862847     
  0.70623137825190752     
  0.70676148230882230     
  0.70283971651630328     
  0.70119296381779483     
  0.68995329719471687     
  0.70832635410846689     
  0.71652816997454594     
  0.70392644957269634     
  0.70199760142064205     
  0.69733053164719172     
  0.70284510034782366     
  0.70048428070251278     
  0.71257868978219174     
  0.71509768215688529     
  0.70516154691466026     
  0.71190038504735131     
  0.69879320618932872     
  0.70404575323896745     
  0.69302549203582720     
  0.70550116916207617     
  0.70775153761537579     
  0.70997932115606222     
  0.71448506190593286     
  0.71467661314891129     
  0.70165180913745517     
  0.69786729422826410     
  0.70937471894972481     
  0.71072459932270071     
  0.71859657324984483     
  0.72684231684265588     
  0.70530987746279716     
  0.70835464755884592     
  0.70314163202687352     
  0.69227135413585994     
  0.69390462779056150     
  0.69761505066354201     
  0.69493795721397278     
  0.70898119789056846     
  0.69919520438125238     
  0.69829910138794826     
  0.69030484778054058     
  0.69014950014421383     
  0.70200669766424972     
  0.71531448357046168     
  0.70098859094732557     
  0.70162311911004949     
  0.69022473041431898     
  0.69362352781229852     
  0.70657490077173601     
  0.69288963277699556     
  0.69992515348524598     
  0.70347567565798597     
  0.71150996112108844     
  0.70533745932039793     
  0.70468124754084460     
  0.71564684305991155     
  0.70250322961874867     
  0.71453330260739323     
  0.69891502165302766     
  0.70550085850594990     
  0.71108121814478831     
  0.70828506429494742     
  0.70326995869835074     
  0.68407414289902879     
  0.69520634630450195     
  0.71046722306296384     
  0.69535793400900503     
  0.69814572091480709     
  0.71286347665795169     
  0.71346223952640864     
  0.69107382315901655     
  0.69198806221361286     
  0.69545047130767867     
  0.68408888932749645     
  0.71184021866309677     
  0.71459350232710106     
  0.72012894653114434     
  0.70395724507053326     
  0.72091745458799683     
  0.71827959484988602     
  0.71709102858495444     
  0.71974281463073320     
  0.70516882556772087     
  0.68653606932375288     
  0.69771928825959584     
  0.69036246084696540     
  0.69835759064323999     
  0.69590101284669859     
  0.70227245961482188     
  0.71238115020979265     
  0.71788489662952060     
  0.71350337346180559     
  0.70589825575262444     
  0.70866817331150445     
  0.71522453833666322     
  0.70748865007717299     
  0.69427704670241042     
  0.68514887907781963     
  0.71837738854601507     
  0.70285447119033273     
  0.71508243653802062     
  0.71495022941118935     
  0.71150637113661053     
  0.69594055648462450     
  0.69594740360157892     
  0.70329720433126475     
  0.71039918208662456     
  0.70144737521635780     
  0.71803793375552782     
  0.71017935673231425     
  0.69720931820898169     
  0.68850076229654278     
  0.69422256077572242     
  0.70309432530952054     
  0.67468151755630634     
  0.68994848789199281     
  0.70245837053041993     
  0.70060097420697975     
  0.69596776172370189     
  0.70226689056913660     
  0.70614766233543091     
  0.70136042256173781     
  0.70497444352800631     
  0.71178326356994170     
  0.69969745368749714     
  0.70505049866076064     
  0.72121283085970855     
  0.71283190959506648     
  0.70761376121287412     
  0.71061059995651943     
  0.70791103281747769     
  0.69102078044512272     
  0.70073637513361386     
  0.71595995922544275     
  0.71332843745206675     
  0.69501602334465362     
  0.70411284664550000     
  0.71283454120316447     
  0.70459847611433557     
  0.69063070951426087     
  0.69465647433094191     
  0.69528929902885139     
  0.69921644022317320     
  0.69658655892714383     
  0.69719566173546399     
  0.68361207112781808     
  0.70221292371891342     
  0.72761030681602901     
  0.71397931184145735     
  0.71109069028286598     
  0.70631126972144753     
  0.71099477052678806     
  0.71767647633573706     
  0.69884574757618068     
  0.70102530346628589     
  0.70082777058924506     
  0.70280573995138396     
  0.69979171808187424     
  0.69040573020698337     
  0.72145330467897939     
  0.71454832183610950     
  0.69744981983453869     
  0.70685051135532195     
  0.69494687138360578     
  0.70534505408186632     
  0.69935881987702697     
  0.70787184602718578     
  0.71133383658451732     
  0.69579810735767833     
  0.70656441397153602     
  0.70572714137702108     
  0.70769377889512597     
  0.69566683534430351     
  0.69852015555530911     
  0.68388753759617271     
  0.70279420703440088     
  0.71239415376017778     
  0.70619605462670210     
  0.70111702437798762     
  0.70816538027509268     
  0.70560653220978109     
  0.70308527982796276     
  0.69693151082524929     
  0.69931353721002099     
  0.70559854521410714     
  0.70613197299540431     
  0.70198098295103017     
  0.69547417364363562     
  0.71094096138520113     
  0.70438174128422715     
  0.71454579775933835     
  0.71072873833273209     
  0.70494208342871012     
  0.71309818863750063     
  0.69492356669878708     
  0.70231123803089179     
  0.71352575671541674     
  0.71413308166969680     
  0.70863449434478976     
  0.68448401817803783     
  0.71009046339503668     
  0.71006859675165745     
  0.69448764791438056     
  0.70441566302111147     
  0.70864663843981102     
  0.71614945925258711     
  0.71929684509403036     
  0.69666176190651374     
  0.69135749466730856     
  0.69644310578333279     
  0.70186940524583596     
  0.71373679404190848     
  0.71224272221011542     
  0.69190075147453334     
  0.70384125208814896     
  0.70887770681133377     
  0.72141376218040276     
  0.70607175770366093     
  0.70334886462434687     
  0.71166244092120157     
  0.68850200271792883     
  0.70337453761581381     
  0.70588298999627330     
  0.70064878346645942     
  0.70497363776874178     
  0.70013269941583811     
  0.71465168145785285     
  0.70946475408215304     
  0.70455835916111076     
  0.70295715974114970     
  0.69449967044063199     
  0.71216666131208040     
  0.69723042508397826     
  0.71732291507305912     
  0.71183523917386982     
  0.70024513968106628     
  0.69723018619282728     
  0.69367728062113654     
  0.70966771115203220     
  0.69933440667806057     
  0.70243517018278845     
  0.70289155814186388     
  0.70588014107608121     
  0.71192652982554716     
  0.70103931898748739     
  0.70350842414256187     
  0.72134256038491273     
  0.70824668255044310     
  0.70027427840610035     
  0.70761232975490362     
  0.71187666377183278     
  0.70636824426884315     
  0.69231100748264229     
  0.71335107040850498     
  0.70417887995752182     
  0.69407415838954734     
  0.69581600781848507     
  0.68765377663999294     
  0.69596981895482724     
  0.70463484231469176     
  0.70787278958585242     
  0.69749901656602287     
  0.70852548404830717     
  0.68626478273773761     
  0.70365358457994420     
  0.68680318834570508     
  0.69744268895860828     
  0.70518636279248359     
  0.70995624591082318     
  0.72559424703537245     
  0.69682733381226136     
  0.70090539188325618     
  0.68591567066282033     
  0.68685072182566398     
  0.69820234947193416     
  0.70816256460758720     
  0.70316752971541485     
  0.72652011886824219     
  0.69852182153970876     
  0.70229931925765943     
  0.71403341366531803     
  0.70734783524563716     
  0.71638799468877534     
  0.71714750581310127     
  0.71866600722244223     
  0.70784086028952320     
  0.69177863834575315     
  0.72193085714898819     
  0.70638594829833312     
  0.69889264184855115     
  0.69885224073305541     
  0.71502218568708309     
  0.68873665260347960     
  0.69908684906998930     
  0.69917164599232806     
  0.71033360983945404     
  0.70362629005305877     
  0.71586610638282566     
  0.70833686755083314     
  0.69803007175588250     
  0.71833579966435490     
  0.69696606265493111     
  0.69865479312675249     
  0.68540575625661138     
  0.69538632049113047     
  0.70846141767172610     
  0.68152957031992112     
  0.68694172484305682     
  0.69727892368936728     
  0.69634662802705050     
  0.70150736279522174     
  0.70715725935736662     
  0.70592113985390803     
  0.70786322025342185     
  0.69523025164559660     
  0.69932153402025665     
  0.69932583136261495     
  0.70917673210751087     
  0.69635051772481060     
  0.70413070286914348     
  0.69486874974570612     
  0.71175700265874853     
  0.70308334444007692     
  0.69578131896554496     
  0.70841067551418957     
  0.71040545164278890     
  0.72195944159785941     
  0.71130185980325455     
  0.70274625243469602     
  0.69814881802997120     
  0.70377392873163946     
  0.70046697604836761     
  0.70811759208395808     
  0.70460924723792995     
  0.70829769880665738     
  0.69572055869410132     
  0.68871315921877485     
  0.69694368421672004     
  0.69507148957956111     
  0.70568771776335459     
  0.70675205564976329     
  0.69768665142278985     
  0.70959728500579511     
  0.68917020717096666     
  0.70016098675764271     
  0.70813365923934501     
  0.71857761087354266     
  0.70591849156331865     
  0.70240457423115510     
  0.69936277067204289     
  0.70305832973186855     
  0.71765321270880789     
  0.70889553703539798     
  0.70294710256199378     
  0.70620116418316048     
  0.69511037486613858     
  0.70166376084569437     
  0.69473005062743776     
  0.69833940013216744     
  0.70709553025256144     
  0.69925026590351158     
  0.70480630879835704     
  0.70263948178078972     
  0.69933935590230478     
  0.70883872048374019     
  0.70574293645472963     
  0.70219847158060333     
  0.69395348660679135     
  0.68226552782848937     
  0.69788494474190399     
  0.69985936114206004     
  0.69417657047976000     
  0.71359819966255977     
  0.70618846731478002     
  0.71320388137188861     
  0.71719999623828645     
  0.70536779892914103     
  0.70336213620355414     
  0.70678969465974373     
  0.68486096236266314     
  0.68631830539390015     
  0.69668218921700231     
  0.69881143207946572     
  0.68940823735845791     
  0.69389434882815471     
  0.69424412570106586     
  0.69757620263867970     
  0.69635273312915114     
  0.69426355703211085     
  0.69917313536453163     
  0.71176200475045936     
  0.70012544788552400     
  0.70016830313543699     
  0.71558143461395163     
  0.70278700435865682     
  0.70461800115135398     
  0.67929300009040006     
  0.68749549848371727     
  0.70621619490639442     
  0.68316590550032152     
  0.69227707403098249     
  0.70505514881187159     
  0.71998546581742129     
  0.71594969970701694     
  0.70888566829506938     
  0.71085026426765885     
  0.69238141487283456     
  0.69786424043727280     
  0.71887273086541503     
  0.70537880100433115     
  0.70517617762914142     
  0.67859107761952442     
  0.70909620279041141     
  0.68146482846051415     
  0.70060096043544329     
  0.70052143887956320     
  0.69526119482669291     
  0.70749537580737576     
  0.69537691428505843     
  0.70824466017249732     
  0.70938196071073234     
  0.72549579256473762     
  0.70200008574630035     
  0.70020447467418045     
  0.70773062401713538     
  0.70271578538745838     
  0.70644963216223056     
  0.69899796921512547     
  0.71958315604503031     
  0.69452640616649430     
  0.69301702636208351     
  0.69586533727134470     
  0.70916266537117867     
  0.72081848972423612     
  0.69447403381676887     
  0.69058255026599724     
  0.71148486130076871     
  0.71728303020126061     
  0.71314229215800895     
  0.71281818390013363     
  0.69280962737836727     
  0.68421913492682374     
  0.69423854970745635     
  0.68851743570716051     
  0.69830344083419948     
  0.70614331474026926     
  0.71504649880892479     
  0.70743877675195788     
  0.71023196169416969     
  0.70481032828234591     
  0.69870260762967795     
  0.70582669837889866     
  0.69705331034305729     
  0.70036042005617449     
  0.72356767298948543     
  0.70268508331796686     
  0.71446289689261888     
  0.70207477308936528     
  0.71338534123048603     
  0.71163439431448805     
  0.70303110612358943     
  0.69927054671610056     
  0.71520458701828882     
  0.69787144464669071     
  0.70964829516674932     
  0.72047480299944111     
  0.70902277412808590     
  0.71337295353437802     
  0.71550244109862760     
  0.69718217788635528     
  0.69547281402751426     
  0.70884877785568956     
  0.71140937983243668     
  0.69735257968836117     
  0.70012876689403403     
  0.69103779206739824     
  0.69530586287842033     
  0.70797312554494563     
  0.70194255838090536     
  0.71017578348505095     
  0.70726535831659543     
  0.71539323486872552     
  0.70598923579859518     
  0.69699181463588167     
  0.68648071375332553     
  0.68129673789587131     
  0.68215747892344669     
  0.69681082490872837     
  0.68145075479432127     
  0.69210324686720293     
  0.68926915848378290     
  0.70308137014242056     
  0.69667456495348212     
  0.70672014753864998     
  0.71334904879459504     
  0.72635943103544798     
  0.71514376883266095     
  0.71274299839487154     
  0.70689128818907487     
  0.69265642809071537     
  0.68662488080363848     
  0.71292494960130182     
  0.71014079417685361     
  0.72248345971855732     
  0.70410862091246451     
  0.69786104243388103     
  0.69102792851086303     
  0.68696789329764740     
  0.70176638932025037     
  0.69787528701809753     
  0.70963218302067943     
  0.70711445444936749     
  0.70957386250994703     
  0.69799647871403137     
  0.70412530991153499     
  0.71797340574856383     
  0.71991946814756558     
  0.71209643722926519     
  0.71961921062715162     
  0.69704618360166026     
  0.70439875465046009     
  0.69856106194456635     
  0.71618161514797263     
  0.70327458239762342     
  0.69653737823073070     
  0.70177059914182349     
  0.71180857280413912     
  0.69613537531729419     
  0.70078487165479875     
  0.69264234519924195     
  0.68997186388080423     
  0.69252912665427757     
  0.70542535636858528     
  0.70969733758661580     
  0.72331737991565337     
  0.69652537678768456     
  0.69111803616230016     
  0.69794431198977758     
  0.71138293058008861     
  0.70558975866806728     
  0.70589274010161196     
  0.69106611350744862     
  0.70718940315839585     
  0.71294314288348115     
  0.71982788291684363     
  0.71321772361461189     
  0.69891415750281760     
  0.72188476837388771     
  0.70981785878760761     
  0.70199019974467725     
  0.69694684744253910     
  0.70759498628333983     
  0.70290193578846050     
  0.70400490323670939     
  0.68340755816026655     
  0.69551887658212275     
  0.70492194259239516     
  0.69372213841449137     
  0.69585441929385883     
  0.70022946856886426     
  0.69860301148615156     
  0.71149855852888921     
  0.70818243119140434     
  0.69317280432267503     
  0.70602292577779968     
  0.69173144787997976     
  0.71728542911202731     
  0.69113268091864222     
  0.68650711775256357     
  0.69251762267022843     
  0.70511409166921946     
  0.70377672229629551     
  0.69928402552360891     
  0.69203863370328189     
  0.70958553551799730     
  0.70281350616977911     
  0.71424195083722319     
  0.70833427613957223     
  0.69725757927238496     
  0.70664609393282896     
  0.70653846357456440     
  0.70541220510372549     
  0.71780644898033885     
  0.72655427093170077     
  0.71411293522168695     
  0.69519758846866853     
  0.69820620127048127     
  0.71327836672713019     
  0.70075247471270474     
  0.70468093182424207     
  0.72217251759152701     
  0.69720109646344541     
  0.71494273041980350     
  0.72261359896321176     
  0.72110139641168558     
  0.69844567076990904     
  0.68913152966840785     
  0.70756953212407514     
  0.70330124651234771     
  0.68906665896937103     
  0.69389050652213424     
  0.70268895775451901     
  0.69051171725123139     
  0.69856716578499689     
  0.70588509284997702     
  0.70833396336193666     
  0.71789373796445899     
  0.69738470872555158     
  0.70655709256493826     
  0.71035783887770876     
  0.70185906919678998     
  0.70703773118748126     
  0.69938728195803990     
  0.70638366032187505     
  0.69243568288680635     
  0.68890307933606276     
  0.70247526911759905     
  0.68979616746862482     
  0.69633297035749686     
  0.69794100171845097     
  0.70721029385739487     
  0.69760090439038847     
  0.70924010730891029     
  0.70231260039617704     
  0.69807665545458397     
  0.71533707799101587     
  0.71743580968487097     
  0.70496392015059861     
  0.70931536342471646     
  0.69763945983789877     
  0.70161301355619898     
  0.72887407101861301     
  0.69371094103029107     
  0.70074880407288709     
  0.70374871080427492     
  0.69506112081344662     
  0.70111790785047468     
  0.70975519988353830     
  0.71659174580996776     
  0.70819702742383017     
  0.71433844756811882     
  0.69256791422413377     
  0.70419202064145803     
  0.72074225764664823     
  0.72321472890349503     
  0.70800907695850812     
  0.69043667233766770     
  0.69097645060461765     
  0.69870690461651297     
  0.69978291534290116     
  0.69936506074919336     
  0.69195185043044727     
  0.71387979872587770     
  0.71670044518137888     
  0.71646164221458319     
  0.71911582621973857     
  0.71420788055420514     
  0.71525985723482199     
  0.71252500547058906     
  0.71841255273334592     
  0.71908110908869438     
  0.70978147143064296     
  0.68292973380250410     
  0.69654178656472876     
  0.70541098443633732     
  0.71039444166508292     
  0.70221946117813983     
  0.70153193058742414     
  0.69249509958983202     
  0.69942928488413825     
  0.70778626170060011     
  0.69369805817887564     
  0.68455014572504025     
  0.69871359479971673     
  0.70298618241363964     
  0.71437768888485520     
  0.73927679635146448     
  0.70732624937379474     
  0.69848278771769012     
  0.70112521645788406     
  0.69047313979079428     
  0.71438397630545869     
  0.69797738237791385     
  0.70460203332078186     
  0.69482272730079297     
  0.70520275781053765     
  0.70367844656394429     
  0.70663776465218375     
  0.69939399899096499     
  0.69266021003162126     
  0.68971922070181468     
  0.70408160546337639     
  0.71794587171473545     
  0.71013697487666982     
  0.70058561408642683     
  0.70841551811616343     
  0.72429669378314099     
  0.71714607537963415     
  0.70406201901828014     
  0.69595803957835656     
  0.70335909959112641     
  0.71033997517696335     
  0.69330094564548961     
  0.70814188501014463     
  0.70205223245178527     
  0.70760973220595380     
  0.69108897344908349     
  0.70745522273642725     
  0.71558949891414825     
  0.70989462859063290     
  0.69268352716685777     
  0.69938123795345764     
  0.69664203099682731     
  0.71544901902778946     
  0.69875499046491651     
  0.69210913548244890     
  0.70821574238531571     
  0.71009511798077429     
  0.72221332708039210     
  0.71401133339312695     
  0.69027153969767907     
  0.71203615725925906     
  0.69818176099372575     
  0.69341038067068128     
  0.70227487724004178     
  0.71857364566911786     
  0.71503480802069108     
  0.70658358806239985     
  0.70665288640402668     
  0.71307214248970763     
  0.69849530096558154     
  0.71223070346198170     
  0.71248122182614804     
  0.70451098733293704     
  0.69935780984260876     
  0.69859775592776230     
  0.70439880113378328     
  0.70180788631905433     
  0.69651857781153159     
  0.70352319229107152     
  0.70115279547564158     
  0.69815112498916443     
  0.70008468119977629     
  0.70399678941125521     
  0.71155790901756788     
  0.69087924889444474     
  0.70298218520525679     
  0.71128884405430814     
  0.70159328769875673     
  0.70338945582980483     
  0.69697618211537427     
  0.68843294003541122     
  0.68725111102769187     
  0.69823730096973236     
  0.71151355836027053     
  0.71533950239159239     
  0.71685061673332673     
  0.69837496167535817     
  0.68187807021799973     
  0.69636619691775847     
  0.70538913680515603     
  0.70648698843325963     
  0.70711595276030170     
  0.71161000541150354     
  0.71596988815227092     
  0.72431100522810210     
  0.71104376146568160     
  0.69249070257363221     
  0.69485441602931508     
  0.71211420062150022     
  0.70960791933540202     
  0.72217028843821329     
  0.69576056731389879     
  0.71779010528267251     
  0.70653552186959212     
  0.69875825848234752     
  0.71529602479415233     
  0.70874016428448949     
  0.70250972963032565     
  0.69318677869882872     
  0.69026390475826316     
  0.70820160287620704     
  0.71113985748908715     
  0.70743152386519437     
  0.72112901398371521     
  0.69937219145039808     
  0.69563300073817214     
  0.69335867706242993     
  0.70470487832901008     
  0.71692507271705963     
  0.69917973739755601     
  0.69004328711137952     
  0.70566564805379095     
  0.69573454143933089     
  0.70927403112485443     
  0.70994279299588425     
  0.70837647551593619     
  0.72179362609284536     
  0.69426527439927510     
  0.71054646423321477     
  0.72163397753640846     
  0.70554081140240299     
  0.70828530995369521     
  0.71018390388468089     
  0.71628866305970595     
  0.71934029990662063     
  0.70204869499079270     
  0.69815094565878844     
  0.70938112417598609     
  0.69870244832929140     
  0.71591699959654320     
  0.70820163493909016     
  0.72349022502203497     
  0.70375626081485687     
  0.68867608232351796     
  0.71335955261058093     
  0.71421247679287225     
  0.68587102411378975     
  0.67323497034688629     
  0.70510551627767493     
  0.68966775894857113     
  0.69484724762651529     
  0.70302579265409104     
  0.70382107028956820     
  0.71091544159724973     
  0.71541754807112301     
  0.70657960179927226     
  0.69563748706341311     
  0.69953217963838710     
  0.69582749317120662     
  0.70295618324809694     
  0.69442773920298839     
  0.70020133353489700     
  0.71101661081237910     
  0.70187251533283401     
  0.69743613504929414     
  0.70894630531009173     
  0.71298905240298127     
  0.71552494167206937     
  0.72093404246381709     
  0.71603156876978624     
  0.70060850877054037     
  0.69523247133261068     
  0.71297213004950755     
  0.69905395377276114     
  0.71031975662946412     
  0.70871034525900478     
  0.69047339768280036     
  0.69082643673453525     
  0.69926482793595746     
  0.68205394418763376     
  0.69263237281109646     
  0.70250141986973269     
  0.72707418595327467     
  0.70288263365777015     
  0.70716421743541724     
  0.69940618024645740     
  0.69411083352356040     
  0.70283014362423546     
  0.70179379024742850     
  0.68945046203695992     
  0.69235082259112757     
  0.70612148266123365     
  0.69193706816225842     
  0.70961519576176801     
  0.70888014383600806     
  0.69301313403224651     
  0.70532423159865754     
  0.70096874938211773     
  0.71319672920652910     
  0.71180602771276003     
  0.69908841302087732     
  0.69844862378369421     
  0.69387802162112722     
  0.69321845515626268     
  0.69380748467395370     
  0.70951666465311991     
  0.70447550010519799     
  0.71334640506087921     
  0.70002773851408651     
  0.69728738171429583     
  0.71802222351214062     
  0.71008081736452922     
  0.69663139337905855     
  0.69425386411371715     
  0.71060558249969530     
  0.70596817303769255     
  0.69409461525925920     
  0.69463975730049210     
  0.71424118763217237     
  0.70534810712160478     
  0.70947877255119762     
  0.69318870324548032     
  0.70076516185635640     
  0.69568118710939808     
  0.69966932360971179     
  0.70774901570881343     
  0.70613664985728475     
  0.69935918554051169     
  0.70153354205221452     
  0.70243288242706448     
  0.69717751976530606     
  0.70344624050978855     
  0.70136797838889775     
  0.69171220471182127     
  0.72329289622785542     
  0.71347509746756710     
  0.71948302841104883     
  0.71627552186232968     
  0.71105006836308937     
  0.70174993000805141     
  0.69941409035063151     
  0.69699864862780048     
  0.70906886807732805     
  0.70622588421387911     
  0.70030411481096944     
  0.68954654976623542     
  0.70054874116135812     
  0.70246661812511746     
  0.70423803272550956     
  0.70464740207892196     
  0.71398949535136480     
  0.71383923389231951     
  0.71391427777264327     
  0.69049548577168318     
  0.69827563174698959     
  0.69683008009095060     
  0.70417507462218254     
  0.70648248063188879     
  0.71517780732439939     
  0.70937654136541184     
  0.71684983744580488     
  0.70282687847955361     
  0.69780951693751891     
  0.69826284191713361     
  0.69826202288991435     
  0.70082007845428640     
  0.71141171365737554     
  0.70783225779961156     
  0.69392144317955529     
  0.69865369076346728     
  0.70370786986957534     
  0.69824102518251463     
  0.69445151804487570     
  0.70400644138040147     
  0.69546506305213729     
  0.69843833198229865     
  0.69769724189627480     
  0.70304719068215460     
  0.69330150189519046     
  0.69061285122631833     
  0.69300298779668812     
  0.71299443016838560     
  0.70918346967068924     
  0.71565355098971128     
  0.70804577496225551     
  0.71737173942735144     
  0.69335041165299216     
  0.68804794833515981     
  0.69193681152647013     
  0.69017802179586407     
  0.69343604068160924     
  0.70899171786094839     
  0.71067691376441267     
  0.71092986817042692     
  0.70731674068863359     
  0.70943042869208639     
  0.70963060600186401     
  0.67956297000867139     
  0.70439183434362107     
  0.71093869080538530     
  0.69372148182559290     
  0.70753946591985106     
  0.70464356698409991     
  0.70958710936564595     
  0.70745903804803356     
  0.69388054610195349     
  0.70091727783335844     
  0.71220287586725328     
  0.71384909797448093     
