   1.0000000000000000     
   6.5969140031388387E-002
   8.9803208398343236E-003
 -0.18555926373985934     
   3.6729361998293478E-002
   7.8498547779254177E-002
  0.16971787677424960     
  0.10911373855554612     
   1.6512661878924416E-003
  -2.7441239794400861E-003
  -8.8137951364548828E-002
   9.2435307823617377E-002
   7.6639630463121349E-003
  0.11950715523593797     
   3.1795138428210072E-002
  0.10716865329408920     
  -4.0913957072988165E-002
 -0.10612923696792508     
  -3.3257073612486893E-002
  -2.3936954409427981E-002
   8.5054727759341850E-002
  -3.3026987506817110E-002
  -4.0323378818638088E-002
  -9.2226999424324871E-002
  -2.4660851649733247E-002
   9.4462616693716167E-002
   2.0433977447017530E-002
   9.6512517848122509E-002
  -7.9486422213620539E-002
  -8.6452720010861919E-002
 -0.14574955370955300     
   7.2977509248778522E-002
   5.5598180376771514E-002
  -7.0525749038562752E-003
 -0.10976010918297248     
   4.8793632315229853E-002
  -7.5701174267257653E-003
 -0.16333505939375639     
  -4.6272817375018059E-002
 -0.10008243713536771     
   7.1755114717843807E-002
  -6.5609486837926112E-002
  -5.7410858417539269E-002
  -8.6409929232590471E-002
  -9.1644215383376665E-002
   4.6498691803050190E-004
   6.5166333241745405E-003
  -4.2040988760469238E-002
  -6.7198213080153807E-002
  -4.5232244298545277E-002
  -1.9151681470258010E-002
  -4.5232244298545277E-002
  -6.7198213080153849E-002
  -4.2040988760469238E-002
   6.5166333241745084E-003
   4.6498691803048515E-004
  -9.1644215383376651E-002
  -8.6409929232590499E-002
  -5.7410858417539269E-002
  -6.5609486837926112E-002
   7.1755114717843793E-002
 -0.10008243713536780     
  -4.6272817375018073E-002
 -0.16333505939375623     
  -7.5701174267257879E-003
   4.8793632315229776E-002
 -0.10976010918297248     
  -7.0525749038562778E-003
   5.5598180376771514E-002
   7.2977509248778480E-002
 -0.14574955370955300     
  -8.6452720010861919E-002
  -7.9486422213620456E-002
   9.6512517848122537E-002
   2.0433977447017519E-002
   9.4462616693716153E-002
  -2.4660851649733254E-002
  -9.2226999424324885E-002
  -4.0323378818638095E-002
  -3.3026987506817124E-002
   8.5054727759341892E-002
  -2.3936954409427981E-002
  -3.3257073612486872E-002
 -0.10612923696792502     
  -4.0913957072988151E-002
  0.10716865329408919     
   3.1795138428210044E-002
  0.11950715523593806     
   7.6639630463121019E-003
   9.2435307823617419E-002
  -8.8137951364548786E-002
  -2.7441239794400926E-003
   1.6512661878924537E-003
  0.10911373855554611     
  0.16971787677424963     
   7.8498547779254177E-002
   3.6729361998293499E-002
 -0.18555926373985943     
   8.9803208398343427E-003
   6.5969140031388401E-002
