  0.17587038771460689     
  0.16151103130413463     
  0.19366818953623141     
  0.17582291107622927     
  0.15477541422391894     
  0.17866084171584296     
  0.16398234504934436     
  0.18403297466019897     
  0.16457890752554366     
  0.16075832777711918     
  0.17464273325831633     
  0.16863833651415372     
  0.14819186668767023     
  0.18065876178505452     
  0.15587519198678260     
  0.18560581212959765     
  0.17667738570549571     
  0.16967748006667582     
  0.17498154955289652     
  0.16095695878565358     
  0.16102425510216964     
  0.17808271201736806     
  0.16113542648847390     
  0.14226143698570282     
  0.18909586240162835     
  0.17372956821328711     
  0.16782382218758779     
  0.14383944867847645     
  0.17684527272685427     
  0.16476118755377900     
  0.19516258704856021     
  0.18000598068548884     
  0.15463928087543588     
  0.16125686837137462     
  0.18442610108058313     
  0.15786891321546379     
  0.17380695798128715     
  0.15796342827271614     
  0.15344231497881516     
  0.16841999742123392     
  0.14593448173434470     
  0.17416805877134128     
  0.16871441664355433     
  0.16703237918979616     
  0.15159700713342589     
  0.18899776400874019     
  0.18647699888862937     
  0.18130256687647578     
  0.16283951896715468     
  0.18643264649939628     
  0.16835867064590940     
  0.18264451464035364     
  0.15940289589536166     
  0.17049872418304030     
  0.17268633561653521     
  0.17866464497853415     
  0.16783232922131230     
  0.16937690853257270     
  0.16983617913312438     
  0.16002447892368443     
  0.16757839729795884     
  0.17999454129704989     
  0.17154919858394327     
  0.17393093327244621     
  0.15548560066412245     
  0.16017597990094148     
  0.16991396366597936     
  0.16746486888083420     
  0.17368337838244396     
  0.16356439949468560     
  0.16726595264694338     
  0.14004104837498257     
  0.18340489490671744     
  0.18205625137521975     
  0.17246378523665978     
  0.15839809462740706     
  0.14812949744528806     
  0.19033749295024344     
  0.17003980888314571     
  0.16693145088064112     
  0.16070937736886926     
  0.17030057078744468     
  0.16391316558317520     
  0.18006576140521446     
  0.16381937384242665     
  0.17622301211606822     
  0.16544915222976461     
  0.17880773275024353     
  0.19350715524262049     
  0.18003586502436336     
  0.15895907411104435     
  0.16121600021594340     
  0.15320464517551732     
  0.17530652312445544     
  0.16836987505532505     
  0.15537746652820342     
  0.18649755182345398     
  0.16522436416520436     
  0.14289592167214299     
  0.15302885944595726     
  0.17804374791471506     
  0.16922660896233549     
  0.17427556280565959     
  0.14554782060017099     
  0.16011973322661310     
  0.17980393892483956     
  0.15800759675284942     
  0.17801477463235335     
  0.16345141877352623     
  0.17725637087327581     
  0.15103012015349571     
  0.15512603094798083     
  0.16350720515528902     
  0.14952129298002431     
  0.16966956152010768     
  0.15162681116149676     
  0.15148340179482800     
  0.16489333457440183     
  0.17533131929005155     
  0.19240699223099844     
  0.17094694034127608     
  0.14408925251398214     
  0.17107568573992449     
  0.17286296387671743     
  0.15222896557724724     
  0.15123965226564826     
  0.15325618617765807     
  0.17080496036820622     
  0.17586646165633668     
  0.16804206730081364     
  0.19248074425342729     
  0.16199303210103361     
  0.16319480398557959     
  0.18160893532145395     
  0.17240273185539828     
  0.16014920599584259     
  0.17605425881232956     
  0.15894406527916427     
  0.16779294815554835     
  0.14356978140112911     
  0.16762876395334184     
  0.16100758816929600     
  0.15843224930891567     
  0.17185274792640445     
  0.18204926366404311     
  0.16653858556870399     
  0.13106498227116925     
  0.18123228790363827     
  0.15529645489530833     
  0.15866242896082153     
  0.16456663762993637     
  0.18645580453223742     
  0.16006575184409638     
  0.18001848252305894     
  0.16206135347197564     
  0.19467870176643512     
  0.15321568165001057     
  0.18257291993669994     
  0.17219392817018120     
  0.15535931188853194     
  0.16905827724917902     
  0.15877827494639246     
  0.17765671868423757     
  0.14760079649841290     
  0.17379402554690049     
  0.15706513222938129     
  0.15595546790909667     
  0.16011525501144500     
  0.16628340682231349     
  0.17175980734964258     
  0.17519979469497377     
  0.18498413049916324     
  0.18961763536947829     
  0.17080359874475617     
  0.17929114032858451     
  0.17637928568231237     
  0.18048764972339171     
  0.18876854799712123     
  0.14539504666801703     
  0.17368388805777316     
  0.17132606575483192     
  0.14498100544195011     
  0.17933770949568281     
  0.18104118580458761     
  0.17323445505286941     
  0.15606519595967785     
  0.14693527126559769     
  0.18683879363254760     
  0.15673488834243682     
  0.16289633362557870     
  0.16743886651152992     
  0.18503094246907323     
  0.18655381084721243     
  0.17636721777315936     
  0.17839894894339162     
  0.18673734001231088     
  0.17045770775813487     
  0.16707072730041955     
  0.16055851261265291     
  0.16705886462893790     
  0.16274124575538113     
  0.17871381200295167     
  0.18626486517655069     
  0.16054168395132271     
  0.15625735151902842     
  0.16303763802778715     
  0.18600443056764562     
  0.17716808102756018     
  0.19434953192057963     
  0.14602351840311550     
  0.18265525958933215     
  0.17355715975356917     
  0.16267003472855987     
  0.16677151952884156     
  0.17098996152729720     
  0.19249349880296590     
  0.16125385741128534     
  0.19202286943530153     
  0.17254736783755711     
  0.15580833304363262     
  0.18316598488180194     
  0.16989296552577421     
  0.16237914404627873     
  0.17172756051092830     
  0.16759079941463509     
  0.16842406725620099     
  0.16581188389865126     
  0.17356612504604496     
  0.18843343488429615     
  0.16732019019631564     
  0.16874171219751563     
  0.15509688077982167     
  0.15221158047609543     
  0.17850225917647175     
  0.16443741066887171     
  0.13511458099891427     
  0.15770210365354251     
  0.16463009304460838     
  0.17267746077008572     
  0.17460242673074616     
  0.16098959161113147     
  0.17684858428690794     
  0.15618004783702102     
  0.15769065850819877     
  0.15269040573202461     
  0.15606977590159077     
  0.15637407815634605     
  0.14923944333240677     
  0.18322760386929052     
  0.17037317040098454     
  0.16042855399993283     
  0.17405795933077833     
  0.15760268959875240     
  0.16894050734695037     
  0.18557040104522446     
  0.15647315113710811     
  0.14618195114630783     
  0.17596828427203251     
  0.14726219941551358     
  0.14196719474355091     
  0.15912919061550573     
  0.16819403836275040     
  0.13200463886995203     
  0.15219409743570694     
  0.16918203198923171     
  0.15661486102349881     
  0.17761240045755994     
  0.16101610602927044     
  0.17369204987981951     
  0.16755142883569099     
  0.15223373127805220     
  0.16573697545768262     
  0.18413018037056825     
  0.17229134083112507     
  0.16727171124562065     
  0.13842010041771768     
  0.14981338961964077     
  0.17645898264354842     
  0.16086316556490060     
  0.16264050434006855     
  0.15768224803426489     
  0.16080790606750181     
  0.17984450093256360     
  0.16597294596502271     
  0.17701279052342170     
  0.16454011768314847     
  0.15847556591775219     
  0.16923478656433613     
  0.17206692084179434     
  0.16686622171227294     
  0.17310121270552906     
  0.17578014509640918     
  0.15373083368241375     
  0.18850053883437454     
  0.16283551256600312     
  0.16993287082981323     
  0.17206051859217647     
  0.16130789024147893     
  0.14214219647404605     
  0.15477008573463630     
  0.17865537035557200     
  0.18443813865663980     
  0.15966734249531761     
  0.15939958866965420     
  0.16698292172228768     
  0.16102548235872580     
  0.16137584711452915     
  0.14170615637358741     
  0.16564238895749148     
  0.16203941011708475     
  0.15915771735339446     
  0.19280003480943889     
  0.15681125480492625     
  0.17293652505456103     
  0.15669774991549909     
  0.18781765209407986     
  0.18358311327146687     
  0.14519539052707472     
  0.18432056001657501     
  0.15356289656108360     
  0.16618831616457641     
  0.16885618942833922     
  0.17733663376028549     
  0.17052169382641946     
  0.16690355779148103     
  0.17513763949724920     
  0.17525088832677593     
  0.18096453352858763     
  0.19338261666230852     
  0.18224976904552750     
  0.14328307204945337     
  0.18664581305623287     
  0.17548476241269290     
  0.17129418410447114     
  0.16988574697696807     
  0.17038703734106492     
  0.17513425809300970     
  0.17129832620248306     
  0.17569655860006722     
  0.16517385598526502     
  0.16678365480459642     
  0.19384714976685502     
  0.17736650778377022     
  0.16623206401039892     
  0.17008594617782377     
  0.17359592062665666     
  0.17009347743139588     
  0.17784102181225295     
  0.16726711012074813     
  0.16348011029062287     
  0.17565311531282032     
  0.15350827702585926     
  0.14508511519010009     
  0.16693718529065385     
  0.16552404080430036     
  0.15616099039639156     
  0.17058456668895539     
  0.15387485938358711     
  0.18480798672957480     
  0.16815785700140126     
  0.16604964391749533     
  0.17349792299499017     
  0.17263574434416029     
  0.16719865445363205     
  0.18286422178948650     
  0.15993078085764115     
  0.17924092304620209     
  0.16660998046884307     
  0.16836864462416068     
  0.16629977346989830     
  0.16038870999934651     
  0.17640788659728895     
  0.15048991337818046     
  0.18548763284152220     
  0.18281428025392024     
  0.14580189165841029     
  0.15831898215649853     
  0.16217985927583323     
  0.16612229405110254     
  0.16333190484685117     
  0.18593033469309969     
  0.16655426496026232     
  0.16400587398480135     
  0.17228685860972121     
  0.17204500386435667     
  0.14458701236166693     
  0.17149278089619693     
  0.16594646537106786     
  0.16205833778382264     
  0.16315109109791703     
  0.18103348871732144     
  0.17122142856647854     
  0.14731577926323203     
  0.15167639671370950     
  0.18068133875625375     
  0.16146485470465793     
  0.18183462097363004     
  0.17777089867097048     
  0.18259612021289903     
  0.14446469314185131     
  0.19454171517170046     
  0.17054176418922662     
  0.14843693044161418     
  0.18045590730104588     
  0.18324725030576000     
  0.15818687847323154     
  0.18458030717842230     
  0.16883158917879312     
  0.19027909488871378     
  0.15230236052229482     
  0.16394957449144260     
  0.15673689215927020     
  0.15713246956064220     
  0.15740005840980348     
  0.15910786471385507     
  0.15432300213103015     
  0.17939383684318838     
  0.14555582482755086     
  0.16298596278621785     
  0.16793221967019040     
  0.16782981431274513     
  0.16980331829248160     
  0.15824716137310710     
  0.18704278869419763     
  0.18259797193321461     
  0.15594195979546691     
  0.18404602875442294     
  0.18020909995542159     
  0.17982008707933791     
  0.15662881866677392     
  0.16021462041659906     
  0.16707770055713558     
  0.17346368687788663     
  0.14764133239053467     
  0.16323474182690056     
  0.17056909174912704     
  0.18808017328674051     
  0.16119038147471357     
  0.15781115990902014     
  0.20046198784385538     
  0.17665537022864247     
  0.15899376878786078     
  0.16795046685478160     
  0.16701844270753941     
  0.15323427927223235     
  0.17499706129657738     
  0.18389950968024865     
  0.17255550224185517     
  0.16708069533663272     
  0.16060050616964941     
  0.18620096806257608     
  0.15843033602708481     
  0.15903393370105559     
  0.17598278858126593     
  0.16400702631778910     
  0.16506368327182031     
  0.17373254015082384     
  0.19791555895920102     
  0.15905698738195043     
  0.15259771150365295     
  0.16501528200118307     
  0.16963938253792996     
  0.17761213643141913     
  0.16823985851439524     
  0.18394677594684619     
  0.18098262610811941     
  0.15871860511983898     
  0.18904655001251316     
  0.15471688874124628     
  0.18806708307450010     
  0.16059278452449605     
  0.16350530645916100     
  0.17632203102249042     
  0.16221991639979730     
  0.16745000082022590     
  0.16437661913127413     
  0.18275688244682606     
  0.14619547043016307     
  0.15051994285260359     
  0.13749984272759000     
  0.17192008572916714     
  0.15938733887359643     
  0.17642516390927507     
  0.17034713053329265     
  0.16198887735781159     
  0.19022216956521304     
  0.17740355486876647     
  0.16924604161428411     
  0.16042074654319444     
  0.18514503545441627     
  0.17053557936141964     
  0.17319869633501681     
  0.17377750042628892     
  0.17246181202179217     
  0.18744324177110072     
  0.18344702864393506     
  0.18599874035538960     
  0.18343385935949480     
  0.17458805887649281     
  0.16610945963505142     
  0.17080586614692583     
  0.17469444931552883     
  0.16960974274872248     
  0.15875931278564470     
  0.16893522173030071     
  0.16629577810626772     
  0.15723266286737320     
  0.17118478201416540     
  0.15688454827114728     
  0.18119149924240568     
  0.15997842947092691     
  0.16442132153277211     
  0.16273073346585140     
  0.17115415436915160     
  0.18378489404066373     
  0.17248005280592899     
  0.14938993683910587     
  0.16574893124900869     
  0.17407574673654444     
  0.17502829130929717     
  0.15972993254317794     
  0.17330801786824407     
  0.16374561959782896     
  0.15321822225435999     
  0.15372064523866535     
  0.16039522296454112     
  0.18330013456869199     
  0.16435448532123112     
  0.14982835953022602     
  0.17158115730392634     
  0.18975070757395537     
  0.17686433413460131     
  0.17925407344670086     
  0.16826127280901085     
  0.14052458661431122     
  0.15628249549591211     
  0.17249245306113570     
  0.16502604650082578     
  0.16886365682004154     
  0.15831580422681352     
  0.15656711195714365     
  0.16963678981218669     
  0.15947456160604179     
  0.18139849207516764     
  0.16501556690484515     
  0.15583636495190775     
  0.17395965498797158     
  0.16758705067122168     
  0.17273155617810565     
  0.16717568321395521     
  0.16392707422615449     
  0.17479103368318127     
  0.16683444551161850     
  0.17347197361150041     
  0.16795364646924152     
  0.17277900577491531     
  0.14270249152827194     
  0.16435851876396554     
  0.18561412844867686     
  0.15950549333485822     
  0.15630421141531692     
  0.17877599140633968     
  0.18079756597106370     
  0.15786513749021766     
  0.17151210930740871     
  0.15771712846881114     
  0.14552460968577233     
  0.16869547911378960     
  0.18118409009608874     
  0.17081663313498263     
  0.18147840051946609     
  0.16509276897686542     
  0.15839938243961416     
  0.17842227252201789     
  0.17129468789962513     
  0.16941982482505138     
  0.15221150587153584     
  0.16401510478689751     
  0.17075198707721492     
  0.18526315536029420     
  0.15371381615735413     
  0.17092798463297507     
  0.16956027858126954     
  0.17950799942624485     
  0.17937542917087843     
  0.17004254114524003     
  0.15581169210344528     
  0.18913065326911935     
  0.18070071865703852     
  0.18251494757073700     
  0.16668198289046599     
  0.17091439414641979     
  0.15579844811335161     
  0.15133446679000850     
  0.14857833167072421     
  0.13768407860058199     
  0.15818013204339165     
  0.17167406699808979     
  0.17093490594632388     
  0.17981166996406497     
  0.17717595361938909     
  0.15939530955369366     
  0.19443313508711038     
  0.14804590119546965     
  0.16883780346311913     
  0.15747556613442379     
  0.18442830160337190     
  0.18453496800886318     
  0.18539923572714556     
  0.15809305286189498     
  0.15052067264278440     
  0.17763962656287971     
  0.18808996910164641     
  0.16247001653805451     
  0.15771561239273402     
  0.15277664546069142     
  0.17238102453573126     
  0.15547553087770033     
  0.18164642248718757     
  0.17238831959400222     
  0.14796821520403827     
  0.18808381778169900     
  0.16792259528825343     
  0.16498362565139976     
  0.17976727769109813     
  0.17944756694771469     
  0.17559358937434949     
  0.18713621955765400     
  0.18331887534387567     
  0.18942614450988024     
  0.17295687892668976     
  0.18859213465230035     
  0.15890437171997973     
  0.17584674896606653     
  0.17289087048195231     
  0.17493808354023685     
  0.16433758320839717     
  0.14779675780720714     
  0.16070521814277750     
  0.16294469537585254     
  0.16249284988717685     
  0.16477928603770980     
  0.18012806624733682     
  0.17151612276938502     
  0.18881916016662467     
  0.18167116176764050     
  0.17780740283378377     
  0.14278634580619706     
  0.18073353745945439     
  0.18218492326289148     
  0.15501965228115855     
  0.14392795358275712     
  0.19537096724349357     
  0.16681782318553234     
  0.16016932233498299     
  0.16534910470399625     
  0.17357550321288737     
  0.16092445162938762     
  0.16725112691613958     
  0.15524103210485909     
  0.15472530995391159     
  0.16568145154485220     
  0.17256015038331202     
  0.18775576399531960     
  0.17733688303259787     
  0.19902941782978711     
  0.17987776058763522     
  0.19117174719564065     
  0.16256744100960710     
  0.15924348688625253     
  0.18683155694118658     
  0.17311751401316242     
  0.15760790737217942     
  0.14858961448388652     
  0.16563625243231977     
  0.17864971815810213     
  0.15876472772405623     
  0.18779842468864286     
  0.14478087551407068     
  0.16993113618279385     
  0.15448191148901608     
  0.18102511946323455     
  0.18331149099016475     
  0.18622741620333824     
  0.16772595646791261     
  0.15381313667098012     
  0.15697071500328133     
  0.15912940267309175     
  0.16834649590945455     
  0.18225082239700371     
  0.16144610532521661     
  0.15744445558015169     
  0.16675969238504865     
  0.14385999516949705     
  0.17011115674138000     
  0.15477275303685142     
  0.15407135287899129     
  0.17812281348055883     
  0.15651969544938391     
  0.16183327892460925     
  0.15323449847925394     
  0.16878045297874644     
  0.18056742794475725     
  0.16519695457651024     
  0.14573021077260243     
  0.16171565177713243     
  0.17255049095249567     
  0.19027302044015657     
  0.16218532047802545     
  0.18415905854502337     
  0.16348217708471355     
  0.16604451902261610     
  0.17143368526083624     
  0.17684576721118847     
  0.18470626753978045     
  0.16650551963318563     
  0.16753809823626281     
  0.17607813180834056     
  0.16385474109834469     
  0.17310933631311151     
  0.16729610922136337     
  0.18697994704592472     
  0.16936367614289227     
  0.17053059652797564     
  0.15035345606021064     
  0.16971889237737778     
  0.18891583659098135     
  0.17765640369637464     
  0.14093446319824593     
  0.13819576520765420     
  0.18884161330849825     
  0.16184095992370379     
  0.16805494537268520     
  0.17863047353308792     
  0.14253993634735881     
  0.15238429088379568     
  0.17592973565023243     
  0.18629655857357430     
  0.15405861420404859     
  0.16482579515671486     
  0.14568458006510646     
  0.16626239498618386     
  0.17846125819646083     
  0.18614675204997597     
  0.15795721408181085     
  0.17342393689577604     
  0.17190330058122422     
  0.17834960451657150     
  0.15733328490951859     
  0.15349600506418279     
  0.20267979994509497     
  0.14567339294414047     
  0.15580653173141140     
  0.17947130775389220     
  0.18812378134378840     
  0.15645904221814641     
  0.18237555595870494     
  0.15766097909833338     
  0.17167184810257327     
  0.16281085580579274     
  0.16368801153300330     
  0.15395370427533894     
  0.15965558257083881     
  0.17279177158728051     
  0.16797892758557531     
  0.15487372166583929     
  0.15327872911743703     
  0.17373403778991314     
  0.16896886229403230     
  0.17110940603391864     
  0.16551700663716215     
  0.15998574214769015     
  0.16276547741749425     
  0.17504863313379182     
  0.15868014994031820     
  0.16184116236031579     
  0.18136120372809797     
  0.17775130877890549     
  0.18102643922270042     
  0.17188436966767143     
  0.17488267451797249     
  0.13929842793243491     
  0.18775616261735714     
  0.18865425221452109     
  0.16985345290518736     
  0.16017476569567102     
  0.17483218392913560     
  0.17261994057346558     
  0.16329476045147945     
  0.16905524935666300     
  0.15745774576740387     
  0.15611183703416956     
  0.20052607584999141     
  0.15700388222976785     
  0.15186014623727725     
  0.17386252139967781     
  0.17080459035323192     
  0.18458455383409422     
  0.16067630427303994     
  0.17635219765318583     
  0.17225329064031603     
  0.18235834481335406     
  0.18118189176587651     
  0.18860702071974861     
  0.17137359709370145     
  0.17297461250020410     
  0.15637674935579671     
  0.16554635165522988     
  0.15150909728141990     
  0.14468665393851898     
  0.16726030464681166     
  0.15926268272878727     
  0.16724394026871259     
  0.16052625567019044     
  0.15811371356815224     
  0.19219380896138599     
  0.16000229392940715     
  0.17597900128682439     
  0.19615346709479436     
  0.16544426994948672     
  0.18652305448956574     
  0.18763051042500395     
  0.17294395751475844     
  0.15459127619221855     
  0.17486618268913007     
  0.17513013053905901     
  0.15668629618172017     
  0.15833551634790474     
  0.13803808271568146     
  0.16682490985662599     
  0.16079837834755814     
  0.18814746095894105     
  0.14997670944072741     
  0.17641071046785428     
  0.15346424694198366     
  0.17584713289806356     
  0.16723144021275016     
  0.16367135913031636     
  0.16566939912762044     
  0.16273316804510651     
  0.17464931556395846     
  0.16202635782262945     
  0.15120937017195327     
  0.18237492366632410     
  0.16839392164682582     
  0.16759927461928792     
  0.16313171279553529     
  0.16923849494364679     
  0.18110371745776302     
  0.16563633143698264     
  0.16868388187948974     
  0.19277377213486666     
  0.14092477868686074     
  0.14835102358295629     
  0.16589085623039129     
  0.16152610906592316     
  0.15680070128288565     
  0.16438021176163839     
  0.17885495819273831     
  0.15856606113507996     
  0.16686704703347777     
  0.18683848059330141     
  0.18125440982389993     
  0.16582117921715167     
  0.15612815372011155     
  0.15831952632887047     
  0.16794913538819026     
  0.16912695162838823     
  0.19440038684113026     
  0.15631227278571366     
  0.15110163955734732     
  0.17271116135785758     
  0.16547967746919098     
  0.17291364551520302     
  0.17890718948510517     
  0.15659225098092813     
  0.16974388275972618     
  0.18634606454211605     
  0.16576382662079278     
  0.16438700556610544     
  0.18262958424500214     
  0.16393485470132582     
  0.17260865225003957     
  0.19394254362006796     
  0.18330335171524012     
  0.16284731893546731     
  0.15784687127039307     
  0.19812856289643938     
  0.18477283649796414     
  0.15810753728183785     
  0.17357742122407133     
  0.16975208603414418     
  0.16261589438402990     
  0.16485828485138537     
  0.19022016253150098     
  0.16999985459576347     
  0.19999587966860974     
  0.16629725328816802     
  0.16140577143109994     
  0.17436659631020898     
  0.15838708798520529     
  0.17602527563697071     
  0.18473340975470934     
  0.17072005690395753     
  0.18295231913311544     
  0.16011791264074907     
  0.15189910806616086     
  0.16258688145004674     
  0.17185469124869113     
  0.15919478257270694     
  0.17439199631120123     
  0.17944156784008319     
  0.16544264156435021     
  0.15159403975069402     
  0.16731646562456820     
  0.14938170855172214     
  0.18902257255090599     
  0.17029169043563366     
  0.17196633537197506     
  0.16734078277618081     
  0.17571883574898078     
  0.15989073452306185     
  0.16220067968596635     
  0.17588234169750502     
  0.18584790334266177     
  0.14950135862661820     
  0.17042360373081517     
  0.16971894389793257     
  0.16495588209926304     
  0.17934096181539372     
  0.18252541967828881     
  0.16529629514384236     
  0.17296859276320986     
  0.18522732814465417     
  0.18388686035504723     
  0.16646024297278628     
  0.18878321051503402     
  0.15349331579485931     
  0.18339314804558313     
  0.18070579806016085     
  0.16262278496856600     
  0.18760606287027665     
  0.17509369190778756     
  0.15741276290122966     
  0.18778791163630257     
  0.15124650830060707     
  0.17447238004262677     
  0.17336347416038808     
  0.15618510569489838     
  0.17317775555761752     
  0.16564820833757726     
  0.17273558451311088     
  0.16810454915348283     
  0.17360737056395728     
  0.15366173990050905     
  0.16866572958381762     
  0.16343869278279394     
  0.17401930846626884     
  0.17423689527426584     
  0.15775024001873797     
  0.15986866356260659     
  0.18247746883188687     
  0.17174680263413653     
  0.17349554985180848     
  0.16140199669326177     
  0.16112547957362119     
  0.15543176695558936     
  0.16765968430376704     
  0.16241287886745218     
  0.15691735054556724     
  0.16351899804497069     
  0.17099846175392952     
  0.16211669978067383     
  0.17821163212652963     
  0.16773051854860752     
  0.17100839075446034     
  0.15199915012812928     
  0.18574573774112349     
  0.17041961421856211     
  0.17603442268172290     
  0.17002113001496513     
  0.14144799769932742     
  0.19041471137286728     
  0.16627817588407931     
  0.16297895440934668     
  0.17706703087789211     
  0.17516691119408243     
  0.17995398170116481     
  0.17193736420826297     
  0.16998615829390171     
  0.18940702725104955     
  0.16667747905145391     
  0.15726979810695119     
  0.16439935844383222     
  0.17519634669412057     
  0.17613929460799849     
  0.18367385870620995     
  0.16641393988859018     
  0.16729971370629662     
  0.16429270577281591     
