  0.99900000000017009     
  0.35165000617388231     
  0.18029315995624368     
   5.6603768387284252E-002
   3.3539375481738804E-003
  -3.3518778658884772E-002
  -2.9361710106499688E-003
   2.6390193711988276E-003
   1.4213160093459850E-002
  -2.5679335295147550E-002
   3.6669734227371714E-002
   4.1918871511915645E-002
   5.7478386797632480E-002
   3.5235465809522630E-002
   2.5241608411830097E-003
  -4.3296942614233717E-002
   2.6459822833110228E-002
   3.7520416594319428E-002
   6.7642801370121186E-002
   2.0486810627752459E-002
   8.4374261284318602E-003
   3.5680170363251535E-003
  -3.3886561182544760E-002
  -4.7479855747535979E-002
  -1.2119663732883038E-002
   4.7826440812685528E-002
   4.2552793161792189E-002
   5.3033374454706142E-002
   3.2037896744846847E-002
   2.7634509301606765E-002
   3.1283790820119430E-003
  -1.2984644013735478E-002
  -3.3120309637272832E-002
  -6.9397542555535763E-002
  -3.7464142012782822E-002
  -2.4341753802944524E-002
   1.8858933058312932E-002
   1.8457398440593964E-002
   4.3664574551192964E-002
   6.1508721793804969E-002
   6.4396879656991044E-003
  -1.2555892633293972E-002
  -2.9697128167776345E-002
  -3.5122320282822771E-002
  -3.7198813695403926E-002
  -3.7007314243966256E-002
   2.0721708158374524E-002
   2.4094284942808648E-002
   2.0468323051777818E-002
   3.2626350500884353E-002
   5.2602675274973101E-002
   3.7260956531560849E-002
  -9.5494064868650273E-003
  -2.9156847757113941E-002
   2.6734502931572552E-002
   1.0329277626875749E-003
   1.8978889377784074E-002
   2.5962674477836008E-002
  -1.2899766957996626E-002
  -4.8452379096008268E-002
  -2.2671251977430220E-002
  -2.8829658072022177E-002
  -3.9508800180393301E-002
   3.1130499410079140E-002
   1.3402208032553729E-002
   3.7447441647690718E-002
   5.0799682798013647E-002
   6.2060315138535611E-002
  -6.7036018240348961E-004
   4.6430502069939690E-003
   2.4502104564457207E-002
   1.1859984020944896E-002
   2.3494729108344953E-002
   4.4834791943882110E-002
  -6.0543680961495459E-003
  -1.3922144358409161E-002
  -1.7611315411377910E-002
  -6.5130139958817874E-003
  -3.0971946870288574E-002
   5.5746113376992923E-003
   2.0296487890456863E-002
   6.4325812305179544E-002
   6.6741756806195124E-002
   5.5938204219387416E-002
   1.6751884868228466E-002
   2.9068253535186046E-003
  -2.8443403264002069E-002
  -5.3745199641678155E-002
  -2.7405366208889437E-002
   5.1112543491258940E-002
   5.2587094405469076E-002
   7.0224564284060875E-002
   1.0773786495048810E-002
   2.9051452689928679E-002
   2.8433796609290726E-002
   9.3045522998179402E-003
   2.5768131119932224E-002
   2.3172322533831165E-002
  -3.3166306265596322E-002
  -6.8400789511410154E-002
  -2.7018699679971274E-002
   1.7462174424914750E-002
  -1.4459297753263082E-002
   7.6000707653537799E-003
   2.3546533099082535E-002
   1.4955903819563051E-002
   4.4773840786124473E-002
   7.5461364992275570E-002
   6.5870883283949244E-002
   5.8380203718017110E-002
  -1.9253405172428857E-002
  -4.9320939327173368E-003
   1.3069330728814348E-002
  -9.4502651518393391E-003
  -3.8941610209224917E-002
  -4.4389666277066343E-002
  -3.2164329195134442E-002
   8.7631784744392708E-003
   2.4766981955281424E-002
  0.10704339395415181     
   5.6569948369857202E-002
   7.0628950312344993E-002
  -1.2390792051250595E-002
  -7.0112395081486714E-002
  -5.4562051354535741E-002
  -3.2891248980652536E-002
  -5.3545629306422501E-003
   4.7133025600485143E-002
   1.9764513286337142E-002
   8.0437973729454888E-003
  -2.1421990589808898E-002
   1.9853037751680360E-003
  -2.0040623075244596E-002
  -4.0907233524951105E-003
  -5.2670678233903992E-002
  -5.4136411709590701E-002
  -4.1608755669901194E-002
   2.5210680412769554E-003
  -7.2544379835513487E-003
  -3.7767295486749564E-002
  -7.2730105638728768E-002
  -9.6922655697985236E-002
  -9.2389802282937430E-002
  -7.8002688403164502E-002
  -6.0866024860703458E-002
  -4.6784853268785453E-002
  -5.0737124187629195E-003
   2.3152829844272051E-002
  -2.6250454592008487E-002
  -5.2275322507330226E-002
  -6.2571271678629525E-002
  -8.1423832639148680E-002
  -7.9343284298357020E-002
  -1.4870882758957881E-002
   9.1505730529972181E-003
   2.8095962736238568E-003
   2.6844847856814600E-002
   2.0296246729623785E-002
   2.1006944190489405E-002
  -1.1708731405719014E-002
  -5.4191636293797661E-002
  -5.0664308677136442E-002
  -8.8291104176250565E-002
  -6.6431106183087599E-003
  -6.1011320563824035E-003
   2.7619533506903434E-002
   3.0305545610065709E-002
   7.3248363451953097E-002
   1.1246628900025315E-003
  -1.8141347482275062E-002
  -3.9794130609251209E-002
  -6.1603965324424276E-002
  -1.6091912932012904E-002
  -3.2749448304659666E-002
   9.0198097475773526E-003
   3.2417677515447565E-002
   4.2150838148875776E-002
   2.9063227144522471E-002
   2.0849155299813849E-002
   2.4908970107304553E-002
  -1.2004171526799499E-002
  -2.8859296805703902E-002
  -2.6299164956324079E-002
   1.2960556785155774E-002
   4.1327540212038626E-002
   4.1879106080876707E-002
   2.6300251985306541E-002
   1.5599978938591524E-002
   3.2216372158755280E-002
  -4.1544735755931726E-002
  -2.4601677712171631E-004
   3.2639668444214209E-003
   4.6274655953719143E-002
   5.6113298677837681E-002
   5.6928101491483189E-002
  -1.3918702250218311E-002
  -7.9137879634690600E-003
  -4.2473113910698072E-002
  -1.3633620877580164E-002
  -2.7206879213843176E-002
  -1.2923986238017779E-002
   6.0406816851278335E-002
  -1.9266632106680327E-002
  -7.0830581159206634E-003
   3.9683153748402207E-002
   1.1045160846482563E-002
  -1.0370379524276838E-002
  -2.5140127302830467E-002
  -1.7635991097842366E-002
   3.1189307366154585E-003
  -1.1757815994409249E-002
  -4.1805199079309206E-002
  -2.0886583089330401E-002
   1.2228502252147005E-002
  -3.4553626484059893E-002
  -5.7257832120042769E-002
  -9.1076213743177259E-002
  -6.7254300574602008E-002
  -7.4466075907392279E-002
  -2.0855370557949161E-002
  -3.8845012818366727E-002
  -7.2648765723545783E-002
  -1.4382327167186367E-002
  -2.1441651853933864E-002
  -2.3294267402834985E-002
  -8.5458943456317264E-003
   3.8098830749246962E-003
   2.4276860518443934E-002
   1.7873128014116207E-002
   2.1929844536012649E-003
   5.2812015014120188E-002
  -3.7315936880653870E-002
  -5.1291860112196143E-002
  -5.4214352962204095E-002
  -6.8905372726258324E-002
  -3.3128100138690754E-002
  -3.4028106849304018E-002
  -4.4629448230062221E-002
  -3.3302891236478213E-002
  -5.3809287358443925E-003
   3.1323557498689758E-003
  -6.6386831117329181E-002
  -7.2157409265684910E-002
  -5.4888815772057072E-002
  -2.6006810299093255E-002
  -4.3654565408108220E-002
   1.3628402108032560E-002
   2.3992716054812013E-002
   1.8004239678571447E-002
   5.4699622131546936E-003
  -1.5036904639079626E-002
  -4.2070252341938869E-002
  -7.7494490233257385E-002
  -3.9463791877721664E-002
   1.6542373267720269E-002
   6.2385719553160641E-002
   2.3757655259361209E-002
   4.7460856331923706E-002
  -1.8708761074529158E-002
  -4.9287939502601810E-002
  -5.5806101977040681E-002
  -1.7705071522140691E-002
 -0.11505955184556835     
  -9.8785350165649585E-002
  -6.8041195124495357E-002
  -1.1533687686854640E-002
   2.1406833855616689E-002
   2.3697662991689850E-002
  -3.3326451205150973E-002
  -9.7361061397548493E-002
 -0.11789576365929560     
  -4.4480533033043418E-002
  -2.9190423839846442E-002
   1.4206740873227992E-002
   5.0049246503011943E-002
   2.0818416555891259E-002
   1.9007684216411688E-002
  -1.3456637568330185E-003
  -2.2501872729800382E-002
  -1.5845300627224179E-002
   3.3786672151618256E-002
  -2.0088002782330697E-002
  -1.2769857494787573E-002
  -1.5629181753480652E-002
   8.2094416760209888E-003
   3.6162714207781332E-002
  -7.5766300325214309E-003
  -4.0309499147196878E-002
 -0.10722670601473068     
 -0.12423617846905502     
 -0.12397917429208530     
  -8.0394032861714898E-002
  -1.1051678504298140E-003
   5.8298554355750209E-002
   7.4653276177304745E-002
   4.8778975784932059E-002
   8.2365934658963150E-003
   1.6691360661934357E-002
   1.8195125429943627E-003
  -7.5137032920475650E-003
   2.8729062688962512E-002
   1.0086493843217869E-002
  -2.8561480254557067E-002
   8.5889449021324255E-003
   1.6216042247094220E-002
   6.3756513351894304E-003
  -4.1930516779027259E-003
  -2.3372001675513492E-002
  -7.1304560566291253E-002
  -3.0644931024051022E-002
  -2.4210779340596289E-003
   5.5877673824404617E-002
   4.4539112884523807E-002
   2.2874877012966735E-003
  -2.5881791468510534E-002
  -4.8940200956300792E-002
  -8.1646228018173297E-002
  -3.4679586564597964E-002
  -2.0676221868882752E-002
  -5.6619647919095351E-002
   1.5087062063240795E-002
   5.1879932512948722E-002
   6.6531048853259315E-003
  -3.8659628186852230E-002
  -7.9229137555607621E-002
  -8.5771597929032994E-002
 -0.11460088891320010     
  -9.9829173208018748E-002
  -7.4044132517459421E-002
 -0.10030002478899450     
  -8.3188984163770505E-002
  -3.6078473494895930E-002
  -4.7679047868474302E-002
  -2.7194516411846222E-002
   3.8773556331217132E-004
  -6.8440361009293710E-002
  -4.5694176908339879E-002
  -1.6909995136622894E-002
   2.6408274660674890E-003
   1.8123320172020334E-002
   1.0384993674974937E-002
  -1.6013581371994830E-002
  -1.7495292739345157E-002
  -3.1221226771365462E-002
  -8.5508567809750751E-004
  -9.3032364440258982E-004
   6.0637690633391597E-002
  -1.2452331111848585E-002
   7.3947233171027752E-003
   1.6664101849658466E-002
   2.0669057163764010E-002
   3.1324786916523510E-002
  -2.3702741197877348E-003
  -5.8066586109010589E-002
  -2.4862487519268350E-002
   1.5831225606234101E-003
   5.6760055496460132E-003
   7.0880119531016084E-002
   5.3625504770560849E-002
   6.0131631901956091E-002
   2.4198652574603949E-002
   1.3204300496218010E-002
   9.8314545719634348E-003
   3.9077679639544947E-003
  -4.2726206156789757E-002
  -3.4506767352184824E-002
  -9.8569926027055276E-004
   1.5147819798108858E-002
   1.6342359768070816E-002
  -4.4236486821118158E-002
  -3.3062029677920435E-002
  -4.3881374144067301E-002
  -3.4233737694837119E-002
  -3.6804136436538133E-002
  -2.5450809017221555E-002
   6.0733488176990405E-003
   5.0943975828490660E-002
   5.6706378039569044E-002
   6.3944351239029515E-002
  -1.1855978716868358E-002
  -2.3869198471419398E-002
  -4.3589862054384101E-002
  -3.0558900322416552E-002
  -3.9150604108283537E-003
   2.0839109996225635E-002
   4.8589622029473062E-002
   5.6368170666882773E-002
   5.2942439444289162E-002
   8.2722646182122786E-002
   4.1531248347278789E-002
   2.1614566343602947E-003
   3.6587771496368098E-002
   3.5424037827078120E-002
   3.1945518972237255E-002
   6.4978060816295799E-002
  -4.9479162481224873E-002
  -7.7699316868635612E-002
  -7.2750071871902910E-002
  -7.5020440002480884E-002
  -8.1612015463759860E-002
  -7.0667390676695710E-002
  -3.9480635213443610E-002
  -8.6099937349093120E-003
  -3.8368166989506806E-003
   5.9814798072723527E-003
   1.2091827531374348E-002
   1.2444058762212655E-002
   2.2937492032591666E-002
  -1.9800022335550706E-002
  -3.0651320352469983E-002
   4.3678471276939034E-003
   6.1747870928568663E-002
  0.12739573933074599     
  0.10915589499451525     
   7.0898572035173413E-002
   5.6405137423447958E-002
   2.3459920925772128E-002
  -5.6018342405062165E-003
   5.1814219108999630E-002
   3.9872077287076813E-002
   4.5319424235704363E-002
  -3.4471305609777660E-002
  -1.2728704859035770E-002
  -9.9272586000800477E-004
   2.4246593542821628E-002
   2.8198662827774862E-002
   4.0271133484646518E-002
   3.2532011270993484E-002
   6.0675121920301764E-002
   6.0418487725679565E-003
   5.9031815430595339E-002
   5.2407120031719323E-002
   3.7081802644176716E-002
   6.2639148900436273E-002
   4.1618483727540269E-002
   3.7991739890387143E-002
  -3.4480193173264874E-002
   1.4165243189578935E-003
   5.2762039136891009E-002
   5.3454211131878725E-002
   8.1408552179344992E-002
   3.6696891871001815E-002
   3.1682350398440515E-002
   2.1381728625996591E-002
  -9.4072348611828702E-003
  -9.5369141411686554E-003
  -3.5561914538108232E-002
  -2.7630289671586011E-002
  -2.1272959568821560E-002
  -4.9739663613377089E-002
  -1.0472216371707411E-002
   3.3903673281412937E-002
   4.8927887341429811E-002
   4.6634467220503066E-003
  -1.3789620751522805E-002
  -3.0532735489708231E-002
  -5.5871096019406005E-003
   4.0260957710690631E-003
   7.9362469530966581E-002
  0.10514029115144140     
   2.8483983305152862E-002
   4.4037779451303584E-002
   8.1483408819238816E-003
   3.1294206651451606E-002
   5.6500491047401853E-002
   1.0636202665008853E-003
   3.9436073383978983E-002
   6.2582710883260603E-002
   7.3172008922830170E-002
   7.0599060030348951E-002
   8.0721965159159081E-002
   1.4415743502868238E-002
  -1.1104996201560240E-002
  -5.7598109165124034E-002
  -1.6136970682208571E-002
  -2.3281438677289042E-002
  -4.0843281505148358E-004
   4.5274950821193462E-002
   8.9860297644222278E-002
   4.8166075180662855E-002
  -2.4436023936811622E-002
  -3.5863150207604715E-002
 -0.11064678994260597     
  -5.4311963784001584E-002
   6.4528624309817900E-002
   7.9016091109135531E-002
   7.4214132078737879E-002
   2.8558699673805234E-002
   3.8138100293629434E-002
   2.8479041741854675E-002
  -2.9192210433364788E-002
  -9.2620802164637916E-002
  -7.3102827730836095E-002
  -5.2282139273219660E-002
  -2.4446665239384924E-002
   2.1180993941267792E-002
   4.4756689845248068E-002
   4.3504566860610029E-002
   4.6578019613736754E-002
  -2.0073034764184544E-003
   2.5921518835967376E-002
   6.2939678707072455E-002
   8.3606970744670744E-002
   6.5778792599710992E-002
  0.11362714254250113     
  0.16078454979060822     
   7.8028561775482883E-002
   5.6421776997193897E-002
   1.9868135453495275E-002
  -1.1072299342324060E-002
  -2.5070416312088780E-002
  -8.1538033055561093E-002
  -5.1978990991693390E-002
  -1.2443643716960532E-002
   9.1932401221190088E-004
   5.1885925581755948E-002
   5.4059070445443731E-003
  -3.5047803335838769E-002
  -6.6511169207422546E-002
   3.7300546168227242E-002
   4.1560687763228341E-002
   4.7972017123403661E-002
   3.8857755862951503E-002
   8.9455303774911617E-003
   3.5566697841831078E-002
   3.5639397846412263E-002
   3.5458315179582429E-002
  -2.5040210190285368E-002
   1.9248517149542026E-003
  -4.1916506553049689E-002
  -7.3106573562288210E-002
  -1.1303316612257331E-002
   1.8795875985489563E-003
   6.8499144606840062E-002
   6.8246469775821786E-002
   4.8151454418814660E-002
  -1.7535695114756063E-002
  -9.4787745722983222E-002
  -9.7341341531320957E-002
   1.1101544154095814E-002
   4.3803438285089598E-002
   9.9736371382737388E-002
   2.7349658226274297E-002
   4.4383815641601723E-002
   5.0484641403190832E-002
  -7.6499708810478309E-003
   1.3950205663832175E-002
   7.7597971780516237E-002
  -3.3459249969670056E-002
   1.7943136425375854E-002
   1.7856180148703660E-002
   8.4782407260290168E-002
   1.6009541010965814E-002
   4.5125273972424683E-002
   8.3403031990047158E-003
  -7.5930599874370841E-002
  -9.1648426136398467E-002
  -6.5785503818111810E-002
  -2.9111329691731278E-002
   3.6727486788367160E-002
   2.9506999063919192E-002
   2.7854316282637501E-002
  -8.8306774227796786E-002
  -4.5020169425142149E-002
   9.1039091378123903E-003
  -1.1147792416339366E-002
   1.9534645952216331E-003
   5.8013596197799812E-002
   7.9583595873202073E-002
   2.0822181886590990E-002
   1.8410570963909020E-002
   4.4057267418784171E-002
   1.7203604170734212E-002
 -0.10204666453755144     
 -0.13924994943263391     
  -8.9309071264842402E-002
  -8.3720593668324905E-002
 -0.10793081553303219     
  -2.0088910159566740E-003
   2.1894324494163838E-002
  -1.2530261891855429E-002
   8.0165163710682052E-003
   5.9992314329789610E-002
   4.0915384653542286E-004
   2.2375237737453728E-003
   1.8761352020663806E-002
   1.3414144086295621E-002
  -4.0060975902946383E-002
  -2.1567436412095936E-002
   7.1002913639099399E-002
   6.6925835691837965E-002
   4.8682133925253467E-002
   8.6563102882207740E-002
   9.7705042446059098E-002
   6.0174345192255910E-002
   8.8071188747029627E-002
  -3.0231452331488432E-003
   6.3928515765066946E-002
   2.8797605352700881E-003
  -8.4623259517751015E-002
  -6.5770231354701100E-002
  -2.8659030913785216E-002
  -5.8873496281497850E-002
   2.0971494212416970E-002
  -3.6475397447028532E-002
   9.6780276444277683E-002
   2.9753308485533661E-002
   5.4212214522779814E-002
  -1.9762606418288968E-002
  -1.5515266830570989E-002
   5.0393158443529977E-002
   4.8174160384071414E-002
  -3.6102720670773324E-002
   2.0367595185837552E-002
  -1.0131893887652324E-002
  -3.7277953630020559E-002
   3.2034879092920805E-003
  0.10352275010304865     
  -3.7819250492258490E-002
  -2.3896038755949058E-002
  -5.9389341388091835E-002
   2.0299693475361456E-002
   2.4890442592106658E-002
   2.8779644779586895E-002
   2.3814070182567627E-002
  -2.2508728560740213E-002
  -3.9512298157550647E-002
  -5.7519852434410657E-002
 -0.10109216717477176     
  -2.2862127893809224E-002
  -5.3718158145911570E-002
   1.8531260670030855E-002
   5.9038890394362109E-002
  0.10075407010994310     
   6.8799780899360813E-002
   6.3524122478841483E-002
  -2.5372083704049260E-002
   1.0579746465091966E-002
   5.0318967950721879E-003
   4.5580000017082449E-002
   5.2494146900803229E-002
   1.3084447530330182E-002
   4.1403104805360157E-002
   2.1459324964839540E-002
   2.3868819154187402E-002
   4.1789038103272287E-002
   6.2228316746788291E-003
  -2.1145747341215135E-002
  -4.2511682419062981E-002
 -0.10094690139260000     
  -7.4710697516464336E-002
  -5.4072300830955329E-002
   3.6467308968097197E-002
   5.4937215495895735E-003
   3.5247413518670764E-002
   6.0399396939163338E-002
  -1.9502800306253031E-002
   3.8808078207495045E-002
   2.2428759133801823E-003
  -9.7263955452567708E-003
   6.8810254277373736E-002
   6.6954024806415005E-002
   1.2075410804995365E-002
  -2.7386036346646089E-002
  -1.4648405967987891E-002
   2.9179713553076872E-002
   2.0510593512689607E-002
  -3.5011662068193519E-002
   5.4005453199069860E-002
  -2.2206445913233619E-002
  -1.7487060415502669E-002
   3.4581909510076253E-002
   8.7715270767805539E-002
   9.2724707539287424E-002
   1.0358003191723716E-003
  -5.6706826444308099E-002
 -0.13832487701784776     
  -9.6387427811781848E-002
  -9.1878681881625499E-002
 -0.12830843951240542     
 -0.11610364747553456     
 -0.18403689150039190     
  -4.7061976087762178E-002
  -6.7227820094385646E-002
   7.1805595028808884E-003
  -2.8819385375419885E-003
   5.6881260479632240E-002
   4.0252625666672807E-002
   3.2730531257377626E-002
   6.6884327613061234E-002
   2.4210877261829820E-002
  -4.2817802171383833E-002
  -4.0333267290767076E-002
  -7.9932328421249740E-002
   2.7207080454316492E-002
  -4.2109805089768346E-002
   4.3423834048643009E-003
   2.7209577572224813E-003
   4.9526461100079765E-002
   5.7859034586954230E-003
   7.1266392632731962E-002
  -2.1934530661331920E-002
  -5.7079593709056915E-002
  -9.0279898014587953E-002
  -6.7064997552317332E-002
  -6.5049507139173332E-002
  -6.2377067336815986E-002
  -9.9812717680862764E-002
 -0.11563695344145630     
  -8.4594528032243932E-002
  -3.9471341534656222E-002
   7.7061891177994807E-002
   6.9302186681051536E-002
   7.1516590030345439E-002
  0.13498708699053075     
  -3.3989665464892252E-002
  -6.1436586699651068E-002
  -6.3050278934498466E-002
   2.2131189853826349E-002
  -3.5006723737976961E-002
  -8.3335405407054128E-002
  -9.3456637711277740E-002
  -7.5869377501399840E-002
   1.2207299234855126E-002
  0.12100950055293576     
   9.8365959385734489E-002
   1.6567269310429822E-003
  -4.3737278115736647E-002
   4.3166113377766192E-002
   1.3392814138158224E-002
  -9.1707790885027368E-002
  -9.6157041401065818E-002
  -1.1991145959945673E-002
  -4.8037231727033856E-002
  -4.7900052311727372E-003
   9.6402066296062072E-002
   8.8341819128135227E-002
   5.9123311614324185E-003
   1.0349247345308602E-002
  -2.0193760819555470E-002
  -6.9158734854016440E-002
  -4.2343857268415053E-002
  -9.1342052921527972E-002
  -9.7084113838699221E-002
  -2.8561149261693754E-002
   4.3941972123619111E-002
  -6.2664959256594308E-002
  -6.7662235673439736E-002
  -4.0918200277217799E-002
  -3.6327258447627367E-002
  0.10322228056959726     
   4.1210866568260708E-002
  -6.1859777405751271E-002
 -0.13012712639461854     
 -0.10967952760602745     
  -8.6256966600464002E-002
 -0.10364677659815398     
  -5.8570495012723101E-002
   4.6257083577966061E-002
   2.3867292945519081E-002
   3.9590038875691513E-002
  0.13787900269834782     
   9.3180580236415622E-002
  0.11854908901583537     
  0.10454632640199139     
  -6.0250035590842459E-002
  -6.6464154012529419E-002
 -0.17181781528561507     
 -0.14853243881537162     
  -9.8479290466724177E-003
   3.6450984919845573E-002
   8.1553433587167132E-003
   1.2029216718447941E-002
  -1.3392665115150035E-002
   2.1264291354060803E-002
   3.8840877936500255E-003
   4.8184734565067118E-002
  0.11290999508243139     
   4.1808032068707854E-002
  -4.1671422208550343E-003
  -2.1541142165085552E-002
   5.7590202355733795E-003
  -7.1545173786172978E-002
  -3.2572375876653070E-002
 -0.10478573748613151     
 -0.10267973632300607     
  -4.0509954747237280E-002
  -6.6392167691955543E-003
  -4.7934255017034584E-002
   2.7900556661967932E-002
   9.8279826047065807E-003
   2.8293605221245858E-002
 -0.14117127211735997     
 -0.10422102812725804     
  -5.9537043608936281E-002
  -2.5004732034090916E-002
  -4.7058650428066029E-003
  -6.7283450667427547E-003
   2.7948345733397169E-002
   3.2945027339509471E-002
   3.0973576933663569E-004
   9.6500362175617985E-002
   3.2023695541851922E-002
  -9.0368007721170138E-002
  -5.7913439492632328E-002
  -3.0999636094638985E-002
   1.3197783942288498E-002
   4.8478363047686067E-002
   3.7901420473080066E-002
  -1.2817403600886101E-002
  -9.6515421704655061E-002
 -0.13627136531156697     
  -9.6450380565814620E-002
  -9.6331342493237479E-002
   2.0019246096068605E-002
  -2.7115626872628917E-002
  -5.6669012171832560E-002
  -3.7160895004292961E-002
   4.1237708241871222E-002
   1.5123058315009427E-002
   8.4532333904730514E-002
   5.4229777666200685E-002
   2.2294752640241215E-002
  -5.6037399804590646E-003
  -2.5617737893559060E-003
   8.4577498665441786E-002
  -8.5779472621301950E-003
  -5.3969005124104115E-003
 -0.13676811397782521     
  -8.7789314473638608E-002
 -0.11410008544626345     
  -4.5573039733939523E-002
   4.6385235967534522E-002
  0.11891739751560196     
  -8.5276496917674208E-002
 -0.12680099666735906     
  -7.0049669716246626E-002
 -0.10922230819222248     
  -2.5408543637153457E-002
  -3.5309214180327675E-002
   1.2216348743824707E-002
   3.7971359526626502E-002
  -7.2497148683388288E-002
  -1.9142857947679465E-002
  0.12340587060189928     
  0.16514122874978979     
  0.14078299730252467     
  0.17504738008595672     
  -1.0678427292622378E-002
  -9.1106551591808776E-002
  -9.3984745316823326E-002
 -0.14757623661544741     
 -0.15304758489117423     
   1.1210897485871636E-002
   1.6314582044863152E-002
  -7.2432565886148798E-002
  -3.2308104918586433E-002
  -7.3257341335596554E-002
  -4.7039890417960861E-002
   3.8618632066882250E-002
  0.11547155035067538     
  0.13988405397112841     
   1.6093142108495134E-002
   3.5759662829983940E-002
   2.5733700018612030E-002
   2.1320980881176208E-002
  0.14855449294764769     
   7.3687959462578764E-002
  -2.2322966693869677E-002
  -2.5830614503785539E-002
   1.6901862523822985E-002
  -7.7315718242760081E-002
  -1.6423365154613217E-003
 -0.13931663433997804     
 -0.15013959339031732     
 -0.14715062494693540     
 -0.11034240933416777     
   3.0018325155658566E-004
   8.5895101520944653E-003
  -2.3656653297770759E-002
  -5.6815932731049443E-002
   8.6626164147477855E-002
  0.19608937481883595     
  0.14132051244726460     
  -2.3200741681831942E-002
   1.3530386365077906E-002
 -0.11886383874743583     
  -3.7235961683713292E-002
 -0.11240283837482754     
  -2.1398960611450100E-002
   9.4923559008312994E-002
   7.8513953926641622E-002
  0.13351885538370531     
  0.15426146055635587     
   1.1551624608613299E-002
   4.9835087434019147E-002
   4.8121996034395327E-002
   4.2917261622996680E-002
  -2.4986013192736457E-002
 -0.18694979776247223     
 -0.25111607512390777     
 -0.15265390500974166     
  -6.7031093149266696E-002
  -3.8702807131395955E-002
  0.14057909291394685     
   5.0208759605311425E-002
   1.2652648069595656E-002
  -1.5027021830509043E-002
  -5.4728391756945646E-002
 -0.12232425813937652     
  -9.6197494437501335E-002
  -6.2274184871300223E-002
   4.5702574253937013E-002
   7.6284226935946289E-002
  0.13522240469999738     
   5.6861004731127887E-002
  -7.0546706736437509E-002
  0.15393446753828519     
  0.14206669481319087     
  -7.4524990650624609E-002
  -3.6519818426994977E-002
 -0.21116798242811943     
  -9.4837175860255821E-002
 -0.19234651453023419     
  -5.8355166539333779E-002
 -0.19229459591696979     
   4.7088749308129868E-002
   8.6858633144473608E-003
  0.11687615412362522     
   6.5912551860222907E-002
  0.18881005979387799     
 -0.10118470007269124     
  -6.6015129092190705E-002
   2.7074470487311705E-002
 -0.11450996258387836     
  -2.0704557544751329E-002
  -1.4715256857468188E-002
  0.12518052074390376     
   9.9995297198215857E-002
  0.13442738392984815     
  -9.2710014687004558E-002
  -3.8004359797633239E-002
   2.3383510819928080E-002
   4.4434815221206223E-002
   4.5101180831985020E-002
  -3.4114435668419034E-002
 -0.12087966025311159     
 -0.16931869786758089     
 -0.39268534594071003     
  -5.3948472168764888E-002
   3.8080242427659151E-002
  0.11398515553761733     
   8.6598773237964222E-002
  0.13463824912566308     
   8.9255964207286161E-003
   9.8989572176974641E-002
  -9.3746660931475975E-003
   4.9647758955754941E-002
  -6.6328232204200421E-002
   5.6489397861687447E-002
  -4.0394906165874850E-002
 -0.28445090963431247     
 -0.18701673957545495     
  -9.0521579490785958E-002
   1.0711071953268989E-002
  0.10687830796449400     
  0.25457847273400791     
  0.19408495931983563     
  -6.5617419236177726E-002
  -4.4606816052380177E-002
 -0.17780398097827335     
 -0.11246113673618088     
  -3.2171088173152049E-002
  -5.0446305120004788E-002
  -9.8969850720403652E-002
   6.9327784730918871E-002
 -0.40515297475766821     
 -0.36237130094444758     
  0.22604476679185917     
  0.17752740812822668     
  -3.4507247465666704E-002
  0.23235343896012031     
  0.10986767758178040     
 -0.23305860077553142     
  -7.8835815213987290E-002
   8.3751454369020401E-002
  -7.0157794893341299E-002
  -8.7840798332850273E-002
  0.10014452572139346     
   2.6334205244928001E-002
 -0.44380966412740158     
   7.8325427975133990E-002
   8.3040286160069698E-002
 -0.25622445248019404     
  0.63448341726928148     
  -1.3099749093111904E-002
 -0.56059758850084140     
  0.32858656599803959     
  0.52648546114573291     
  -7.6612047855428314E-002
