  0.99900000000896216     
  0.28648491054219621     
  0.10405809006975378     
   8.1495838002516002E-002
   1.0120942667554565E-002
  -4.3295466470942616E-002
  -1.9618747677586864E-002
   5.8675714579133004E-003
  -5.2182324959696019E-002
  -4.4069198409591823E-002
  -3.2121678696528960E-002
  -3.3958301966001449E-002
  -1.6522689403650676E-002
  -2.2904710823923202E-002
   1.2559904125447103E-002
  -6.6276958040011116E-003
   1.4135045288888768E-002
   3.2881495003908377E-002
   2.0574893094521042E-003
  -2.7120861472105053E-002
   1.0395090260483452E-002
   5.9938364581147655E-003
   4.0289220051691735E-002
   5.4764965382689268E-002
   7.0522950997388381E-002
   3.0547560831079686E-002
   4.4507852060860754E-002
   1.1366844421092469E-002
  -3.8205829045254526E-002
  -3.3504522414428903E-002
   2.2754683857540994E-002
   3.7061895652096326E-002
  -1.0625480484950984E-002
  -1.2413643286019526E-002
  -6.8805020336398043E-002
  -2.2659791281346778E-002
  -3.1352427614754243E-002
  -4.5015323493046940E-002
  -2.2619497148119588E-002
  -8.7751635441277159E-003
  -3.8840450388914080E-002
  -3.3427652759558953E-002
  -3.5514917939391343E-002
  -7.2638317302398087E-002
   1.2542092414537060E-002
  -7.7388568377096036E-003
   3.9318292835222368E-002
   6.0281354389272436E-002
   4.5278526575206826E-002
   6.1068636493064099E-002
   4.4215061482910240E-002
   5.2733030557563260E-002
   1.4336844718510806E-002
   2.2916576236872828E-002
   1.2364079542266333E-002
  -1.9172311041715604E-002
   1.5848612051420671E-002
   1.7132096667742888E-002
   2.5048136245081499E-002
  -2.9590103667090317E-002
  -6.5290828114257141E-002
  -4.8904897911755660E-002
  -2.4720379299154292E-002
  -2.3717463503795003E-002
   3.3147387890946388E-003
  -4.7227137392395410E-002
  -6.9338005903992042E-002
  -3.4069788552636725E-002
   3.8270629761812157E-003
   1.2855413415126771E-002
   1.9702482591900775E-002
  -1.3973832968262705E-002
  -1.2861741468889226E-002
   1.5455190610422383E-002
  -1.5203096803292212E-003
  -1.6693491923882671E-003
   1.6706985874136323E-002
   2.6470778646056651E-003
  -1.2764825337709802E-002
  -8.4406613309186661E-003
  -2.6794645493328946E-002
   7.2570560828361264E-003
   3.3255239969723398E-002
  -2.7642016753574857E-002
  -2.7321100323894974E-002
  -4.2218676162691978E-003
  -1.9237399442407845E-002
  -1.0309301997158814E-002
  -6.2130645898713349E-003
  -2.1217295584700360E-003
  -1.6693298976672363E-002
  -1.9979105947604939E-002
  -4.1687087564389179E-002
  -1.1253754407828373E-002
   1.4225614148884897E-002
   5.3451129199372525E-002
   1.3045533890034756E-002
  -8.9392487831859348E-003
   1.6517188555252013E-002
   1.8254277258369721E-002
   2.2930520007471152E-002
  -5.0429122807289749E-002
  -7.7182746216542886E-003
  -1.1354985960266281E-002
   1.3713448191640153E-002
  -3.7982615693864527E-003
   2.0199949339448492E-002
  -2.9401565375970683E-002
   6.9788610548099955E-002
   2.2969847095807162E-002
   2.1696416158008963E-002
   5.1640386331516880E-002
   3.4311809197153445E-002
  -7.1538337073994525E-003
   2.0926881318391058E-002
  -4.7939297219484998E-003
  -4.1240626571054713E-002
   1.9987058039083881E-003
  -1.4123519848493138E-002
  -4.5339538585327278E-002
   1.0287283400954814E-002
  -1.5203114235537531E-002
   6.0108024477465501E-002
   1.0900567895214991E-002
   1.0589957671417528E-002
  -7.6765329877649278E-003
  -1.2801251167949432E-002
  -6.0179083061793440E-002
  -1.0069649602664970E-002
  -2.1449372887928191E-002
  -3.8061055735069606E-002
  -1.5233174363184212E-002
   3.4125023441932634E-002
   3.7861441298964002E-002
   3.4614853761129348E-002
   2.7313847164220726E-002
   3.7325085276950609E-002
   1.6042449861960482E-002
   7.1377298996330276E-003
  -1.5723219023521966E-002
  -1.9614716010999029E-002
  -2.3398579968744947E-003
  -5.9841419209588791E-002
  -7.9294351058732976E-002
  -7.0045042578259272E-003
   2.8560739653104876E-003
  -5.7365433711543630E-002
  -2.6324902808512827E-003
   3.2199841171945756E-002
   2.5357828073512773E-003
  -3.8660637396346488E-002
   3.6826136807995381E-002
   3.9742412778901615E-002
   4.3805502452149404E-002
   1.4311267469493013E-002
   2.8861952795595898E-002
   3.6988531147945120E-002
   4.0382794626721364E-003
  -2.8315980719683855E-002
   1.7048313655757527E-002
   4.9052873553628654E-002
   8.1220795722461159E-002
   9.2011575793580186E-002
   5.7744027343428900E-002
   2.3035443033962131E-002
   2.6199309429610703E-003
   2.2374242405467770E-002
   2.2550132350769768E-002
  -4.8518625070412052E-003
  -8.6916609504857165E-003
  -7.6318558608979403E-002
  -2.2444370104697887E-002
  -7.4482359346880267E-003
   2.7852526130152974E-002
  -1.4095059174254750E-002
  -5.3597984762731761E-002
  -1.7880631785900977E-002
  -3.8955623630200789E-002
  -2.6297200819968877E-002
   2.1462703427582889E-002
   3.8567914741886214E-002
   1.4432691070221233E-002
   7.1116902562028031E-002
   6.3395701254822939E-002
   6.3277400970058531E-003
  -1.6824101440917946E-002
   9.2017618695115818E-003
   2.0321640750552546E-002
  -4.4501975136383751E-002
  -3.7000114140743598E-002
  -6.5761601005955059E-002
  -6.4493007890165585E-002
  -6.8050927061297076E-002
  -2.9095683190150538E-002
  -8.5931494126067653E-002
  -3.7237183773344146E-002
   7.2343209515128995E-003
  -1.1930490420886623E-002
  -2.9674847668789198E-002
  -1.0579766845120122E-002
  -1.2197024333365818E-002
  -4.5571328519915452E-002
  -3.8518425511600604E-002
  -9.3719069374903052E-003
   6.3524586281399802E-003
  -3.0739988802431496E-002
  -3.1989455626832107E-003
  -5.1796265540757246E-002
  -4.8477724893313333E-002
  -2.2159763790072992E-002
   1.3121534835482632E-002
  -9.4928264806119604E-004
  -1.1363461878612364E-003
   6.6074816420690005E-002
   3.6955606763723489E-002
  -5.2792005150298450E-002
  -6.4936254054316023E-002
   3.1637422544464389E-002
  -2.1998181575586437E-003
   8.4418438886044739E-003
   2.7891196443394974E-002
  -3.7938073823601683E-002
  -4.2370936720576367E-002
  -1.5602837392088040E-002
  -2.0954574545590587E-002
  -2.1006903840969020E-002
   5.7638358585543434E-002
   2.3732401026477900E-002
   2.0183706711141832E-002
  -1.1635137955506714E-002
   9.8441952211266920E-002
  0.10256897324657212     
   2.6369622084610016E-002
   6.0392192752905579E-003
   3.0361998678770527E-002
   5.0552014822966992E-002
   1.9072315690296552E-002
  -4.5954377813971083E-002
  -7.6410517890532381E-002
  -7.2758807988575314E-002
  -2.6177338702210083E-002
   3.6280385611205952E-002
   6.4190043710959696E-002
   9.0460285388355599E-002
   8.3463853801422697E-002
   5.6690417072917880E-002
  -2.1066029658706131E-002
  -4.1409814257113479E-002
  -5.6523667805230125E-002
  -9.5282413225655522E-003
  -8.7575007774993701E-003
   1.9632126114601422E-002
   4.5926039281924791E-002
   2.6322282851540358E-002
  -5.9737418003657713E-002
   6.3021262020672370E-003
   4.7137940543642960E-002
   5.6689569802498762E-004
   2.2923591335179383E-003
   2.7840566790636689E-002
  -2.3671646827553228E-002
  -9.6534358355916186E-003
  -1.1713533548567351E-002
  -2.0591462461204316E-002
  -1.2595648660805668E-004
   1.8542108599615068E-002
   3.0783941327077440E-002
   4.5037273693162190E-002
   3.4634276823084752E-002
   3.5176344127258691E-003
  -3.3773147446266292E-003
  -3.8022116217395367E-002
  -4.2795402981112424E-002
   4.8753020659560317E-002
  -2.2881726159708904E-002
   2.5994725463529614E-002
   5.7333642813130305E-003
   6.8228171451772984E-002
  -4.1625051103702349E-002
  -4.0012850428329083E-002
  -5.4667595234362595E-003
  -1.5489700009983681E-002
   2.1073285262389913E-002
  -1.3713053024761921E-002
  -7.7403730737687906E-003
  -4.5164968851710875E-002
  -8.1600735435293795E-002
  -3.8667545152356493E-002
  -4.7874574493628169E-002
  -3.4146926882469092E-002
  -2.1162981851862130E-002
  -4.8737229712083061E-003
  -1.7314460007538446E-002
  -3.3703446835662086E-002
   9.7547627792223986E-003
   4.2701669348204609E-002
  -5.3014798231929916E-003
  -5.4680835877247969E-004
  -1.7762006906134453E-002
   1.0142619326488316E-002
   5.1475686227503235E-003
  -1.8978597289332003E-002
  -3.8249322119896532E-002
  -2.2348908871516693E-002
  -2.9556648178213425E-002
  -6.1560656671778482E-003
  -1.2732423521940416E-002
  -2.0901742345366521E-002
   4.1716354766361971E-002
  -2.2149558389124406E-002
  -4.4816721888507986E-002
  -3.5862544450190346E-002
   2.7465638430620481E-002
  -1.3347938672830942E-002
  -3.3606827827302399E-002
  -2.2689156342808894E-002
  -5.7105111183470107E-002
  -2.8113863370829030E-002
  -4.9947204893631081E-002
   2.9923991637347932E-002
   1.2972103854239513E-002
   8.3365579347979960E-002
   4.6306959159335220E-002
   1.5319589069358947E-002
   5.8743003059775957E-002
   4.5168658897148800E-003
  -1.6334936317453221E-002
   4.0186340791534382E-003
   2.1140028861141476E-002
  -4.3831305382733979E-003
   8.3349751764671756E-003
   6.7766637341263427E-003
  -2.6956849246244460E-002
  -4.5069972058187621E-002
   2.7918764625488132E-002
   6.7403015520496557E-003
  -1.5161401172659779E-002
  -4.9271223021270204E-002
  -1.1001318328691164E-002
  -4.9576337013495175E-002
  -3.2247595073492223E-002
   4.1055080360955745E-002
  -7.9877460125650380E-003
   1.4645334563586743E-002
   4.1951553688322749E-002
   4.9914643854338761E-002
   2.0492946788653585E-002
   4.6026116923059725E-002
   7.3443314747358365E-002
   1.7607157004219137E-002
   1.0272598887278614E-002
   3.3223503068567792E-002
   2.9521607838009140E-002
  -2.0211415354550424E-002
   2.3625162428699442E-002
   4.6778269662536226E-003
 -0.10705373520081757     
 -0.11073714523658396     
  -1.4338621546834322E-002
   2.8386642797617490E-002
  -2.8201685449394796E-002
   9.7124430015168399E-003
   1.8119368039062788E-002
  -3.3633910660693281E-002
   2.4350457155364418E-002
   3.6052793513490569E-002
   1.1856241839172438E-002
  -1.0940767432886356E-002
  -1.5768168770116044E-003
  -1.1501978468744551E-002
  -4.1763275652428329E-002
  -6.3599632438366476E-003
  -3.7325284060771111E-002
  -1.5519873935575874E-002
  -5.4438927500479115E-002
  -1.2224228077303168E-002
  -5.1054858285833667E-003
   1.6973469784779070E-002
   1.4412283407472545E-002
   6.9623343439966304E-002
   9.8081749392720380E-003
   3.7554635941985236E-002
   2.2075793168151274E-003
  -1.5681750226135143E-002
  -2.9898845780501629E-002
   4.2662702383781427E-002
   5.3041752274206849E-002
   7.3430375896727837E-002
   2.2270570959263020E-002
   2.6016966198158384E-004
   4.3413928600059312E-002
   1.4857670655451056E-002
  -3.3849477717661482E-002
   2.6317550151996475E-003
   1.6337107814766432E-003
   1.8286585263648240E-002
   6.6590274846022660E-002
  0.11898532113434368     
   3.2581921228940207E-002
   5.9146439976025512E-002
   1.9271275220225967E-002
  -1.6222682311256738E-002
  -3.1242965365572526E-003
  -5.8019561377003717E-002
  -1.8350073337718795E-002
  -6.6661870664500734E-003
   7.7856817791315805E-003
  -2.8344704534798541E-002
   3.6421852402102814E-002
   3.7752288528785517E-002
   7.1180093691153769E-003
  -1.2408619216165767E-002
   3.2640611123475466E-002
  -6.9990288735667495E-005
  -2.8213845123208736E-002
  -4.9974189322963087E-003
   2.4782346373228653E-002
   5.7083611325327820E-002
  -1.9664114882060706E-002
  -7.2946787665297053E-002
 -0.12459519165258821     
 -0.12786759836804676     
  -7.2025811390379751E-002
  -4.6786201460074978E-002
  -4.6856277667445899E-002
  -1.5378065235773652E-002
  -2.7932423863267122E-002
  -1.0088394547165825E-002
   2.5741669202278831E-002
   2.5713531171220327E-002
   5.4834670861639213E-002
   2.7217726796911302E-002
   5.9901083535609495E-002
   1.8273480047576642E-002
  -4.3384340442632487E-002
   6.8347506769639533E-003
   2.8874060887019502E-003
  -8.9417728172257460E-002
  -5.7413930629370669E-002
  -1.5772240414871207E-002
  -4.1707598121362544E-002
  -3.2260348674942013E-002
  -9.7077441440061044E-002
  -7.9698585710310396E-002
   1.7387678115759245E-003
  -4.6901293812555790E-002
  -9.2016010566277427E-003
  -2.8549308923634959E-002
  -1.3556024978906079E-002
  -1.9823517548729384E-002
  -6.2566925433180931E-002
 -0.12439927617118124     
  -6.8883089854312546E-002
  -3.5086009784567988E-003
  -5.1802558161735332E-003
   1.9553383714773411E-002
   2.2175695660039987E-002
  -8.0375301351804825E-003
   1.0059492541821619E-002
   4.9578643715595064E-003
  -7.7779897573546216E-003
   1.5157914370915525E-002
   2.6799158243057522E-002
   5.6439261780876129E-003
  -1.0873644014501955E-003
  -5.9764134765776189E-002
  -2.1846913804093922E-002
 -0.10136151992452691     
  -8.8574738629339289E-002
  -6.6695772648998994E-002
  -1.0487509111060393E-002
  -2.0096791260928032E-002
  -1.0028369330723385E-002
  -9.0049041852135928E-002
  -8.2154283410107096E-002
  -3.3216389971669480E-002
  -2.3727858501249355E-002
  -2.0253273009514607E-003
   5.0284230243857952E-003
   2.6472616080654571E-002
  -1.7001633935944649E-004
   9.6580412824772671E-002
   3.3809747989240475E-002
   9.3932080721377556E-002
   9.0275544907323493E-002
   8.0141304469643557E-002
   6.3396925116373390E-002
   7.8697650209419170E-002
   1.8032301467658302E-002
  -9.5982267183279776E-002
  -4.3128892491664572E-002
  -6.9711708158575678E-002
  -6.6787657672704517E-002
  -4.4990931207316676E-002
   1.9999408687264488E-002
  -4.9015874671567740E-003
  -3.6264536108117647E-002
  -3.6131517260881534E-002
  -7.1789717199017236E-002
  -3.8579619138484324E-002
  -4.1555023686203965E-002
   4.4213068022945216E-002
   1.6517751318633790E-002
  0.12155730610901415     
   7.4835562196037486E-002
   6.7736531612192591E-002
   4.6910488977867218E-002
   9.0206169729851085E-002
  0.12906517340878734     
   2.8677978215182202E-002
   3.9384292842083730E-002
   5.4372035039233650E-002
   6.7501215152703020E-002
  -2.5267152279675017E-002
  -1.3654999720724710E-002
  -3.0352037933509421E-002
  -9.3733716661581146E-002
  -6.3417022992313027E-002
  -2.9529499038675359E-002
  -4.0066586980348512E-002
  -2.6027845369401777E-002
   4.4019421959961532E-003
  -3.8001371393597745E-003
  -2.4053060451376677E-002
  -4.3835692218368270E-002
   1.1678082390702435E-002
   1.8125037660384716E-002
  -3.3987118095381622E-003
   2.6765265372709443E-002
   3.4581201064251541E-003
   1.2185558049354436E-002
   2.1741599813123475E-002
   2.4254881308441611E-002
  -3.9698206482713619E-002
   7.9901546416843064E-002
   2.4972504513962202E-002
  -4.6305976133912352E-002
  -5.3379010947105093E-002
   4.2324250228953926E-002
  -8.3227064275914007E-003
  -4.9517370238295035E-002
   5.1605075958123671E-002
   5.1075778606736184E-002
  -5.3615022149999837E-002
   2.3395124897654537E-002
  -5.4249306537996728E-002
 -0.12223524693168160     
  -4.4521102650692215E-002
  -2.0219874522764521E-002
  -2.3084993884986475E-002
   4.0533189613507943E-002
   8.4487359687526756E-002
   9.3834535580133868E-002
   2.0616696474407042E-002
   1.5363063864343609E-003
  -3.4819873968476314E-002
  -5.0148378883663330E-002
  -3.8974729026573017E-003
   3.9902093831328145E-002
   5.7353430177356579E-003
  -1.8391836962824554E-002
  -7.3198654317719082E-003
   8.4907556867879139E-003
   1.3688627038960561E-002
  0.14225390265240845     
  0.11725072192134595     
   1.0412487339811469E-002
  -9.8626358264950580E-003
  -3.5621306096281592E-002
  -3.0464778257742641E-002
  -3.1604516000942814E-002
  -4.2416418215567755E-002
  -1.4110514341068477E-002
  -3.5598839756908751E-002
  -7.6542236074320091E-002
  -4.7876537191599691E-002
   2.6390292295959159E-002
   3.4219809661286474E-002
   2.0811921841715611E-002
   3.3855190558005892E-002
   2.6320901219795984E-002
  -2.7265354149198551E-002
  -6.1000987780031296E-002
  -5.8353831827387848E-002
  -4.2306118944744654E-002
  -2.4743861539075894E-002
  -4.1513275494556238E-002
   4.0362424472286361E-004
   3.9958823532023784E-002
   6.3907212365224758E-002
   3.5687775409160669E-002
  -2.5570845382524320E-002
  -6.0881893962113980E-004
  -4.1760856887008840E-002
  -4.1402570387040642E-002
  -1.7015477809641164E-002
   2.1345077299551374E-002
  -8.4732728241369880E-004
  -2.6985203230401659E-002
   4.7936308398505670E-002
   3.3410671107169283E-002
   1.0565370311444569E-002
  -1.6917724131707047E-002
   3.8217146664061633E-002
  -2.1318847020075665E-002
  -5.2394807607740970E-002
  -4.8871982303252043E-002
  -7.9583224116152401E-002
  -8.8527727614983731E-002
  -7.7567340710323410E-002
   3.0060220413466014E-002
  0.11972438757513315     
   2.9012086908485574E-002
   4.7589002591700125E-002
  0.10372800830391547     
  0.11211102227634855     
   5.0192591335781016E-002
   9.6935925339242099E-002
   7.5088873539218642E-002
  -3.3610858751242277E-002
  -5.8624958400018317E-003
   3.5353244434568734E-002
   4.1726236712537869E-002
   5.3458083831963321E-002
  -7.0378421649954281E-002
  -2.3888382092596368E-002
  -4.0551445152755626E-002
  -2.1232955499809938E-002
   3.2692962611899030E-002
   3.1938496748797361E-002
  -5.5530234141973070E-002
  -1.4967824373259820E-002
   2.8718509266931595E-002
  -4.6334605159489096E-002
  -1.4016243749415172E-002
   5.1565368478258778E-003
   5.7977000044485999E-002
  0.10923503151458461     
  0.10002234607908325     
   5.9037859212956581E-002
   2.3799892629233921E-002
   4.5276939465347950E-002
   3.8297748272305060E-002
   3.5748664151343250E-002
   3.0612136247553622E-003
  -1.8386691326757798E-002
   3.0107956106193906E-002
  -9.9576972598248836E-003
   2.6758333476520280E-002
   4.3699999686057471E-002
  -3.6485653266624583E-002
  -7.1697997891339682E-002
  -2.0506027278725435E-002
   3.8743874156602194E-002
  -5.5375052067434601E-002
  -5.3814999738543083E-002
  -4.3087249811010975E-002
  -5.7741516042397321E-002
   9.9128869071169648E-002
   8.9694644090143105E-002
   8.6435839782951232E-002
   2.4128426502953253E-002
   2.7779956097743015E-003
   3.2364861872412269E-002
   2.0324595379407107E-002
  -2.3069592200340754E-002
   1.1809744933838545E-002
   8.8924924108082538E-003
   2.7322567078953763E-002
  -5.3990772885913904E-002
   2.6015417410683341E-002
  -1.5602439328321454E-002
   1.6011754999442570E-002
  -3.9800090661229429E-002
   3.9958193958734817E-002
   2.8182852155249752E-002
  -2.5372641170215315E-002
  -6.3716636520676703E-002
 -0.14321140353064060     
  -7.1275336889130139E-002
  -5.2554667154980410E-002
  -8.9466744092031869E-002
 -0.12513865039219771     
  -9.7764079383879487E-002
  -6.0930602337609954E-002
  -8.1348037975285947E-002
  -5.0760461123665751E-003
   4.0691173084052165E-002
   2.9659585949160475E-002
  0.10320121868853460     
   6.7140752058684444E-002
   9.4427056956552721E-002
   7.7899150526443570E-002
   6.0704446938078818E-002
   1.9305913654048518E-002
   8.6887109212261046E-002
   1.8321134099655727E-002
  -2.6894364086101817E-002
   8.8779905258835889E-003
   2.3853120918261497E-003
  -5.9828311927113388E-002
  -4.7765436843020002E-002
  -3.3811659700863285E-002
 -0.10175478437722853     
  -6.4432859325123076E-002
  -1.2036551293645040E-002
 -0.12388026483853468     
  -3.4936675614159439E-002
  -7.7129384602514409E-002
  -5.0034291783297588E-002
   2.7580065904994819E-002
   8.3453260354470427E-002
   7.0777556898267355E-002
   6.2610694270404291E-002
   5.3943033680117825E-002
  -1.4316117631139057E-002
  -5.5436830770932068E-002
   2.2621812870898893E-002
   1.2944940172084628E-002
  -2.4659236830880789E-002
   1.7714269342175983E-002
   8.7171877039548526E-002
  -1.0229124169115988E-004
  -3.5612395456858419E-003
   6.2543054764235911E-002
  0.12879140640154788     
   3.7984903501388521E-002
   5.2329374553003169E-002
   5.2589598525535013E-002
  -9.1492650841110273E-002
 -0.12551673680963660     
  -3.8049843914128169E-002
  -4.5506593196811981E-002
  -1.5310981118466096E-002
  -8.9531257968522543E-002
  -4.7243038971892415E-002
   5.9481662500328450E-002
  0.18230679502954553     
   9.8285850400962105E-002
   3.6383977982339714E-002
   2.6796206821768560E-003
  -7.5667753257342180E-002
 -0.16532303157343606     
  -5.2175266704352560E-002
   3.3659626905513058E-002
   3.7455252057488939E-002
   2.8333666143883371E-002
   1.1294639267309831E-002
  0.10580951105969134     
  0.12655474859742402     
   7.1178363532252278E-002
  0.12842725435785329     
   5.5013461871086598E-002
  -4.0600509691729514E-002
  -2.8970072723308021E-002
  -6.5712730218808593E-002
  -9.5296709373102584E-002
 -0.16493985498206204     
 -0.10200802989131506     
  -2.5507806179983196E-002
   2.3025806488273213E-002
   1.9394117493637088E-002
   5.5906977582072852E-002
   5.0744085087542315E-002
  -1.3022683809172687E-003
  -3.9394803310193478E-003
  -7.3989648120433692E-003
  -7.8502818912378869E-002
  -9.8640942705112658E-002
  -7.8187121446083169E-002
  -4.6681703076025413E-002
  -9.2897448715260025E-002
 -0.10223419308602967     
 -0.11562865709790147     
   4.4976526354418619E-003
   8.8375581813301060E-002
  0.13694301913981496     
   9.3926146793538737E-002
   5.7661981752701187E-002
  -2.8264387587123106E-002
  -7.7068830163276911E-002
  -4.1551222889570152E-002
   6.9592362091171533E-002
   3.1645247855183814E-002
   5.9111854876150519E-002
   3.7365469178352623E-002
 -0.12614688934300625     
 -0.14795565685914525     
 -0.17480044897047656     
 -0.14109991031327065     
  -4.1926122903060192E-002
  -7.6058575263813863E-002
  -5.6519476080264516E-002
  -6.9659728354599998E-003
  0.15333345911025911     
  0.10879483766514574     
   8.6103445954994751E-002
   4.1256567656791546E-002
  -1.1713874042594229E-002
   1.4727832059468607E-002
   7.0812256885992103E-002
  -3.6308217368045112E-002
  -9.2195443012606085E-002
 -0.10853489032897254     
  -8.6052584406484667E-002
  -6.0932551703735779E-002
  0.11988982747783919     
  0.17538930846728168     
   8.1264577772671709E-002
   4.2524546238418150E-002
   3.6824267415457135E-002
  -1.6511207446981622E-002
  -4.0747492833737971E-002
  -5.4833822545087292E-002
  -8.3502350918003204E-002
 -0.15120925904125695     
 -0.13917817568736604     
  -8.7768580626756715E-002
  -9.5745778908482737E-002
  -2.3918349237126015E-002
  -3.8122910558788838E-002
  -9.7290984622911178E-002
  -4.9089144993628167E-002
  -6.3270765763770540E-002
  -5.8273658835215847E-002
  -4.1412414883141464E-002
  -4.2227989527811670E-002
  -1.2116095176194610E-002
  -8.7630263341186926E-002
  -2.1305181155288549E-002
  -6.5222096346403580E-002
  0.12947996731066427     
  0.16036633954941162     
   8.4539849121966729E-002
   4.5595487850140295E-002
  -1.9448898104463534E-002
  -8.3620138516120213E-002
  -9.3824675782232178E-002
 -0.21595112893167726     
 -0.14283879596897056     
  -1.9452036109235356E-002
  -5.6960578453943839E-002
  -1.5531103431191242E-002
   1.5028532671779679E-002
  -3.1892349851196392E-002
   5.3909177261873116E-002
   7.8239136456182287E-002
   6.2888136535078284E-002
   2.5570635394100375E-002
   5.8736434572042327E-002
  -6.8028551806591120E-002
 -0.13051641560422211     
  -2.0824487599133530E-002
  -5.8014851120140119E-002
 -0.15230403307606771     
   5.3767965076636530E-003
   9.0447893575102384E-002
   9.6581565268670122E-002
  0.14520834290481657     
  0.16297646208511818     
  -2.9872755026492351E-002
  -5.8532778759048380E-002
   1.1889018133603046E-002
  0.10143819645971040     
   9.8027276074151588E-003
  -7.6891548062383436E-002
  -8.2143642489681343E-003
 -0.11975503631470835     
  -9.4896910208944099E-002
  -2.1449143282781781E-002
   9.7023264537793849E-002
   6.3789828977204685E-002
  0.20411742893582172     
  0.19648208657022972     
   3.9089857453852468E-002
  -6.1524287975097637E-003
   8.5989088453926939E-003
   1.6951293053307814E-003
  -8.1146923444776003E-002
  -6.2289877008809745E-002
  -2.7914503829519901E-002
   1.9706936793395572E-003
   1.4475162345529287E-002
   8.5917205366076041E-002
  -1.6266482611567878E-002
  -8.4425319721961434E-002
  -2.5150038339113685E-002
  -1.5415540256311798E-002
  0.13452109592137634     
  0.19295694802096888     
   4.2457171148272854E-002
  -7.9492225644565540E-002
   9.8779644103968098E-003
  0.17939790608085798     
   5.6418148615858310E-002
 -0.15867629898533286     
  -8.2557597447501158E-002
  -8.8258947463857540E-002
  -6.3755521788313840E-002
   9.1203314960049520E-002
   2.4342595541531890E-002
 -0.10286025882790864     
  -5.0983497416758117E-002
   5.4408994601432822E-002
   1.3811720419789748E-002
  0.11696027620712472     
   3.1670434925002787E-002
  -2.6159595418992203E-002
 -0.11757915264268932     
  -3.9991079163467759E-002
  -7.4275697221944853E-002
  -1.5092270008578441E-002
  -4.0998079933254654E-002
   3.0098815792818506E-002
   1.1575625482014263E-002
 -0.16238024335162565     
   2.6915665675327827E-002
  0.12413677769441903     
  0.13639054739862921     
  0.10093608734367533     
  -2.6648900150230869E-002
 -0.10310233271304924     
   2.0588104050578687E-002
   4.7095828131248345E-002
  -9.7282868712453674E-002
 -0.18462470342508794     
 -0.16204540098681683     
  -8.5309596821471476E-002
  -1.2403059175235842E-002
  0.10966526253439920     
  0.24391639882999461     
   9.9880497079391978E-002
   6.6721062215337801E-002
  0.17859220997021114     
  -1.1539347161150631E-002
 -0.16978372919860435     
 -0.11978422470752176     
 -0.14694540960538355     
  0.14423387206869018     
  -2.9111363663722831E-002
 -0.16079241329890984     
  -6.9447319453354986E-002
  0.13502904250231756     
  0.17759463987894167     
  0.34999010059073554     
  0.18821357132692643     
  -2.6535063466687426E-002
  -5.4657836895174165E-002
 -0.12358961922388767     
  -9.8791803442260129E-002
  -7.9987296404069361E-002
  -5.1127542175253379E-002
 -0.22785892649759529     
  -8.3924400550321326E-002
   5.5395739496796229E-002
  0.16826103107047338     
  0.27520576194881935     
  0.12382366750364437     
   5.8571742390183770E-002
   1.4368904681868550E-002
  -4.5309630133072022E-002
  -7.6775656565932895E-002
  -9.8444185966703068E-002
 -0.15177159002296159     
  -8.8543906360412733E-002
 -0.20105272538756927     
   6.9651014591081140E-002
  0.18459776024116034     
  0.32390036701531666     
  0.34838241196712960     
   3.7276371193850612E-002
  -4.3716647465395470E-002
  -4.4336257006728037E-003
  -8.3494329353088495E-002
   7.8790523330135920E-002
  0.13741048418784640     
 -0.31385924848629887     
 -0.17793478968466789     
   3.1006777641001543E-002
  0.19822154357289265     
  0.44128706668156692     
 -0.11028943280774642     
 -0.10649560700805347     
   5.8024351776396386E-002
   7.9696950728239915E-002
  -4.1406983021983992E-002
 -0.24736713949917186     
 -0.12540274314398961     
  0.11731260099436355     
   9.3240657231600382E-002
  0.10728026968765224     
 -0.16032474775315694     
  0.22117448176317150     
  0.16635714283891578     
  0.12110688172072546     
 -0.10577116969640625     
  0.10130364398138610     
 -0.23840379145699722     
  0.48265620589801200     
 -0.87749692231605214     
