  0.99899999999890354     
  0.11399987088670607     
  -2.6528003494402509E-003
  -1.3147582871546434E-002
  -1.0266722976728707E-002
  -5.0292472983411527E-003
  -1.7411878184886195E-002
  -5.5972271268631094E-002
   1.1485910521706381E-002
   4.5894659850808948E-002
   3.3807400320599416E-002
   5.1990259447838423E-002
  -2.8543979308993269E-002
  -2.8020021340837103E-003
   1.9143807052180932E-002
  -2.3525082112584552E-002
  -4.4267539863066002E-002
   2.7101963629262673E-002
   1.2926190359933145E-002
   3.2123460067242968E-002
   2.5580146190845372E-002
   2.0701646119738359E-002
  -3.2852802731846417E-002
  -4.9316422529097424E-002
  -2.2904012102319883E-002
  -2.5420387113087126E-002
   1.2075384372994170E-002
   4.8380271987742363E-002
   1.1382733607746822E-002
  -4.1017417263528352E-002
  -1.2922836929379664E-002
  -2.1751763146123582E-002
  -5.3791774197403053E-002
  -3.4420180263344466E-002
  -4.4800793528053086E-002
   5.6038615089254736E-002
   2.1918009789842204E-002
   3.4341492934786950E-002
   1.5902641717839693E-002
   1.8397034825814236E-002
   6.8029019915592723E-003
   4.1826057580570182E-002
  -3.3705580618822645E-002
   1.8236779047069377E-003
  -1.0161127871263326E-002
  -3.6096107503340566E-002
  -6.9268820312874013E-002
   2.6744467089775653E-002
   4.7854184783833048E-002
  -5.5047923833985900E-002
  -6.1187704712914182E-002
  -2.2159904721865999E-002
   1.4726162738381636E-002
   1.4422001098307376E-002
  -3.3403807564716989E-002
  -4.0356496178357709E-003
   5.0913406367444781E-003
   1.0152240652037786E-002
  -6.0701831986634128E-003
  -2.4996502950710889E-002
  -1.0533617665953678E-002
  -6.5727296928194175E-003
  -2.3120563976810409E-004
  -4.4777405702163924E-002
  -4.8125357557904286E-002
   9.0159903189674425E-003
  -2.7112408364935319E-002
   1.7301434553371974E-002
  -2.3458103152285005E-002
   2.1739675201802752E-002
  -3.6639652993292464E-002
  -5.6678150143453454E-002
  -1.6288777412331607E-003
  -6.1069371410000683E-002
  -1.0624015921533236E-002
   5.5967998816205317E-002
   2.3079531773949020E-002
  -2.4494170732403970E-002
   5.3794898273497496E-002
   3.3986606937960386E-002
   4.1578924561230315E-002
   1.6503357381165939E-002
  -2.3992079772068964E-002
  -1.0835294309024702E-002
   1.1522283520749469E-002
  -8.5189912317914455E-003
   1.4909610360315842E-003
  -2.5346647348112032E-002
  -1.7193791221419969E-002
   4.1336933411967158E-003
   8.6684666229656978E-003
  -2.2979109007991633E-002
   2.5108380071977351E-002
   4.8503309700463758E-002
  -1.9030553439101836E-003
   9.3127177542680087E-002
  -2.0325053955984908E-002
  -8.1476185100669410E-002
  -6.7555044399527850E-003
   6.0228494847909507E-002
   8.9521632749013039E-003
   1.2916775362383524E-002
   6.5109846929152669E-003
   3.0675582260511494E-002
   5.2966953006470419E-002
  -1.6660330451036078E-002
  -4.0244404668543683E-002
  -4.5880590536721101E-004
  -6.2506064104774869E-002
  -1.4865959383158579E-002
  -1.6233298282998933E-002
  -3.1316475277681458E-002
   2.2932992275818125E-002
   2.6565634396351442E-002
  -4.7872736785370032E-002
  -2.5281052213458548E-002
   6.0295176775167332E-002
  -1.1397426168936461E-002
  -2.5382125311136771E-002
  -1.1417010075941024E-002
  -1.4759152727748234E-002
  -1.4986560899035850E-002
  -2.6731238043811167E-002
  -4.5235798047431344E-002
   6.9769627550015853E-003
  -4.4875083251878205E-003
  -2.8382342187429466E-002
  -1.4391196028163227E-002
  -2.0242065885977632E-002
  -4.1403472961710815E-003
   3.9661758071015095E-002
   5.3130092026369848E-002
   2.7669975508882068E-002
  -2.9022430721775537E-002
  -2.0170005207761282E-002
  -4.3643313401658369E-002
   1.4275483263413746E-002
   4.4778875125632271E-002
  -5.0883155384128451E-002
  -2.4440194173369626E-002
   3.9473865833488504E-002
   5.5694221766013331E-002
   8.5063314395153085E-003
   2.2112230701908198E-002
  -8.5742862579980220E-004
  -2.5403476540585557E-002
  -2.1681075320670533E-002
  -4.9038229153594015E-003
   1.8209404760257657E-002
  -1.6981736528010244E-002
  -6.8476426014876871E-003
   3.8004673304504112E-002
   3.2690672054837458E-002
  -4.3738934794557240E-002
   2.6868202616153278E-003
  -1.5154430435695344E-002
  -2.0613202151934788E-002
   1.8668979560341119E-002
  -1.7893726454721107E-002
  -1.3480387529627651E-002
   5.1131445793002959E-002
   2.3099142083582110E-003
  -3.8956035056223352E-002
  -1.2921840285517096E-002
   2.6487593601508702E-003
   3.0517971047892726E-002
   1.1936578736645278E-002
  -6.9704650135124448E-004
  -4.1321913390375232E-003
   3.8036342181375762E-002
  -5.8385380034270727E-003
   1.4654803342175417E-002
   4.8963509265791051E-002
   6.7702420378213973E-002
  -9.6357870930053689E-003
  -2.8564424232198623E-002
  -1.2354610190956248E-002
  -1.6792266571069126E-002
   1.0032262316300998E-002
   2.0204734927313048E-002
   2.8161715155982342E-002
  -5.6923552147118894E-003
   6.4485347252803096E-002
   1.6519412003306172E-002
   4.7217585896223685E-002
   1.5502886433907417E-002
  -1.7270074648000622E-002
  -1.1313955198475143E-002
  -1.7722050904744088E-002
  -5.8152174282309496E-002
  -3.0829881907457564E-002
  -4.5536261155838240E-002
  -1.6900686812044902E-002
   7.2518779341566073E-002
   5.7553080101860957E-003
  -1.0887097451711217E-002
   3.8806041300256076E-002
  -4.2344184914333081E-002
  -8.9841450877214731E-003
   4.9095381443480468E-002
  -3.1948251719768192E-003
  -2.7929027839786038E-002
  -4.9725401640256326E-003
  -1.0500991490575401E-002
   5.6114711837674101E-002
  -1.7547337536767519E-002
   6.6602264974113432E-004
   1.2802896874458793E-002
  -3.3108369885605615E-002
   1.5434623385360648E-002
   1.0863535460107481E-003
   4.0959027873499851E-002
  -1.0090941949984574E-003
   2.8888195577168325E-002
  -3.6455554077390366E-002
  -7.3501403924487660E-003
  -1.0964950541758946E-002
   2.1032281208966108E-002
  -4.1627206678075485E-002
  -3.2394792959265881E-002
   4.6937847236324971E-002
   5.9021761830572630E-002
  -2.5066796457226936E-002
  -1.1439361857832980E-002
  -3.0421471116178572E-002
  -6.6148960724573642E-003
   3.0633565137453852E-002
   9.4373600489980353E-003
   2.2143700074057542E-003
   1.3764872434855593E-002
   6.7912885635185638E-003
   1.5901657324205926E-002
   2.6177247512586467E-002
   2.0005525767146606E-002
   9.5343763579570726E-003
   1.9670912294130309E-002
  -5.0496813152742938E-002
  -4.9900080148456753E-002
  -4.1747551428093027E-002
  -2.2401590567848586E-004
   5.5933886937862817E-002
   1.1958190366174562E-002
  -2.6122532472261047E-002
   2.9499449514730934E-003
  -2.4100255179865929E-002
   1.0882273748417572E-002
  -1.6627054770463636E-002
  -3.3884920245670302E-003
   3.0485246986790289E-002
  -6.0980272202327934E-002
  -4.3990721897949420E-002
  -4.8696608339978270E-002
   5.3021784614375650E-002
   8.2757400545100473E-002
  -2.0983241625138833E-002
  -7.4608744298773164E-002
   1.5363871861319458E-002
  -6.0803993206008634E-002
  -1.1724625086991807E-002
  -4.1440108900817611E-002
  -2.6851953235112542E-002
   9.7757427800019767E-003
  -1.5226709544216571E-002
   1.6960846758393391E-002
   7.3092653130338830E-002
   6.4525870678877727E-003
  -1.7549059040008225E-002
  -1.8277855475902299E-002
   5.0670555456937418E-002
  -8.2133079170934611E-002
  -3.9244949699669740E-002
  -3.9509785217290011E-003
  -1.7467934416441851E-002
   6.2549563264293548E-002
   3.8302796518488162E-002
   1.3991792857954566E-002
  -3.3835053019245068E-002
  -4.0185243132549432E-002
  -5.8246878333525947E-003
  -3.9443650392638731E-002
  -3.9395305700490046E-002
   5.0704805031393192E-002
   9.5998945152309945E-002
   1.9648296376968900E-002
  -1.9828647636929431E-003
   5.5168165163471852E-002
  -1.9177427354855569E-002
  -2.7125501546238644E-002
  -1.5598291442475711E-002
  -3.3989039954224566E-002
  -4.5153155438235747E-002
   4.7323214781688619E-002
   9.6328392084238813E-003
   2.1845761212931945E-002
  -9.4130781176643488E-003
  -7.8636584975011983E-002
   8.4860989945019331E-003
   1.1104133150721791E-002
  -3.3405909757161407E-002
   2.5537276751660277E-003
   9.2528060376274816E-003
   3.2952293812898166E-002
   4.2778147849775070E-003
  -1.4208147734952341E-002
   5.8177163826992886E-003
   4.1733561009799228E-003
  -7.9605009962452067E-002
  -1.9485662638269289E-002
   2.2677866953435804E-003
   1.8945318956920216E-002
   5.8311904344381493E-002
   5.6074916686127546E-002
   5.6797335242816313E-002
  -3.4239351832295525E-002
  -4.2235572473715836E-002
   9.1005215037695160E-003
  -4.0204463909199649E-002
  -4.4353356790186788E-002
  -6.7677345903370822E-002
  -3.0980175303330075E-002
  -4.1446253234734371E-003
  -2.1819242572130408E-003
   7.5331850177709964E-002
   6.6623040429941618E-002
   7.7811644130695495E-002
   3.1084981570113628E-002
   1.1440810630213346E-002
  -2.8126664909489833E-002
   2.3868697339235776E-002
  -7.9462860021107910E-003
   7.9055249516730638E-002
  -3.9322426708389745E-003
   4.2510126186695495E-002
   3.4994601794764095E-002
   4.1855929586811485E-003
  -2.1728207158377370E-002
   1.0706202899710276E-002
  -4.0146764181409313E-002
  -3.5603512221688643E-002
   1.2499290891852116E-002
  -5.1272759352490871E-003
   2.7938861239827861E-002
   1.7212648472317089E-002
   1.1157516016832649E-002
  -2.1230319175775787E-002
  -4.2864446281737495E-002
  -1.3858604386504483E-003
  -1.7946305698703424E-002
  -1.5760687039254602E-002
  -4.5272781237266899E-002
   1.4992169901549324E-002
   9.9577875010154436E-003
   3.0792867812447434E-002
  -1.1995497349244827E-002
  -5.2427678677579088E-002
  -5.3842202141787351E-002
   9.8804196646796270E-003
   4.1320419817934419E-002
   1.9090323506182557E-002
   5.8848043825486654E-002
  -1.9937954455625240E-002
  -1.1476036944082143E-002
  -8.5482082503923223E-002
   6.0647014265548188E-003
  -5.4825646107372044E-004
   2.5541950626647988E-002
  -8.5847982933093068E-003
  -1.8435745688232849E-002
   3.9657948100359254E-002
   1.5267258631315846E-002
  -2.8143604820129949E-002
  -2.7204708029907248E-002
   9.6303457622250298E-003
  -9.2156294670194233E-002
  -2.0093074503683431E-002
  -2.2220084677026502E-003
   3.4293760765451445E-002
   7.5775622763347247E-002
  -2.9520175799784627E-002
  -4.8971416455682398E-002
   3.9794000566497477E-002
  -9.2890874339618512E-002
  -1.0745568910983994E-002
   1.6583883999260956E-002
   2.6727305853484283E-002
   3.0788547550133365E-002
   4.7524485832430394E-002
  -4.7081475884566688E-002
  -4.6836177452230739E-002
   4.8861112413001853E-002
  -6.4481099503282610E-002
  -1.0849800981074100E-004
  -5.0615025062431124E-002
  -4.3255154964022598E-003
   7.8835907138444974E-002
   1.5151147021121811E-002
  -8.1562478365412500E-002
   4.9310179125668048E-002
  -8.2497334994619878E-002
  -7.5083860477309430E-002
  -3.2305236085345811E-003
  -3.5886072770144863E-002
  -8.7870025434717593E-003
   6.1904953107924182E-002
   4.3014539451652706E-002
   2.1696496197817796E-002
   2.4872466595439836E-002
  -2.7469825732380580E-003
   3.1701425187024342E-003
   5.2975780652727792E-003
   5.3869017133470143E-002
   6.9526781483594646E-002
   1.0080445046875655E-002
   2.0855611573101153E-002
  -3.4180122120690997E-004
  -2.0032534498937302E-002
  -5.6877283603140334E-003
   2.4634121033550029E-002
  -3.3473595164281743E-002
  -7.3284881784184741E-002
  -9.6378550366945523E-002
   1.4700460678136094E-002
   2.0876026563419931E-002
  -5.1580817430880534E-002
   1.8762711777578302E-002
   9.1320351586656176E-002
  -7.5965618453183994E-003
   2.8179889543801890E-003
   9.7977583387150544E-003
  -3.9095665340685926E-002
   1.3276796673166433E-002
  -5.0914208306474407E-003
   5.8628782308344105E-002
   1.7419203730359940E-002
   1.5762453142153631E-003
  -4.9974185017334111E-002
  -9.3751722383852518E-003
   3.9983650319942977E-002
   4.4989434207340702E-002
  -5.1383810092752710E-002
  -7.5044869170398154E-002
   4.5444620134907160E-002
  -9.2967112540393460E-004
  -7.5954960763804605E-002
   2.9098459453555599E-002
  -2.4333036869484556E-002
   5.8950446685548018E-002
   4.0580957825818290E-002
   9.9665557218560318E-003
   7.5957627045906886E-004
  -2.3203352231688023E-002
   1.6178384554204256E-002
   9.8640205831126676E-002
  -3.9079496433678286E-002
  -5.3460716631800929E-002
   1.2167270019828010E-002
  -7.1208892461698411E-002
  -9.7195620076266226E-003
  -1.0685417770594089E-002
  -3.2366184729341670E-002
   1.4713471671192602E-002
   1.3256936569534545E-002
  -3.8473450244714172E-002
   3.8848910226287156E-002
  -3.5772986001362542E-002
   1.5756884690520358E-002
  -2.3525839516708759E-002
  -1.2822958336108971E-002
  -2.0203481543158711E-002
   5.5834921224729064E-002
   4.5349819707626842E-003
  -1.3410649964221382E-002
  -2.0806081570620437E-002
   3.7476576809838083E-002
  -3.4713397400843067E-002
   6.2675549195746723E-003
  -2.8681790695743972E-002
  -2.2070870959526683E-002
  -1.0406917951458927E-002
  -2.0298736882415527E-002
  -1.5738699591827478E-002
   3.4421786815361448E-002
  -4.3986990686993203E-004
  -6.2006072750438124E-002
   2.8564733317643098E-002
  -1.2921083905795274E-002
  -2.5691624041972748E-002
  -5.7606455018380234E-003
  -3.2284231218813519E-002
   5.8660486144060178E-003
   6.7664558913752863E-003
  -3.7669162843763350E-002
   1.7570203484149800E-002
   6.6522277910360320E-002
   3.0422517016940021E-003
   3.8534942797629833E-002
   8.1481922385042455E-002
  -1.8478144523160860E-002
  -5.6169450710170390E-002
  -5.7255903851150848E-002
  -3.1162704453095894E-002
  -1.6287919729014881E-002
  -6.8889510235199292E-002
  -2.6784297507451444E-002
   3.6860618621457703E-002
   5.9690072452117507E-002
   9.7392248653387456E-002
  -1.4506643007517039E-003
   6.7033090131524864E-002
  -3.1662637747085873E-002
  -8.7643625198874607E-003
  -7.2094302637844665E-002
  -9.9437401833094782E-002
  -1.7410660761576599E-004
  -3.0338215243017483E-002
  -3.8455318930459115E-002
   4.4974235262241861E-003
  -5.9498349682005645E-002
  -3.6158889124912080E-002
  -4.4009370619328414E-002
  -2.0759707471787099E-003
   1.0743025662854799E-002
  -5.5290302844523950E-002
  -4.6238085606505417E-003
  0.11213369492067628     
   6.5320765320430824E-002
   4.8793060153692273E-002
  -7.8284186994112478E-003
   2.0521924083557117E-002
  -5.5681774532898895E-002
   1.6527129110196957E-002
   1.0852672208087060E-002
   5.7059421497533290E-003
  -3.6963061990898417E-002
  0.10262014369707864     
  -1.0649667087547772E-003
   5.2135730511584391E-002
   2.4630203333840698E-002
  -1.5616987773421144E-002
   1.1042093641971341E-003
   4.3946184633314759E-003
   6.1302108372941928E-002
  -3.3537508235052457E-002
   9.4406758466131502E-002
  -1.7186564744240587E-002
   7.7978612532069669E-002
  -4.5466977603053779E-002
  -9.3757247053231629E-002
  -1.4334682567800926E-002
   1.5792074596840028E-002
   4.1112792527763561E-003
  -2.2240029677348533E-002
  -4.6768664783743193E-003
  -1.2306753863647404E-002
  -1.4667157012163753E-002
  -3.2023373714009450E-002
  -5.2031898254258094E-002
  -6.6109971071337661E-002
  -6.4167880204111710E-002
  -4.8010839651036523E-002
  -5.0077468305616366E-002
   5.0218575861652189E-002
   7.1970384510863600E-002
   2.5560666578337582E-002
   5.5929320716553078E-002
   1.5201555627072424E-002
  -1.9716117205812863E-003
  -6.9039882536503810E-002
   5.4241585548654235E-002
  -5.2972515759530936E-003
   1.5127485108447107E-002
  -3.1471255751305466E-002
   2.3164738241112110E-003
   4.2214483607899124E-002
  -5.9376835158880337E-003
   9.1705603473565309E-002
   6.1763339555024374E-002
  -1.8760232337681100E-002
   1.7143995479102340E-002
  -1.7801180608458134E-002
  -1.5533601619193435E-002
   1.3558201812842990E-002
   1.7969924886535274E-002
   2.7559617200376696E-003
  -2.1606240855635426E-002
   5.8284258360348895E-002
   2.5779466323560894E-002
  -1.7342154226067181E-002
   9.0933184896683783E-003
   7.8588580295394853E-002
   4.9885716009798672E-002
   2.0897046662343476E-003
  -7.7784886252715832E-002
  -1.1858511426457542E-002
  -6.3097401372562090E-002
  -1.5486002433184020E-002
  -1.3390486372423217E-002
  -5.3629802695760953E-002
   1.7541559758397638E-002
   3.1002875695309812E-002
   7.1113882802005202E-002
   5.4713619150909623E-002
  -8.2984606724755147E-002
   7.2586737467108305E-004
   4.9277769932026677E-002
   2.1556352640241347E-002
   9.0889436426266814E-003
  -4.0733451729834995E-002
   9.5272877596956705E-004
   9.6328223114580003E-002
   4.4113169884715225E-002
   8.1776671113588210E-003
   3.3957265403327240E-002
  -1.9875371353255773E-003
  -7.9543677588085650E-003
  -1.2264206642041843E-002
  -3.5422564542648603E-002
   8.9959390093319644E-002
  -3.6972593795670340E-002
  -4.9111510179366734E-002
   5.6823494747832354E-002
   1.0981118195512472E-002
  -2.8897995475873843E-002
   5.5059199810513340E-002
   7.0966421698569565E-002
   2.3310692894552652E-003
  -1.5242123343548773E-002
  -1.9798481606119037E-002
  -3.3643277645616838E-003
   3.1613138534001925E-002
   9.2204426167531786E-003
  -1.3944433469640159E-002
  -6.7091103986348502E-002
   2.1218548322394205E-002
   2.8040175929124167E-002
  -2.3056181855794590E-002
  -6.6772841802820407E-002
   4.0631512869058709E-002
   3.2416104626568513E-002
  -3.6729048845947347E-002
   4.9741071452871481E-002
   3.9479338324374176E-002
   3.6926589009950897E-002
   4.0119991559238483E-002
  -2.0971471466295952E-002
  -7.7197703234877083E-002
  -8.7957941829409941E-002
  -3.2518055705170607E-002
  -5.7679696693933233E-002
  -9.2046039001616814E-002
   3.1971726777261060E-003
  -4.8455305240400530E-002
  -6.2297267225753052E-002
  -4.2535208755380589E-002
  -4.4165261434748290E-002
   1.0634989763357449E-002
   7.6718976368666175E-002
   2.8060396269026344E-002
  -6.2351787483006432E-002
  -9.4266106434633901E-002
  -7.6938420364809745E-002
  -1.7349133528649942E-002
  -3.4749604739346507E-003
  -9.1918253476702932E-002
  -3.2412486480461015E-002
   7.5299909372782414E-002
  -7.3413969795347285E-003
   5.0929947979959436E-002
  0.10815815783068712     
  -2.2627780338485101E-002
   3.3351158098840288E-003
  -6.0613880507732990E-002
 -0.12456803852000367     
  -3.1622170589206820E-002
  -1.0263589858273837E-002
   9.2419007950385254E-002
   9.3328299247342233E-002
   5.8294957426234292E-002
  0.10988569680222562     
   5.3999750586656091E-002
   8.3251351822468234E-002
   1.0649147093796281E-002
  -2.7671067372631035E-003
  -7.6945796746532832E-002
  -4.1984630218692816E-002
   5.0487777603334373E-002
  -8.7770876920305017E-003
 -0.12904295085454981     
  -8.1907188381636686E-002
  -4.0117791927651206E-002
   5.4466141567872828E-002
  -2.0090417281952303E-003
  -3.6435892572997418E-002
   4.5088959804439506E-002
   3.6491895805173688E-002
   5.7451418525012642E-002
   2.7202065281354333E-002
  -6.1123494566192697E-002
  -9.1204332808083766E-002
  -1.6738918954513557E-002
   6.8444385395187310E-002
  -7.2895027755026973E-002
   1.1515878318438916E-002
  -3.3223705442909875E-002
   2.6457464217269342E-003
  -3.2820729640867581E-002
  -6.8833511187749843E-002
  -2.2311522322164091E-002
  -1.0354737588759019E-003
   1.8150025902014595E-002
   4.6543784166669253E-002
  -7.4659199176844840E-002
  -3.6635918685820626E-002
   1.2897018472229252E-002
  -6.8971305076341610E-002
   3.6547094325129391E-002
  0.10804469418687490     
   2.9101057322962746E-002
   2.8436105323321473E-002
   3.5739383141353477E-002
  -7.1644597564914189E-002
   5.0768580840776845E-002
  -4.7464107397298991E-002
 -0.11264374458429031     
 -0.17308259496840073     
 -0.10811325235342063     
  -4.5110075472419991E-002
  -4.4432867877869688E-002
  -8.6709078245953142E-002
   2.9451112302900876E-002
   3.5510922159666218E-002
  -3.7533436713600514E-003
   2.9665702330295887E-002
   8.2602213951689665E-002
   2.0535065598334245E-002
   7.0754118923868473E-002
   4.4405730794537995E-002
   6.5585607751541930E-002
  -8.2205577854897419E-002
 -0.14030979417717518     
  -2.0508314854216770E-002
   5.0000394053928525E-002
  -6.9534693192250974E-002
   3.5821925333097172E-002
  -7.3616370560884589E-002
   3.9179047141219739E-002
  -1.2799605028096919E-002
  -3.7707719997225053E-002
   1.9486164108116728E-002
  -2.7770079285717522E-002
  -9.1149828318600273E-002
  -3.4550020227750083E-002
   1.5110669038620928E-002
   2.4608402589667244E-002
   7.6142256204868655E-002
   3.5414982257704883E-002
  0.19274530212374977     
   5.2863606352262213E-002
  -4.5485445572085073E-002
  -9.4766469117265051E-002
   3.9014269533206865E-002
   9.8063604475982849E-002
   3.6336025553056608E-002
  -6.6928501277577407E-002
  -2.2141676654317603E-002
  -1.8117305081294027E-002
  0.11069976283402365     
  -4.7432062162861402E-002
   3.9142936543457789E-002
  0.12284961722579379     
   5.6065772307913195E-002
   7.9431313304819645E-002
   7.6287367439547643E-002
  -1.7428563354127683E-002
  0.11284235115835585     
   3.0777712916219370E-002
  -5.9663279521605390E-002
  -1.2206503572942172E-002
  -1.1329726942984000E-002
  -3.2439094349205229E-002
   1.7525175562482859E-002
   2.4451961387608133E-003
   5.7500918358541014E-002
   5.4482104310322341E-002
  -5.4931461357967885E-002
  -4.7996958362576114E-002
  -9.6491794577310538E-002
  -4.7153161480808579E-002
  0.13374750285191067     
  0.10196866813823696     
 -0.11379949596482739     
   1.6126795722556833E-002
   2.7037907273643670E-002
  -2.4277957820229993E-003
  -5.6812626658938430E-002
  -1.3418868836563467E-002
   9.7279453697944912E-002
   3.1877931610305076E-002
 -0.18677639623300907     
  -3.4297522023394658E-002
  -4.0781063664379037E-002
   6.1751923231101125E-002
   3.4253468683164839E-002
  -9.8961889537210676E-002
   3.1336115620651519E-003
   1.3396357275364330E-002
   2.1304453429899943E-002
   3.6655031377876561E-002
   5.6877735067990959E-002
  0.14173197569081433     
   7.0342817132114488E-002
   1.9552938690029369E-002
  -8.3917246956200231E-002
  -2.6753894320398163E-002
  -6.0954012261579364E-002
  -3.8510622677057661E-002
  0.22946762434919121     
   1.9926171164923134E-002
   2.5963643555702454E-002
  -3.4728918148852119E-003
  -1.1378206846319485E-002
  -9.9250939699137980E-003
  -7.1694323305567286E-003
  -1.6890770089727294E-002
 -0.12695557858613293     
  -6.7312202154968581E-002
   1.2212663240821766E-002
   4.8551842609555494E-002
   6.8962469621063477E-002
 -0.11923514698166203     
  -3.0938531318999696E-002
  -8.0651673955693795E-002
  -9.9704168628122099E-003
  -7.8585460002308968E-002
  -3.0964914493254208E-002
   3.0250471878663629E-002
   5.8964326837781710E-002
  -2.2687927704423228E-002
  -9.7661880215575467E-002
  -7.5465431175465766E-002
  -6.0436013226587815E-002
   2.3036146464125332E-002
  -7.0176336360734060E-002
   2.4992855693715892E-002
   8.2018803631610779E-002
  -4.2575613164901827E-002
  -2.8143351517118758E-002
   3.7932294074494849E-004
  0.10988558389853831     
   4.3022347239160957E-002
   5.1254215520664760E-002
  -1.6761654539988381E-002
   3.5981763462167610E-002
  -8.4502389757006927E-002
   5.9893628855382700E-002
   9.7686953114038202E-002
   1.7811962337564376E-002
  -3.8294758121706671E-002
   3.2377732162056659E-002
  -8.9179730109154812E-003
  0.11651530626470213     
   3.9375480237760592E-003
   6.5906709055501750E-002
  0.12526066135172589     
  0.14866302788982708     
  -7.0913790657365625E-002
  -4.0802102373368225E-002
  -2.4660740702728657E-002
  -4.1259211867558286E-002
   5.3922960394221446E-002
  -3.7758818035310622E-002
  -7.8056794812404406E-002
  -1.0899505215521910E-002
  0.16945882498757228     
  -8.0387425590311576E-002
  -2.9746547378650772E-002
   4.2926116159831239E-002
  -5.8150931324420584E-002
 -0.14718645297299626     
 -0.12994152119160829     
 -0.14687553867748962     
  -3.2217696863058487E-003
   5.8584171032159411E-002
  -2.0897933957857620E-002
 -0.17650070402876300     
   1.0600004836219376E-002
  -4.2638759261923904E-002
   1.1012637275809081E-002
   1.0795038523092097E-002
  -6.9330173378513202E-002
  -7.5082683922604490E-002
  -4.2602996333600998E-002
  -2.5532961565638106E-002
 -0.17265579016771865     
  -3.7116679863205486E-002
  0.13254951900154244     
   6.7262203737403464E-002
  -4.7459783984566142E-002
  0.10105833361905124     
  0.17141573041474636     
  -7.3789525754580129E-002
   7.5215136630022605E-002
   4.7175528464111029E-002
  0.22324288737435802     
   4.8247251605026020E-002
  -8.5552468690129557E-002
  -2.1863522618158979E-002
  0.10189565436853834     
  0.11861191979898318     
   8.1375898623331264E-002
  -3.8585408193048277E-003
  -8.3500004437218837E-003
   7.0025181814677498E-002
  -1.0448731502048456E-002
 -0.18309248834830738     
   5.6576949106364766E-002
   9.5515825531747048E-002
   3.7536685231147206E-002
  -6.5008413935790071E-002
 -0.34763417396340235     
   7.3156645723400415E-002
 -0.12590354524797112     
 -0.13958399454980661     
  -7.0144872973160827E-002
 -0.28561530335639540     
   5.9890943710736104E-002
   7.5074751897644093E-002
 -0.19867582965395955     
  -9.8037636645585166E-002
   8.1945838316832623E-002
  -7.9476283788929458E-002
   4.8882828828079407E-002
  -4.4837889632496727E-002
   9.6203784589529343E-002
  0.11017665990307271     
 -0.10495608749312670     
  -4.3161378557574079E-003
  -4.2249940279741015E-002
  -8.0821303433639483E-002
  0.13874649528771801     
  -4.2514491870325036E-002
   3.6845784767881506E-003
  0.27613852562691205     
  0.29683475982434626     
  -3.4799121116822908E-002
  -6.4295613151574157E-002
   5.9910266223645793E-002
   2.5646737673959804E-002
  0.21070837923019284     
  -6.4446553888710664E-002
  0.12562550879912321     
  0.21262493610392666     
  0.15692827525572248     
  0.12298389151759230     
  -9.7925764802440404E-002
  0.20542471947934599     
   5.0632452481514822E-002
 -0.10406904194657451     
 -0.10104010694176689     
  -4.7041945414809799E-002
  -5.5436004207637467E-002
  0.13581736185337615     
  -3.2288053879650849E-002
 -0.26800574289858187     
  0.17629641150116346     
  -1.3712271664353730E-002
 -0.17067359856355083     
  -4.0535027425283907E-002
   4.9559063536172780E-002
   3.6014309592052929E-002
   5.5903496655506375E-002
  -5.6014735042335118E-002
  -8.3652243394798778E-002
   7.4326497309596423E-002
 -0.52198066994458048     
 -0.16195589890121112     
   6.2261520057332112E-002
   2.8521354958857537E-002
  0.35081563616294820     
 -0.18428098706631138     
  -4.1909868067916446E-003
 -0.19086737297172285     
   8.1076799187358439E-002
   3.2957274276570234E-002
 -0.42995337697268055     
  0.28388490946430739     
  0.27905811606279335     
  0.14627255542634304     
   8.9627146345843275E-002
  0.42651904740703322     
 -0.13907567638414636     
 -0.27710587470823317     
  0.14369669453072917     
 -0.46123543663590416     
  0.45727324155928961     
  0.34765731734884037     
 -0.35609923971535429     
 -0.38602370946515185     
 -0.97166666763906095     
 -0.20162555041495289     
