  0.99900000000230038     
  0.35798691520456222     
   9.7022314140865817E-002
   7.5317799690309425E-002
   8.8440757830100403E-003
   2.1901966988073864E-002
   2.4005286179340241E-002
  -5.7802213214649557E-003
   5.8473244029150793E-002
   1.5481410787057288E-002
  -2.7048056612714418E-002
  -6.7587216871926462E-003
   4.8500471027308999E-002
   2.2379388532986672E-002
   2.2619462605602031E-003
  -3.9619207702519935E-002
  -4.7130760213385817E-002
  -2.9626319987605596E-002
  -5.9514037973167691E-002
  -2.9094613285144923E-002
  -1.4265544513417812E-002
  -1.4088288706013374E-002
  -4.4065705407142879E-002
  -6.5739284922733555E-003
  -5.2805713136875682E-002
  -4.3823792219997645E-002
  -3.6870923849392258E-002
  -2.3407650717258897E-002
  -5.2651796981731704E-003
  -1.5048510617513325E-002
  -5.0437524469838041E-002
  -4.6760723311241710E-002
   3.0474176206487187E-002
   3.1639797593535947E-002
   2.6685520951548237E-002
   1.5870210544861318E-002
  -1.3813644476734813E-003
   2.4204238652525667E-003
   1.5852001826297223E-002
  -1.7537940345179959E-002
   5.3672067392381778E-003
  -8.0157100027515257E-004
  -2.2874079802420500E-002
   5.5174214928413361E-003
  -3.1712624584798489E-003
  -2.4508463582807553E-002
   3.5827810305965449E-002
   6.1710669221034700E-002
  -4.7778259008880554E-003
   6.3906640704712451E-003
   1.4483797632127839E-002
  -6.3789335571039739E-003
   2.1566007637282867E-002
   1.0019834996362680E-002
  -4.3538360885271576E-002
   1.6596070310248984E-002
  -1.6722815690333667E-002
  -5.6528541981581575E-002
  -3.4701895433750150E-002
  -8.6545926881653884E-003
  -3.4078812023850976E-003
   2.7895604522043477E-003
  -3.6689088781255444E-002
  -3.3198707802279306E-002
  -8.8639495597655382E-002
 -0.11572872016357189     
  -4.7007076805148741E-002
  -1.4208653017150465E-002
  -1.5015657776086589E-003
   1.2698915350256131E-002
   1.0437922870750557E-002
  -1.1114498397611567E-002
   1.7997177217721319E-004
   1.5194921241794917E-003
   3.3644635678240595E-002
   4.3690436800810487E-002
   1.2698730823840982E-003
  -2.2632365672257786E-002
   3.4497357567130779E-002
   2.2605376115876461E-002
  -7.5916341214207345E-003
  -1.0230405357697979E-002
   1.9636455457067686E-002
  -1.5703948768446101E-002
  -3.4368949995347585E-002
  -4.2811131373079125E-002
  -4.9628729405214768E-002
  -4.8858783919727339E-002
  -4.2074283767366723E-002
   1.0479102683246075E-002
   3.3748825498521880E-002
   1.3517848935779670E-002
  -4.3630413566176786E-002
  -4.0648430987086558E-002
  -2.1958550484583613E-002
  -1.5723013905682658E-002
  -1.2463133166637951E-002
  -9.4978390528696513E-004
  -2.1900490318682075E-002
  -1.4773064620995523E-002
  -6.7009373248086229E-002
  -3.0034921541014007E-002
  -3.0984038935494636E-003
   2.6929085837020020E-003
  -1.3673981327713544E-002
   3.5920568411509306E-002
   4.0231376387921014E-002
   7.8106257436724530E-002
   3.3128822864975038E-002
  -6.4169205894716004E-003
  -3.1842486012374008E-002
   2.1710877424474532E-002
   2.8948332352058646E-002
  -1.6435716848677256E-002
   5.5651298065969683E-003
  -2.5438732223217929E-002
  -3.2990980907124934E-002
  -4.9580725463674404E-002
  -2.6717149334304777E-002
   6.6930821234703425E-002
   5.2191905962151515E-002
  -6.2782317106615509E-003
   1.1720718827703065E-003
  -5.4050412962149460E-003
   1.4247376399664785E-002
  -1.0610035721587245E-004
  -4.3721984776773463E-002
  -4.0992313103653331E-002
   1.3244913996448561E-002
   1.7105809073818461E-002
   4.6993712630457034E-002
   7.7538154828132033E-002
   9.9872600806368825E-002
   4.5763060548632828E-002
   1.8427205121229435E-002
   1.2843001114811153E-002
  -7.5239451150625955E-003
   1.9043106852409071E-002
   3.3306315004492534E-002
  -1.7686823934200138E-002
  -1.1776172890786623E-002
  -7.5273323817583240E-003
  -2.4108396009502767E-002
   2.5049864279732541E-002
   2.9387619953873963E-002
   5.5424449361028111E-002
   2.1364155565528613E-002
  -7.6847877756405624E-003
   8.7146249055015806E-003
  -1.1048439707596922E-002
  -6.4096618476129130E-002
  -3.1625855048090838E-002
  -2.6509696712852037E-002
  -3.4295580824083169E-002
  -1.4706612808484306E-002
  -6.2763951631733927E-002
  -5.3624483212987448E-002
   3.5038030512900997E-002
  -1.2831525866277947E-002
  -1.1407022993892176E-002
  -2.7443787025628590E-003
  -1.4929144861913416E-002
  -4.3553442322380106E-002
   1.5621366987645972E-003
  -3.6209731931785504E-003
  -5.1754294647988791E-004
  -1.5900446729967523E-002
  -3.0530161300942795E-003
  -1.5172279130179243E-002
  -1.4726063384766964E-002
   8.6617009381340596E-003
   2.7695306049112987E-002
   3.1822388598585521E-002
  -9.5194437048110748E-003
  -5.2300637740821235E-002
   1.9040755738173622E-002
  -2.3674859508657570E-002
  -5.0962052585448253E-002
  -4.1066809647638064E-002
  -1.1703220116403809E-002
   5.5848801486686611E-002
   1.5536692167247262E-002
   2.9050256105672367E-002
   1.8085051073893275E-002
   1.9504615676585735E-002
   2.3362625410292260E-002
   2.9923281316074791E-002
  -5.5850582818493442E-002
  -5.4690827025586593E-002
  -5.8427164102676066E-002
  -8.7628117450354853E-003
   1.9479949041842767E-003
  -4.0341386947582141E-003
   2.8622177218917112E-002
   5.2035850876739238E-002
   1.1077370470355487E-002
  -2.1917328012480163E-002
  -5.6386419727434543E-002
   7.3413392922687540E-003
  -3.9804366823365613E-002
  -5.1973081857585500E-002
  -1.7022573690201638E-002
  -1.5116157717928416E-002
   4.3367094441102857E-002
   7.3572273939884372E-002
   2.4430949781900056E-002
   1.1799904750507011E-002
  -4.1243285134927648E-003
  -3.2311289767439698E-003
  -2.8932219370856591E-002
  -4.0069937107979174E-002
  -3.3740356136113765E-002
   3.2017930653856085E-003
   2.5842258683376605E-002
   4.3840533495347875E-002
   3.9238902662054743E-002
   7.2020836977768496E-002
   1.6538816222001405E-002
  -2.5160790373458461E-002
  -3.8408488313499280E-002
  -8.6104911836523516E-003
  -1.4065997045106931E-002
  -2.5415152468263744E-002
  -3.8696379878872721E-002
  -7.9468338961484558E-002
  -8.4417490268633474E-002
  -4.8942288628011539E-003
   1.7886681674314880E-002
   2.6266297915035096E-003
  -4.0561736491209491E-002
  -9.2438174840973150E-002
  -9.4063350638165386E-002
  -6.6585902722254828E-002
  -2.5479832717116971E-002
  -7.7874184081488038E-002
  -2.0439759934652482E-002
  -3.0509087475914628E-002
  -1.7221759727289884E-002
  -2.2953448842124541E-003
   4.6543706544909316E-002
  -5.2890868796418224E-002
  -5.7478001639412198E-002
 -0.11777212256874174     
  -5.2974877182824023E-002
   1.3712725463278714E-002
   4.0057011752839940E-002
   6.4657102999212623E-002
   8.7811057183852972E-002
   5.7722119889364779E-002
  0.10751009720664284     
  0.12843638016322356     
  0.11339161081305682     
   7.8074616399881086E-002
   4.3734598840538173E-002
   2.6704278177109138E-002
   1.1862396149719403E-003
  -7.8773628312342903E-003
  -1.6129958463505803E-002
  -2.9064528571544684E-003
  -2.9026554140412282E-002
   3.5770336661754020E-003
   3.3535083698489017E-002
   5.2540908308720484E-002
   2.8300075374769123E-002
   2.1806741690284993E-002
   1.8775909312241424E-002
   3.4550894424723672E-002
  -3.9257612259637718E-002
  -6.8520101388619026E-002
  -4.9950609652272882E-002
  -7.7417441226486791E-002
  -5.4578271970600223E-002
   6.4019292681734485E-003
   4.0753712880561552E-002
  -1.4341699106430577E-002
   1.5721173388681810E-002
   1.0911002833008054E-003
  -2.9519191836773522E-002
  -6.3351739071506569E-002
  -3.4832339948196026E-002
  -4.7904675736708854E-002
  -1.9010289754644839E-002
  -2.9079819081498690E-002
   5.8726810173419790E-002
   3.2643202215178919E-002
  -1.6710705154307885E-002
  -2.6344585327981077E-002
  -3.0663270397772203E-002
  -4.7079491960584944E-003
   2.4670964866439011E-002
  -4.5579964904845574E-003
   4.4626940353355127E-002
   5.3802174009482708E-002
   2.4877679816758314E-003
   4.0023902074696464E-002
   2.0021956674487047E-002
   3.1794712545752384E-002
   3.0040138142587387E-002
   3.7695724691617520E-002
   4.0117842378597883E-002
   6.1736121499493014E-002
   5.3645014237525539E-002
   2.9668573050417594E-002
  -1.3340936341463351E-004
   6.2960564696258242E-002
   9.4664857536715510E-002
   7.0828470860814119E-002
   2.5539588265138132E-002
  -1.5014889057286112E-002
   2.8710631859104416E-003
   3.5689919343997657E-002
  -1.3799514807652326E-002
  -1.2500008319547392E-002
   1.6160814261729786E-002
  -1.3571722193768548E-002
  -2.1586998740231009E-003
   2.4754287845719175E-002
   4.0177643473837121E-002
   3.4211500082984882E-002
   7.3487597219603169E-003
  -5.5898245457478346E-002
  -2.5649018989324899E-002
  -4.3061956256752933E-003
   1.7369656320877544E-002
   5.7924862577738497E-002
  -3.1899387767825124E-002
  -4.7042010498033124E-002
  -7.9662590125756279E-003
  -5.5941291674164659E-002
  -4.8496983485080872E-002
  -5.6262639494107314E-002
  -3.2481283644280948E-002
  -3.7875477643943653E-002
  -5.2616054096722459E-002
  -1.9440330270190639E-002
  -1.3765441598053029E-002
  -2.3690658079328086E-002
  -5.7576183201088808E-002
  -2.0544815878897869E-002
   3.0225809166051975E-003
   3.1737621902927629E-002
   1.8134806385016231E-002
  -3.9744428581380033E-002
  -2.0515253156808307E-002
  -3.9095327179572523E-002
  -5.9708590977768948E-002
  -4.3098742553281950E-002
  -6.0557816013213958E-002
  -7.2115622564631415E-002
  -6.6546321809565601E-002
  -1.1548396577092876E-002
   4.9973537859610555E-002
   9.5279366728968622E-003
  -7.3885349184556809E-003
  -6.0428326595258373E-003
   3.8523511941405998E-002
   1.7378823756957908E-002
   3.2899620426881354E-002
   4.3591916935993909E-002
   1.5165341810084514E-002
  -2.8753927457590190E-002
  -3.6800776947666529E-002
  -6.1353439204697754E-002
  -3.2743302971227226E-002
  -4.4239966980019196E-002
  -4.3682770069048631E-002
  -4.2506585943862835E-002
  -3.6656049611941695E-002
  -6.8070074231138616E-002
  -2.5612177743235875E-002
  -3.7073830876257673E-002
  -3.9049078936941581E-002
  -5.6169086133371147E-002
  -6.1950587396277172E-002
  -7.1805084637441507E-002
  -8.6195077302711795E-002
   2.8100020933266839E-002
   6.3681938550197922E-002
   9.5264097001497933E-002
   5.5065919660615616E-002
   1.2399476620131619E-002
  -3.0721455301701547E-002
  -1.8747068898741455E-002
   1.4399770064720253E-002
   9.5551222132272837E-002
   1.6437868993240169E-002
   4.8550191772883049E-002
   9.5625088259943467E-002
   5.1590636670285323E-002
   5.5415985609846374E-004
   6.1187750476078398E-002
   9.8746589756085520E-003
   5.0157376037342175E-002
   2.9397702826379712E-003
  -3.9278238995041098E-002
   2.2058177713907497E-002
   3.2529048593915290E-002
   2.6451323376968258E-002
   5.6069315705155491E-002
  -3.0029758641276411E-003
  -4.0048134071362547E-002
  -5.3805499379957655E-002
 -0.10166210809967488     
  -8.3268079346580870E-002
  -6.1934552356629619E-002
  -7.1064370043219652E-002
   1.5213536868559210E-002
   1.7414133362321138E-003
  -1.8616545333243165E-003
   2.3040808077386715E-002
  -1.6238444401345583E-002
   2.4788611325186265E-002
   2.3022440555612513E-002
  -4.0171847584412231E-002
  -1.6835085544613212E-002
  -5.9207867317647794E-002
  -7.8823044009211612E-002
  -4.2889717230009013E-002
   7.9013545067093353E-003
   7.3679063615927423E-003
  -9.4317744480314162E-003
  -6.8899847922071229E-003
  -4.1001921269661720E-002
  -3.1935797100684254E-002
   2.7578523228386765E-002
   9.6394302861318136E-003
   3.8908662285306629E-002
   1.0376784752887433E-002
  -1.5007405732508114E-003
  0.11568016336810821     
  0.14448497616578043     
  0.12535446716852044     
  0.11413082734856965     
   2.4465738855867215E-002
  -3.0255406883373703E-002
   8.7813466133965009E-003
   4.9344222338859843E-002
  0.13943743860131524     
  0.12428556958311762     
   3.4319207058846862E-002
  -2.0905376399306889E-002
  -3.4659046577395450E-002
  -1.3649214293098779E-002
  -1.8339383982106286E-002
   2.5983238607724418E-002
   5.1592651546164388E-002
   3.9634686450736673E-002
   3.1001670226005647E-002
   4.4806753455199372E-003
  -2.4619305432634232E-002
  -1.8960013020366599E-002
   1.1578744667442353E-002
   1.5121835761562350E-002
  -6.5826122288701965E-004
   6.8401105637949017E-002
   7.3045012103096288E-002
   2.8780825851783629E-002
  -2.5833480599884683E-002
  -3.5801563491632757E-002
   3.6609644979569055E-002
  -3.2319622243746210E-002
   7.0239523768954523E-002
   7.6020163727744255E-002
   3.8025746542734891E-002
   3.7852972795946772E-002
   7.3624295719010205E-002
   3.8031238120316425E-002
   6.9572707374301324E-002
   7.5754337273600848E-003
   2.2021916741129747E-002
   2.6364898963092590E-002
  -3.1609191373639420E-002
  -3.9361199511969987E-002
   1.5235970941393311E-003
   4.1013576795301668E-002
  -1.1711908811443909E-002
  -8.0832276951970077E-003
  -4.5678491175016087E-002
  -6.2610937439003561E-002
  -6.7742321385412946E-002
 -0.14011780857862846     
  -5.6564140909767760E-002
  -3.2938367282538912E-002
  -5.2101597846718056E-002
  -7.2932300264739814E-003
  -4.4690248942868771E-002
  -3.1615852074091282E-002
   7.8379083004232828E-003
  -3.4219296532092748E-002
  -4.0249857829676577E-002
  -4.1490573875534606E-002
  -7.7373038083136225E-002
  -7.3219853129464607E-002
  -6.8502843620619008E-002
  -6.0967244702955975E-002
   3.0082030334484689E-003
   1.7357077036397293E-002
   7.4755046020837587E-002
  0.10150749695684111     
   4.1479296457565942E-002
  -1.4316726089691973E-002
   2.4510220672630839E-002
   4.9468263591341981E-002
   2.3191552913408194E-002
   4.0854084133261484E-002
   4.0858025411206388E-002
   6.1672728424108487E-002
   1.3688009477540808E-002
   1.5886477934026109E-002
   4.1838272253518209E-002
   7.4392408028514809E-002
   7.3026499762902708E-002
   1.5355518916085950E-002
  -7.2112610928140697E-002
  -5.2515001117221488E-002
  -4.5086116018795426E-002
   1.0277973159220565E-002
  -1.9876079202173274E-003
  -1.9279786280842651E-002
  -3.0049964351266650E-002
   5.0020863034236883E-002
   3.5633793123258588E-002
   2.5632897507829874E-002
   8.8553753422744661E-003
  -2.8134482896957459E-002
   8.3043060028399496E-003
   2.5019903783244327E-002
  -5.5066279539681899E-002
  -7.2163858693255256E-002
  -8.9083144851062793E-002
  -6.0330010136809907E-002
  -6.6089860019675067E-002
 -0.14372117996346845     
  -8.1012307213045157E-002
  -6.3735955207153333E-002
  -1.6222378563512829E-002
  -3.6788195637517487E-003
   1.9296443129488482E-002
   3.8648227199576811E-003
  -6.9978329724696029E-003
  -8.9837086129802748E-002
  -4.4717465452171000E-002
  -6.6612969665336549E-003
   7.6844996686653719E-002
  0.13816340692705220     
   8.1461106050312773E-002
  -1.9320978229275726E-002
  -3.6629106533590937E-002
  -3.2136602838105594E-003
   7.4433181022099004E-002
   4.2670563297849039E-002
   1.3782054008254659E-002
  -2.0371093351177934E-002
  -4.9445522830765108E-002
  -2.3301604653220367E-002
   8.1846244278097943E-003
   8.0192127007868222E-002
   8.7027828697417209E-002
   8.8485607794735716E-002
   1.8876328874409938E-002
   4.2060968432366314E-002
   9.9533330141877551E-003
   5.0735500717110686E-002
   5.0507738471484306E-002
   1.9601058217507541E-002
  -8.3371415569347421E-002
  -2.4377621272720921E-002
   7.3305605722674569E-002
   4.8440056295123560E-002
   1.7508232176015888E-002
   5.4394234388524670E-002
   5.6511072451761540E-002
   8.0103171696858988E-002
   1.9717850246220300E-002
  -2.1514941706670961E-002
   2.1447838352986436E-002
   3.6127934443200643E-002
   1.1054666237887711E-002
   2.9940099869683653E-002
  -3.6321615391972158E-002
  -6.6849492007706623E-002
   1.1413825008696915E-003
  -1.1023124907858067E-002
   2.3031032832579377E-002
   7.0498857427012855E-003
  -1.9785273670701129E-002
   3.7736217993255453E-002
  -6.5351124745449227E-002
  -2.1810342985288431E-002
   1.5602543740391099E-002
   9.6093432929718253E-002
   3.6824779496592068E-002
  -3.5117472554498171E-003
   7.8430099978514717E-002
   9.5011575970895615E-002
   6.1675971234364281E-002
   8.2278447716789715E-002
  -2.7596166721174348E-002
  -1.7024601646218475E-002
   3.3609751111502204E-002
  -8.0785069489183476E-003
  -6.6511595675835733E-003
  -1.0316805079294382E-002
  -5.4028305788278531E-002
   4.6237391370022959E-002
   6.9841176776121824E-002
   7.1533560076111558E-002
   3.3330752663426819E-002
  -7.2903253351401923E-002
 -0.10517314825968162     
  -5.4022239534152833E-002
   3.9875084061840958E-003
  -4.6148530992726540E-002
  -5.9838113558259604E-002
  -9.3527819200959997E-002
   8.2897037423265696E-004
  -2.2917694412253178E-002
  -7.0749324465687491E-002
  -5.6168939798400493E-002
  -3.8657583333870919E-002
  -9.9464341727135031E-002
 -0.14186261819024901     
  -8.3605080546771668E-002
  -4.8996334863472976E-002
  -1.6598130043955502E-002
   2.6106032941428749E-002
  -5.4345926245904187E-003
   6.0299026949410715E-002
   7.9862347731587596E-002
  -3.0475496077225810E-002
  -4.2263138262515786E-002
  -7.1911053416515184E-003
  -1.3575104891096272E-002
   5.5373815565881550E-003
   2.9224926099944658E-002
  -1.0489003720108419E-002
  -1.4614912537973118E-002
  -1.6229364631275181E-002
  -1.3928808942207644E-002
   2.6815790625458712E-002
  0.11939631023033719     
   8.1666821999188038E-002
   6.5956200781130833E-002
  -1.7083528512319351E-002
   2.4047660145987661E-002
  0.12035358773301259     
   2.9187171202077668E-002
  -2.3202932055898663E-002
 -0.11374099799907789     
  -5.9841415596507144E-002
  -6.6097077324005882E-002
  -6.9611970592971112E-002
  -2.4993434037556730E-002
   4.2849196591890279E-003
  -4.9670725624479661E-002
  -6.7039884488183168E-002
  -3.5124416211164765E-002
   5.5226117328493016E-002
   9.2954056745581076E-002
   6.3685252388185357E-002
  -2.4627865150170299E-002
   9.8577045031824555E-004
  -6.8017149112394426E-002
  -5.1077756729795254E-002
  -4.4454702436745881E-002
   3.5596012703245146E-002
  -1.9710703410707964E-002
  -6.7570485568045971E-004
  -3.8409313225274168E-003
  -2.2382225667185774E-002
  -5.1911892950141633E-002
  -9.9705669374400688E-002
  -6.0530711166221308E-002
  -6.3279991129192095E-003
  -7.9263199148914328E-003
   1.2613066580573691E-002
  -6.6959749142517302E-002
   1.3382330769622509E-002
   2.3692943083163567E-002
  -8.3678078162795939E-003
  -9.3568361705778438E-003
   2.1157758649122047E-002
   3.4187577409934250E-002
   4.7912868054531467E-002
   6.1212622271025656E-003
  -9.3434786657401070E-002
  -7.2859928064354720E-002
  -4.2640775850515357E-003
  -3.2836819926043412E-002
   2.8513757324417858E-002
   6.0676286041431569E-002
   3.9667444362905299E-002
   5.8798888558050495E-002
  0.10859773747826285     
   2.0886207023831389E-002
   1.1513373534845108E-002
   2.6205056722659541E-002
  -1.8036053769894950E-002
  -3.5742530007581756E-002
  -7.1474111244081248E-002
   8.7684789872629787E-002
   5.8788124953287474E-002
   9.1932298157399339E-002
   3.2863777916775139E-002
  -4.5944769452266027E-002
   1.5591500803523712E-002
   2.4567145214945438E-002
  -1.6747728139670213E-002
  -3.2506261367826784E-002
  -4.6100755698705205E-002
   4.6046674575149833E-002
   4.3450991345216572E-002
   4.1602518515318501E-002
   6.2978610704108609E-002
   9.5373460050264522E-002
  -1.3810562425484641E-002
  -3.5694978075742047E-002
  -3.5819989792987499E-002
  -3.1925546705412082E-002
  -4.2530365624182088E-002
  -2.0457846277049656E-002
  -4.8474074763466955E-002
 -0.10156156829280552     
  -9.0895536635551694E-002
  -8.5605984064423851E-002
 -0.12071448235393682     
 -0.17282460966380689     
  -8.3403116436887095E-002
  -6.1339541518593853E-002
 -0.11770714423510380     
  -1.2324200797870868E-003
   1.0986489481337795E-002
 -0.11767017296144630     
  -4.1634107870779528E-002
  -7.9171028090157525E-003
   4.8952579863296687E-002
  0.10220275994611167     
   4.2146031053349076E-002
   6.5725567919122069E-002
  0.13795948584281251     
  -3.7889866407232208E-002
 -0.18244680354675366     
  -8.7382238655692151E-003
   6.5267126968200348E-002
  -2.7875542723823987E-002
 -0.11499942843119114     
 -0.11447972019506840     
  0.11108799892241088     
  0.12736901068972584     
   2.2808900185511228E-002
  -3.5639092368001217E-002
   1.7700892252190840E-002
   7.7687953935481446E-002
   2.6633035189430987E-003
  -6.6759144138173951E-002
  -1.3032822959319804E-002
   9.7963493033001545E-002
   3.9662718137511835E-002
  -3.0205927544917553E-002
   1.7511416171902589E-003
  -2.9173696858899513E-002
  -4.5131008173475762E-002
  -7.8807308331760681E-002
   4.1243242852718180E-002
   3.3784677674305680E-002
   2.2879790982943644E-002
   2.1308440501876007E-002
  -9.6843441490626514E-002
  -4.6913255721528317E-002
   1.0868059384937947E-002
   7.3702328073925891E-002
   8.8563623944108869E-002
   5.9049887859156804E-002
  -2.6732170466236365E-002
  -6.8616427907092326E-002
  -8.5584358258399884E-002
  -1.1643580591994889E-003
  -6.2302472616492403E-002
 -0.10691334759317223     
 -0.14729562111858949     
 -0.13006341712034619     
 -0.12634134900244223     
  -7.2313276230521320E-002
  -4.5812246286571254E-002
  -3.9551032664531777E-002
  -4.0723968689513640E-002
   4.9944880348506381E-003
  -6.3277510729299255E-002
   4.3974915293669018E-003
   7.1573242983826557E-002
   2.6914849510986695E-002
  -6.7902852778022466E-002
 -0.13988553252950661     
 -0.10342149360511314     
  -2.2096047013684741E-003
   8.2446027398757976E-002
  -3.3900305894478178E-002
  -4.8425897060308157E-002
  -7.4144474834247753E-003
   4.0174889024369949E-002
  -1.2943835264507004E-002
  -4.0117887261566738E-002
   3.6773216152207487E-002
  -7.5357086855491251E-002
 -0.11227799839646832     
   8.7853380407352678E-003
   4.7967417341061115E-002
   5.8556429620082340E-002
   6.3784397614275110E-002
  0.14853402369624447     
  0.20187227791449711     
  0.10344937088071936     
   4.4438892809127321E-002
  -3.5765562549299780E-002
  -1.9856613342871914E-003
   4.7718455386926123E-002
   3.3621352789194085E-002
  -1.3298086949446050E-002
  -5.1241154731254809E-003
   7.2997608155486032E-002
   4.2353900346224847E-002
   9.3782804562037997E-002
  0.13241721373650775     
  -2.4110633711625123E-002
  -8.0746125937321514E-002
   5.5647122382232489E-002
   4.1531181804477187E-002
   3.9147790527932040E-002
   1.6457877629286313E-002
  -6.1254597157049213E-003
  -2.7931274253425141E-002
  -9.9254073133696497E-002
  -3.9451136371282537E-002
  -1.6008234925212854E-002
   2.8253757682095797E-002
   5.9378965768902628E-002
  -3.8813671007345736E-002
  -6.1520180353345472E-002
   9.3148565958730348E-002
  -1.2288437284687918E-002
  -7.6243739333513347E-002
   6.4121799746355776E-002
  0.14704833807679318     
  0.18258139460584122     
  0.15878511294546052     
   8.2336449757758765E-002
   1.5403957626115431E-002
   9.3309243825492557E-004
  -4.8380770019908453E-002
 -0.14181641474641635     
  -5.6105561140138677E-002
  -4.1068388808932717E-002
 -0.11305243155524576     
 -0.24517727732901604     
  -8.6412732746824164E-002
  0.11203543423793492     
   5.8760736415471637E-002
   3.7699023800001695E-002
  -1.3788683629219202E-002
   4.0489082549633550E-002
   3.3368969572872254E-003
   7.1989862687855982E-002
  0.13941173458042075     
  0.11490012340241226     
 -0.10173659442365975     
 -0.16302863119082278     
 -0.13989032546860322     
 -0.10276942894292532     
   4.8431923538966712E-003
 -0.13741989266906890     
 -0.24801535300955846     
  -2.9180306252991093E-002
  -4.0696267817985794E-004
  -7.0419428743263138E-002
  -8.5339956914133416E-002
   3.0268330484390714E-003
  -2.8122416149658153E-003
   3.3845335287222583E-002
   1.1250345971850801E-002
  0.11745605966327149     
  0.12543224528771313     
   6.2468971410848832E-002
  0.15233073954540388     
   9.8075464683400615E-002
  0.21334396338230263     
   8.2117469329076834E-002
  -5.6866806611685257E-002
   5.2146337324321501E-002
  0.15355577826845676     
  0.15326744240030443     
  0.16562610529200783     
  0.20682228540426956     
  0.10982797548941878     
  0.14762902755864610     
  0.12400132206752074     
  0.12358455292079243     
  0.13398280638735219     
  -1.9450942024633166E-002
   1.0306309875699604E-002
  -8.3444677310203622E-002
   6.9601620757059370E-003
  -3.2431918167422413E-002
 -0.16861353488651631     
 -0.11330057852993915     
  -6.7881784125855701E-002
  -5.7130777688510610E-002
   6.3641916677382948E-002
  0.22385761599515686     
  0.20402450078576867     
   2.4627264285984076E-002
   4.3759448401089196E-002
  -2.6556210006988882E-002
 -0.22796146204585022     
 -0.20969486697679993     
   5.7543697038843636E-003
  -4.9229564438104188E-002
  -9.2026018286949882E-002
   2.4809955714852911E-002
  0.14089159696593101     
  0.11871081534751143     
  -4.2387622749774624E-002
 -0.13314626072667904     
 -0.12973147095349011     
   1.1700729733017201E-002
   2.3900108779977831E-003
 -0.11670357510590740     
 -0.11328060669698134     
   4.5415238254789006E-002
  0.20717730722701103     
  0.10232012256325324     
   8.9158794616294543E-002
  0.12840610969569943     
  0.18635005951179798     
  0.27834907496114519     
  0.17860864639573140     
  -1.6852537887346196E-003
  -8.3159238129898172E-002
   1.2936883793526671E-002
   7.1812667676156641E-002
   3.6360971591468109E-002
   3.8954560154871816E-002
  0.25533306736350159     
  0.22738867216042163     
  0.11125783675327985     
   7.8064116944277992E-003
  -8.2642904431218203E-002
   9.8830703805176390E-002
   1.1325668698120099E-002
 -0.11731365214338323     
 -0.15183350786765054     
  -4.5054972677609717E-002
   7.5577891118669624E-002
 -0.13863652771698692     
 -0.14043627290250102     
 -0.13787522618413209     
   8.9471924303658176E-002
  0.19027950808356672     
  0.18255239320408895     
  -2.7574755890188662E-002
 -0.20249984170252408     
 -0.22210756550960969     
 -0.23751787200993477     
  -4.1884968871660565E-002
  -4.0041174330456793E-002
  -7.6177137056635327E-002
  0.12376269801319113     
  0.24815602267191844     
   9.7791960469233427E-002
 -0.26438062547060442     
  -9.7028610976841123E-002
  -2.5798568377550991E-002
 -0.21082618295203542     
 -0.39175594954652171     
  -5.8129926956297158E-002
  0.29127964635973652     
   9.1784261209203091E-002
 -0.10828967133448514     
 -0.27277266057412869     
 -0.17089060958474209     
  0.13838887900667840     
  0.12813720062455486     
 -0.15141102506514048     
   4.4624518490477237E-003
  0.32424369260518671     
  -8.9640008455881701E-002
 -0.18276823384364890     
  0.11423390271184615     
   1.0728444943144582E-002
  -9.5801240793482179E-002
  0.10106342403859252     
  0.31391171942828655     
   6.3514227554800795E-002
  0.28627668982248516     
   7.6415563471219417E-002
 -0.53452808429244358     
 -0.73637258091545921     
 -0.47970185307228114     
 -0.48068342174409173     
  0.14565817436659328     
  0.21037649859977520     
