   1.0000000000000000     
   1.7857753387510323E-002
  -4.9661248718537866E-002
 -0.23302205812038290     
  -9.7014631883016858E-002
  0.10581723095803162     
  -2.9976274697525930E-002
   3.1497144593774139E-002
 -0.15052933631422580     
 -0.11199973846678589     
 -0.11493222692328478     
   4.9636158245573311E-002
   6.7372073307433125E-002
  0.14208397206835419     
  0.11980986780502026     
  -5.3348737155366338E-002
  -7.4161631084060042E-002
 -0.12217663400021979     
   6.6655166919085546E-002
   5.0773742090551209E-002
   3.7024453678956154E-002
  -6.7439154383742803E-002
  -8.2689100343649749E-002
  -9.4750251529942361E-002
  0.12683032077508036     
  0.14523214569651408     
  -5.9164857672180916E-002
  -4.3026981073297034E-002
  -6.1490279638937120E-002
  -1.0905618801763809E-002
  -9.5532153849039694E-002
  -5.5620554043484885E-002
   1.2965116374634881E-002
   8.5358586106037984E-002
   2.9170934820205423E-003
  -3.1306074949484258E-002
   4.0913909070285373E-002
  -2.1732553095583809E-003
  0.12937135995997096     
   7.5469771422570164E-002
   3.8603464978176821E-002
  -7.7500726678100554E-002
  -2.2679696311836181E-002
   8.7835516629984678E-002
 -0.21150495707985451     
  -5.4637431947189188E-002
 -0.10208785923219302     
  0.13065739327044587     
   8.2298297654950114E-002
  -4.7056798317466363E-002
   1.8815460100330760E-002
  -4.7056798317466397E-002
   8.2298297654950087E-002
  0.13065739327044582     
 -0.10208785923219306     
  -5.4637431947189168E-002
 -0.21150495707985456     
   8.7835516629984664E-002
  -2.2679696311836216E-002
  -7.7500726678100554E-002
   3.8603464978176821E-002
   7.5469771422570164E-002
  0.12937135995997096     
  -2.1732553095583410E-003
   4.0913909070285345E-002
  -3.1306074949484272E-002
   2.9170934820206295E-003
   8.5358586106038026E-002
   1.2965116374634872E-002
  -5.5620554043484913E-002
  -9.5532153849039750E-002
  -1.0905618801763816E-002
  -6.1490279638937093E-002
  -4.3026981073296985E-002
  -5.9164857672180993E-002
  0.14523214569651413     
  0.12683032077508039     
  -9.4750251529942306E-002
  -8.2689100343649735E-002
  -6.7439154383742803E-002
   3.7024453678956126E-002
   5.0773742090551188E-002
   6.6655166919085518E-002
 -0.12217663400021980     
  -7.4161631084060028E-002
  -5.3348737155366310E-002
  0.11980986780502025     
  0.14208397206835421     
   6.7372073307433111E-002
   4.9636158245573318E-002
 -0.11493222692328475     
 -0.11199973846678589     
 -0.15052933631422585     
   3.1497144593774153E-002
  -2.9976274697525923E-002
  0.10581723095803162     
  -9.7014631883016830E-002
 -0.23302205812038293     
  -4.9661248718537866E-002
   1.7857753387510337E-002
