   1.0000000000000000     
  -2.4760632352070294E-002
 -0.13236985115683692     
   5.4967513179817400E-002
 -0.16884383869359001     
  -3.5388941884596868E-002
  -1.7059669451654401E-002
   1.8934228559768024E-002
  -1.0698661401042669E-002
 -0.14693515000522411     
  -9.5865773111744219E-003
  0.12381701484784277     
   9.4837554319319520E-002
 -0.20279599201373286     
  -3.0428527194916882E-002
   3.8867285526425183E-002
  -6.5216262132929054E-002
 -0.12067644394425700     
  0.12125462925450754     
  0.13208767871111604     
 -0.14143641955061692     
   8.3667265428317650E-002
  -1.8723234057079850E-002
   1.4791105712625882E-002
   1.3512923238764281E-002
  -4.9255973647001947E-002
   7.4442626113083027E-002
 -0.11539067059729709     
  -8.7253319968268531E-002
   2.4359779741683969E-002
   5.1265770674877031E-002
  0.16267504366831656     
  -3.7835000173327436E-002
   3.8282934709077482E-002
   9.5374894121743020E-002
  -2.8260273889839996E-002
  -3.6558053843814151E-002
   1.1288576574496226E-003
  -2.3556696190168373E-002
 -0.13385501675236361     
  -2.0179518265876144E-003
  -1.7710060946223877E-002
  -8.0790294773655125E-002
   7.1796882536320314E-002
  -6.4335755484411061E-002
   5.7859316306302998E-002
  -3.8256173227234166E-002
  -7.9309650114005120E-002
   5.1305014986524622E-002
   6.3203433550914970E-002
   6.1746679478244949E-002
   6.3203433550914970E-002
   5.1305014986524601E-002
  -7.9309650114005287E-002
  -3.8256173227234111E-002
   5.7859316306302977E-002
  -6.4335755484411061E-002
   7.1796882536320272E-002
  -8.0790294773655166E-002
  -1.7710060946223863E-002
  -2.0179518265876504E-003
 -0.13385501675236369     
  -2.3556696190168331E-002
   1.1288576574496364E-003
  -3.6558053843814164E-002
  -2.8260273889840006E-002
   9.5374894121743006E-002
   3.8282934709077503E-002
  -3.7835000173327422E-002
  0.16267504366831659     
   5.1265770674876976E-002
   2.4359779741683938E-002
  -8.7253319968268558E-002
 -0.11539067059729713     
   7.4442626113082958E-002
  -4.9255973647001981E-002
   1.3512923238764298E-002
   1.4791105712625884E-002
  -1.8723234057079850E-002
   8.3667265428317678E-002
 -0.14143641955061692     
  0.13208767871111607     
  0.12125462925450756     
 -0.12067644394425701     
  -6.5216262132929081E-002
   3.8867285526425176E-002
  -3.0428527194916868E-002
 -0.20279599201373291     
   9.4837554319319492E-002
  0.12381701484784281     
  -9.5865773111744289E-003
 -0.14693515000522414     
  -1.0698661401042690E-002
   1.8934228559768045E-002
  -1.7059669451654401E-002
  -3.5388941884596861E-002
 -0.16884383869358999     
   5.4967513179817407E-002
 -0.13236985115683694     
  -2.4760632352070336E-002
