   1.0000000000000000     
  0.37013107609381796     
  0.13247029799604063     
   2.2511571252662579E-002
  -4.6014012237117284E-002
  -9.1795989087260204E-003
   1.5215449107627878E-002
   2.1587240368815160E-002
   3.8332604755864502E-002
   6.5114836815336960E-002
   8.1496118559122740E-002
   3.2731788892192963E-002
 -0.10521596728760294     
  -8.1960523222015039E-002
  -2.8296049146384464E-002
  -2.4517425469386678E-002
   3.8723688170605723E-002
   8.1208746125792361E-002
   2.4581080659796611E-003
   9.3967515027350134E-003
  -2.9599594222931079E-003
  -4.3590254602017903E-002
  -4.8291777753991287E-002
  -2.9640907676516944E-002
  -5.1402156734710019E-002
  -9.9550867134373666E-004
   6.0705961816676793E-003
   1.5098555493668937E-002
  -7.8679385009851992E-003
  -2.7381221297468020E-002
  -5.3447131013395398E-002
  -2.8622487917083210E-002
   4.8309775980557299E-004
   5.5664426348097422E-002
   5.5435621553029113E-002
  -2.7952428717800366E-002
  -3.2169503259861398E-002
  -3.1024010646810631E-002
  -3.2537660986901286E-002
  -6.0004384947961863E-002
  -3.2704120753246677E-002
  -8.5975884176312436E-003
   4.9307699674874588E-003
  -1.8111277519230723E-002
  -3.2501099619137081E-003
  -8.4463125704695399E-002
 -0.11875536669246843     
 -0.10812318994066537     
  -4.5691999361092389E-002
   3.7791172124782076E-003
   5.6244825944379254E-002
   9.1168002749943480E-003
   4.8282701202370493E-002
  -2.0360608547535766E-002
  -3.3522250461359995E-002
   2.2793283741056351E-003
  -2.2492115278239969E-002
   2.7831035688602315E-002
   7.3292153210796060E-002
  -2.6276060535074430E-003
  -1.5294192258365895E-002
  -1.6159836929867524E-002
  -6.6820083940234726E-002
  -7.8436175394713079E-002
  -6.1387342454983562E-002
   5.2104745762958704E-002
   3.4839673230703833E-002
  -7.7759524591352438E-003
   4.0174486211365240E-002
  -1.2943361821964006E-002
  -3.8812860415902671E-002
  -4.1338980362445453E-002
   1.4051358773294622E-003
  -2.9640372960828373E-002
  -3.1472312230589501E-002
  -1.1078563133322920E-002
   1.2094157182025802E-002
   2.5072384409240188E-003
   1.4307318707499390E-002
  -2.4859879471165157E-002
  -6.6300697562818700E-002
   1.6693782533348128E-003
   4.0422905210533065E-002
   3.0885789195207874E-002
   4.4691592777986427E-002
   6.5736572277357436E-002
   5.6113926856279632E-002
   4.3241764799757915E-002
  -3.8829220187194657E-003
  -2.1130238170787199E-002
  -4.6212456988824674E-002
   1.3838602453375839E-002
   2.9378251368336324E-002
  -2.9931480374144150E-002
  -9.3967363660965083E-003
  -3.7900013057211315E-002
  -8.4281130781950861E-002
  -3.5826447787092666E-002
  -2.9595020374828983E-002
  -4.3227592557934791E-002
  -2.8141290786898826E-003
  -1.6947735138038926E-002
  -3.2362702062180775E-002
  -4.5301669768195794E-002
  -6.7081342330901766E-002
  -4.8452173698076764E-002
  -8.6441396653334904E-002
  -9.4855961069218578E-002
  -7.1520405057157607E-002
  -4.5754964184589277E-002
   3.5416966817407788E-002
  -2.5025570293163071E-003
  -9.5716691983209097E-003
  -6.8019682527782219E-002
  -2.1599461888378701E-002
   5.7937029995249086E-002
   1.9802506113359773E-003
   3.4825042556775050E-002
   2.6706378535554080E-002
  -5.9302610206391935E-003
   6.2582252964714175E-002
   2.1138013268531604E-002
   6.0642871137490541E-002
   5.5104494312969918E-002
  -1.7047330237706139E-002
   5.4248179917443439E-003
   4.6470986018189461E-005
  -6.5329332679145480E-002
  -3.5910557170002307E-002
   3.0104273663117350E-002
   5.0915483162156813E-002
   8.1365535728528171E-002
   2.4993903446247134E-002
   1.1739246517552303E-002
   1.4296223206414375E-005
  -5.7108594075803781E-004
   6.6690067608837708E-002
   3.1942584480403324E-002
  -1.0293870461416251E-003
   1.6016792191352672E-002
  -7.6712237915404682E-003
  -3.8186306728477319E-003
   2.3461800936161011E-002
   2.3516325879955422E-002
   1.6965742272685751E-002
  -4.9984252823958887E-002
  -1.7565219864001079E-002
   5.4459698507026789E-002
  -5.8492530715185658E-003
   8.9568362920440889E-002
   3.7580401924149257E-002
  -1.5878617985729034E-002
   3.1775149979492656E-002
   3.4199919945195299E-002
   3.2362306004209140E-002
   1.1873532487414981E-002
  -1.9681852568004782E-002
  -7.5014698859013976E-002
  -4.7034562622506652E-002
  -2.5753363979761166E-002
  -7.0844150680299339E-002
  -2.7615453956302712E-002
  -1.2176231680758367E-002
   1.6357168984087695E-002
   3.3155996523662280E-002
   3.1078919226314797E-003
   3.7117920508650724E-002
  -3.0482655026694592E-002
  -5.4808416385454396E-002
  -2.5032626082613987E-002
   3.4344268917971592E-002
   2.7377287240031387E-003
   5.7183939717279433E-002
   4.6796485943852828E-002
  -2.4238734669945420E-002
   5.1477483776209566E-002
  -3.0383449675127627E-002
  -4.6775032954789228E-002
  -6.8617311606414239E-002
 -0.13157653637861758     
  -3.7914924281113309E-002
   6.3649854605861310E-003
  -3.2651355672312234E-002
  -4.4065346265192542E-003
  -3.7711923906628073E-002
  -7.6960549620605168E-002
  -5.3428705901761998E-002
  -3.5225713160193371E-002
  -4.6451119820169952E-002
  -9.0404067403167365E-002
  -6.0829417638890812E-002
   2.6196661952020079E-003
   1.6021824512247235E-002
  -2.2504713521263191E-002
  -8.5181809631220910E-003
  -4.2028462084600593E-002
  -8.0874374273929059E-002
  -2.7246853392491503E-002
  -3.0975476657559228E-002
   1.0143567027454520E-002
  -1.1483619091010569E-002
  -3.5764770620278663E-002
  -9.8920353275975615E-004
  -5.5513195346629636E-002
   3.9135484468469364E-003
   6.2828926547818922E-002
   7.5829450403499699E-002
   9.0340417569312381E-002
   8.8580692285413126E-002
   3.1279326002595816E-002
   4.6688668219518397E-003
  -4.0668182940471372E-002
  -5.4352427780057597E-002
  -2.2747939348025482E-002
   1.9941878006606465E-002
   8.4575348668164449E-002
   4.2904653861076544E-002
   5.2080445614092689E-002
  -1.4742538424265120E-004
   6.5446389432237640E-003
   4.5920143253995793E-002
   3.6563233250944412E-002
   8.2981848666864463E-002
  -2.8940619279632755E-002
  -2.8685572603783429E-003
  -2.0086354620985473E-003
  -1.4229450598464978E-002
   3.1423694028194872E-002
   1.6142360331373378E-002
  -8.9820055338719340E-002
  -1.9492962562482594E-002
   2.3465579326224333E-002
  -4.2690785867311124E-003
   6.7206389819587098E-003
  -2.2818556577840012E-002
   7.2910374655924788E-003
   3.3135994683746492E-002
  -2.9016513495309978E-002
  -1.6202535654386903E-002
  -1.9122348070919486E-002
   6.2641414275672491E-002
  0.10903896239284977     
   8.7258686080914166E-002
   1.7112743539371995E-002
  -4.4865694909009449E-002
  -8.9074915999887927E-002
  -2.7339251746837288E-002
   6.4559447176663912E-002
   6.0979095691651650E-002
   8.5450759689585987E-002
   5.7875379623685531E-002
   8.5450759689586001E-002
   6.0979095691651594E-002
   6.4559447176663870E-002
  -2.7339251746837261E-002
  -8.9074915999887913E-002
  -4.4865694909009518E-002
   1.7112743539371981E-002
   8.7258686080914069E-002
  0.10903896239284988     
   6.2641414275672574E-002
  -1.9122348070919538E-002
  -1.6202535654386896E-002
  -2.9016513495310012E-002
   3.3135994683746485E-002
   7.2910374655925396E-003
  -2.2818556577839943E-002
   6.7206389819587011E-003
  -4.2690785867311367E-003
   2.3465579326224333E-002
  -1.9492962562482553E-002
  -8.9820055338719354E-002
   1.6142360331373385E-002
   3.1423694028194872E-002
  -1.4229450598464990E-002
  -2.0086354620985668E-003
  -2.8685572603783542E-003
  -2.8940619279632748E-002
   8.2981848666864547E-002
   3.6563233250944474E-002
   4.5920143253995772E-002
   6.5446389432237467E-003
  -1.4742538424266513E-004
   5.2080445614092676E-002
   4.2904653861076530E-002
   8.4575348668164602E-002
   1.9941878006606448E-002
  -2.2747939348025503E-002
  -5.4352427780057624E-002
  -4.0668182940471330E-002
   4.6688668219517894E-003
   3.1279326002595802E-002
   8.8580692285413071E-002
   9.0340417569312256E-002
   7.5829450403499768E-002
   6.2828926547818881E-002
   3.9135484468469355E-003
  -5.5513195346629615E-002
  -9.8920353275971733E-004
  -3.5764770620278670E-002
  -1.1483619091010557E-002
   1.0143567027454524E-002
  -3.0975476657559259E-002
  -2.7246853392491496E-002
  -8.0874374273928934E-002
  -4.2028462084600544E-002
  -8.5181809631220181E-003
  -2.2504713521263316E-002
   1.6021824512247224E-002
   2.6196661952019879E-003
  -6.0829417638890770E-002
  -9.0404067403167379E-002
  -4.6451119820169910E-002
  -3.5225713160193406E-002
  -5.3428705901762144E-002
  -7.6960549620605237E-002
  -3.7711923906628052E-002
  -4.4065346265192012E-003
  -3.2651355672312254E-002
   6.3649854605861466E-003
  -3.7914924281113288E-002
 -0.13157653637861752     
  -6.8617311606414266E-002
  -4.6775032954789283E-002
  -3.0383449675127613E-002
   5.1477483776209476E-002
  -2.4238734669945430E-002
   4.6796485943852863E-002
   5.7183939717279426E-002
   2.7377287240031066E-003
   3.4344268917971606E-002
  -2.5032626082613925E-002
  -5.4808416385454389E-002
  -3.0482655026694599E-002
   3.7117920508650731E-002
   3.1078919226314823E-003
   3.3155996523662239E-002
   1.6357168984087719E-002
  -1.2176231680758352E-002
  -2.7615453956302671E-002
  -7.0844150680299270E-002
  -2.5753363979761166E-002
  -4.7034562622506652E-002
  -7.5014698859013976E-002
  -1.9681852568004789E-002
   1.1873532487414936E-002
   3.2362306004209113E-002
   3.4199919945195265E-002
   3.1775149979492649E-002
  -1.5878617985729006E-002
   3.7580401924149201E-002
   8.9568362920440861E-002
  -5.8492530715185589E-003
   5.4459698507026762E-002
  -1.7565219864001141E-002
  -4.9984252823958859E-002
   1.6965742272685758E-002
   2.3516325879955363E-002
   2.3461800936161008E-002
  -3.8186306728477332E-003
  -7.6712237915405046E-003
   1.6016792191352675E-002
  -1.0293870461416733E-003
   3.1942584480403324E-002
   6.6690067608837708E-002
  -5.7108594075803358E-004
   1.4296223206383864E-005
   1.1739246517552291E-002
   2.4993903446247134E-002
   8.1365535728528213E-002
   5.0915483162156772E-002
   3.0104273663117319E-002
  -3.5910557170002362E-002
  -6.5329332679145480E-002
   4.6470986018193059E-005
   5.4248179917443327E-003
  -1.7047330237706181E-002
   5.5104494312969862E-002
   6.0642871137490527E-002
   2.1138013268531503E-002
   6.2582252964714175E-002
  -5.9302610206392273E-003
   2.6706378535554028E-002
   3.4825042556775050E-002
   1.9802506113359873E-003
   5.7937029995249002E-002
  -2.1599461888378680E-002
  -6.8019682527782233E-002
  -9.5716691983209045E-003
  -2.5025570293163114E-003
   3.5416966817407816E-002
  -4.5754964184589242E-002
  -7.1520405057157635E-002
  -9.4855961069218661E-002
  -8.6441396653334890E-002
  -4.8452173698076702E-002
  -6.7081342330901780E-002
  -4.5301669768195746E-002
  -3.2362702062180726E-002
  -1.6947735138038929E-002
  -2.8141290786898822E-003
  -4.3227592557934860E-002
  -2.9595020374829001E-002
  -3.5826447787092673E-002
  -8.4281130781950889E-002
  -3.7900013057211364E-002
  -9.3967363660964771E-003
  -2.9931480374144136E-002
   2.9378251368336265E-002
   1.3838602453375830E-002
  -4.6212456988824702E-002
  -2.1130238170787196E-002
  -3.8829220187194795E-003
   4.3241764799757915E-002
   5.6113926856279646E-002
   6.5736572277357394E-002
   4.4691592777986441E-002
   3.0885789195207757E-002
   4.0422905210533037E-002
   1.6693782533348223E-003
  -6.6300697562818769E-002
  -2.4859879471165140E-002
   1.4307318707499407E-002
   2.5072384409240292E-003
   1.2094157182025790E-002
  -1.1078563133322918E-002
  -3.1472312230589494E-002
  -2.9640372960828373E-002
   1.4051358773294535E-003
  -4.1338980362445411E-002
  -3.8812860415902671E-002
  -1.2943361821963957E-002
   4.0174486211365296E-002
  -7.7759524591352325E-003
   3.4839673230703881E-002
   5.2104745762958801E-002
  -6.1387342454983548E-002
  -7.8436175394713079E-002
  -6.6820083940234698E-002
  -1.6159836929867506E-002
  -1.5294192258365884E-002
  -2.6276060535074378E-003
   7.3292153210795949E-002
   2.7831035688602290E-002
  -2.2492115278239987E-002
   2.2793283741055943E-003
  -3.3522250461359968E-002
  -2.0360608547535755E-002
   4.8282701202370507E-002
   9.1168002749942856E-003
   5.6244825944379247E-002
   3.7791172124782245E-003
  -4.5691999361092368E-002
 -0.10812318994066542     
 -0.11875536669246867     
  -8.4463125704695469E-002
  -3.2501099619137203E-003
  -1.8111277519230744E-002
   4.9307699674874346E-003
  -8.5975884176312193E-003
  -3.2704120753246656E-002
  -6.0004384947961842E-002
  -3.2537660986901279E-002
  -3.1024010646810613E-002
  -3.2169503259861405E-002
  -2.7952428717800366E-002
   5.5435621553029092E-002
   5.5664426348097401E-002
   4.8309775980560953E-004
  -2.8622487917083186E-002
  -5.3447131013395328E-002
  -2.7381221297468047E-002
  -7.8679385009851836E-003
   1.5098555493668920E-002
   6.0705961816676932E-003
  -9.9550867134370457E-004
  -5.1402156734710026E-002
  -2.9640907676516962E-002
  -4.8291777753991287E-002
  -4.3590254602017910E-002
  -2.9599594222931213E-003
   9.3967515027350082E-003
   2.4581080659796580E-003
   8.1208746125792333E-002
   3.8723688170605709E-002
  -2.4517425469386657E-002
  -2.8296049146384533E-002
  -8.1960523222015039E-002
 -0.10521596728760288     
   3.2731788892192998E-002
   8.1496118559122740E-002
   6.5114836815336974E-002
   3.8332604755864516E-002
   2.1587240368815160E-002
   1.5215449107627880E-002
  -9.1795989087260308E-003
  -4.6014012237117270E-002
   2.2511571252662562E-002
  0.13247029799604065     
  0.37013107609381796     
