  0.50505140980822238      (-2.92036831046384344E-002,-9.43441185889114416E-003)               (0.0000000000000000,0.0000000000000000)               (0.0000000000000000,0.0000000000000000)               (0.0000000000000000,0.0000000000000000)               (0.0000000000000000,0.0000000000000000)               (0.0000000000000000,0.0000000000000000)
  0.51339986220279754       (3.75594081728649054E-002,-4.51854796506163665E-004)               (0.0000000000000000,0.0000000000000000)               (0.0000000000000000,0.0000000000000000)               (0.0000000000000000,0.0000000000000000)               (0.0000000000000000,0.0000000000000000)               (0.0000000000000000,0.0000000000000000)
  0.50813475308783618       (6.40264235156801503E-002,-1.15396424412476176E-002)               (0.0000000000000000,0.0000000000000000)               (0.0000000000000000,0.0000000000000000)               (0.0000000000000000,0.0000000000000000)               (0.0000000000000000,0.0000000000000000)               (0.0000000000000000,0.0000000000000000)
  0.50376191199380449        (3.09540597098703664E-002,5.11248663841288725E-002)               (0.0000000000000000,0.0000000000000000)               (0.0000000000000000,0.0000000000000000)               (0.0000000000000000,0.0000000000000000)               (0.0000000000000000,0.0000000000000000)               (0.0000000000000000,0.0000000000000000)
  0.50737605765202309       (5.04647214069721059E-002,-2.77693450251313249E-002)               (0.0000000000000000,0.0000000000000000)               (0.0000000000000000,0.0000000000000000)               (0.0000000000000000,0.0000000000000000)               (0.0000000000000000,0.0000000000000000)               (0.0000000000000000,0.0000000000000000)
  0.50944938607322066        (1.60572474764853271E-002,3.82928833332589966E-002)               (0.0000000000000000,0.0000000000000000)               (0.0000000000000000,0.0000000000000000)               (0.0000000000000000,0.0000000000000000)               (0.0000000000000000,0.0000000000000000)               (0.0000000000000000,0.0000000000000000)
  0.51088216814919774        (3.67624714357064897E-002,3.77123881186176531E-004)               (0.0000000000000000,0.0000000000000000)               (0.0000000000000000,0.0000000000000000)               (0.0000000000000000,0.0000000000000000)               (0.0000000000000000,0.0000000000000000)               (0.0000000000000000,0.0000000000000000)
  0.50677291139313096        (4.34245029233714872E-002,2.92457705365058163E-002)               (0.0000000000000000,0.0000000000000000)               (0.0000000000000000,0.0000000000000000)               (0.0000000000000000,0.0000000000000000)               (0.0000000000000000,0.0000000000000000)               (0.0000000000000000,0.0000000000000000)
  0.51380644002138232        (4.96838575552328229E-002,1.03896061589142039E-002)               (0.0000000000000000,0.0000000000000000)               (0.0000000000000000,0.0000000000000000)               (0.0000000000000000,0.0000000000000000)               (0.0000000000000000,0.0000000000000000)               (0.0000000000000000,0.0000000000000000)
  0.50586162881687669       (2.71171719738438691E-002,-2.48675172777070783E-002)               (0.0000000000000000,0.0000000000000000)               (0.0000000000000000,0.0000000000000000)               (0.0000000000000000,0.0000000000000000)               (0.0000000000000000,0.0000000000000000)               (0.0000000000000000,0.0000000000000000)
  0.51205669409433086        (1.23272247608264135E-002,8.36911522049393897E-003)               (0.0000000000000000,0.0000000000000000)               (0.0000000000000000,0.0000000000000000)               (0.0000000000000000,0.0000000000000000)               (0.0000000000000000,0.0000000000000000)               (0.0000000000000000,0.0000000000000000)
  0.50189999566697474        (4.76179476036426019E-002,3.32561686452555322E-002)               (0.0000000000000000,0.0000000000000000)               (0.0000000000000000,0.0000000000000000)               (0.0000000000000000,0.0000000000000000)               (0.0000000000000000,0.0000000000000000)               (0.0000000000000000,0.0000000000000000)
  0.50687842655939164       (3.45980321937627705E-002,-8.32804410166561836E-003)               (0.0000000000000000,0.0000000000000000)               (0.0000000000000000,0.0000000000000000)               (0.0000000000000000,0.0000000000000000)               (0.0000000000000000,0.0000000000000000)               (0.0000000000000000,0.0000000000000000)
  0.50052588312710111      (-4.15340629176200252E-002,-4.37104941342891240E-002)               (0.0000000000000000,0.0000000000000000)               (0.0000000000000000,0.0000000000000000)               (0.0000000000000000,0.0000000000000000)               (0.0000000000000000,0.0000000000000000)               (0.0000000000000000,0.0000000000000000)
  0.49966096016432648        (7.61543962319336659E-002,9.45101895256667338E-003)               (0.0000000000000000,0.0000000000000000)               (0.0000000000000000,0.0000000000000000)               (0.0000000000000000,0.0000000000000000)               (0.0000000000000000,0.0000000000000000)               (0.0000000000000000,0.0000000000000000)
  0.50663230041750440       (4.67817400599162686E-002,-2.75526280676574413E-002)               (0.0000000000000000,0.0000000000000000)               (0.0000000000000000,0.0000000000000000)               (0.0000000000000000,0.0000000000000000)               (0.0000000000000000,0.0000000000000000)               (0.0000000000000000,0.0000000000000000)
  0.49757000919166433      (-3.85437897760124680E-003,-7.19487034079444444E-004)               (0.0000000000000000,0.0000000000000000)               (0.0000000000000000,0.0000000000000000)               (0.0000000000000000,0.0000000000000000)               (0.0000000000000000,0.0000000000000000)               (0.0000000000000000,0.0000000000000000)
  0.49628523300818117      (-1.67924144322780904E-002,-1.69315270787316688E-002)               (0.0000000000000000,0.0000000000000000)               (0.0000000000000000,0.0000000000000000)               (0.0000000000000000,0.0000000000000000)               (0.0000000000000000,0.0000000000000000)               (0.0000000000000000,0.0000000000000000)
  0.49971553545699599        (3.03919187885700361E-002,4.65779783632932418E-002)               (0.0000000000000000,0.0000000000000000)               (0.0000000000000000,0.0000000000000000)               (0.0000000000000000,0.0000000000000000)               (0.0000000000000000,0.0000000000000000)               (0.0000000000000000,0.0000000000000000)
  0.50346984902866154       (3.00399999166002518E-002,-2.62902353674677926E-003)               (0.0000000000000000,0.0000000000000000)               (0.0000000000000000,0.0000000000000000)               (0.0000000000000000,0.0000000000000000)               (0.0000000000000000,0.0000000000000000)               (0.0000000000000000,0.0000000000000000)
  0.50322933045492657        (1.01707255113013522E-002,4.21216737907741025E-003)               (0.0000000000000000,0.0000000000000000)               (0.0000000000000000,0.0000000000000000)               (0.0000000000000000,0.0000000000000000)               (0.0000000000000000,0.0000000000000000)               (0.0000000000000000,0.0000000000000000)
  0.49802094299501543       (3.44562141580112974E-002,-8.85541110282337535E-003)               (0.0000000000000000,0.0000000000000000)               (0.0000000000000000,0.0000000000000000)               (0.0000000000000000,0.0000000000000000)               (0.0000000000000000,0.0000000000000000)               (0.0000000000000000,0.0000000000000000)
  0.49882679919670175        (3.95021510174704132E-003,2.12790121026093793E-002)               (0.0000000000000000,0.0000000000000000)               (0.0000000000000000,0.0000000000000000)               (0.0000000000000000,0.0000000000000000)               (0.0000000000000000,0.0000000000000000)               (0.0000000000000000,0.0000000000000000)
  0.49552407031449092       (4.45153873736384240E-003,-1.39369955261958826E-002)               (0.0000000000000000,0.0000000000000000)               (0.0000000000000000,0.0000000000000000)               (0.0000000000000000,0.0000000000000000)               (0.0000000000000000,0.0000000000000000)               (0.0000000000000000,0.0000000000000000)
  0.49922360255688480       (-3.75208117205724518E-003,4.56393829463009324E-004)               (0.0000000000000000,0.0000000000000000)               (0.0000000000000000,0.0000000000000000)               (0.0000000000000000,0.0000000000000000)               (0.0000000000000000,0.0000000000000000)               (0.0000000000000000,0.0000000000000000)
  0.49790323506987255       (5.80503331193101381E-004,-1.43174215720804632E-002)               (0.0000000000000000,0.0000000000000000)               (0.0000000000000000,0.0000000000000000)               (0.0000000000000000,0.0000000000000000)               (0.0000000000000000,0.0000000000000000)               (0.0000000000000000,0.0000000000000000)
  0.50406450694967864       (7.82521719416329892E-002,-1.01591525786378367E-002)               (0.0000000000000000,0.0000000000000000)               (0.0000000000000000,0.0000000000000000)               (0.0000000000000000,0.0000000000000000)               (0.0000000000000000,0.0000000000000000)               (0.0000000000000000,0.0000000000000000)
  0.49569743709704289       (-2.48852490121011273E-002,1.05228982705874528E-002)               (0.0000000000000000,0.0000000000000000)               (0.0000000000000000,0.0000000000000000)               (0.0000000000000000,0.0000000000000000)               (0.0000000000000000,0.0000000000000000)               (0.0000000000000000,0.0000000000000000)
  0.50143145958767188        (3.34437752139055619E-002,3.87884957329374253E-002)               (0.0000000000000000,0.0000000000000000)               (0.0000000000000000,0.0000000000000000)               (0.0000000000000000,0.0000000000000000)               (0.0000000000000000,0.0000000000000000)               (0.0000000000000000,0.0000000000000000)
  0.49676938672962723      (-5.99824320758739551E-003,-1.70118052296868716E-002)               (0.0000000000000000,0.0000000000000000)               (0.0000000000000000,0.0000000000000000)               (0.0000000000000000,0.0000000000000000)               (0.0000000000000000,0.0000000000000000)               (0.0000000000000000,0.0000000000000000)
  0.49510794259519547       (4.80131558349222373E-002,-1.60191802564269813E-002)               (0.0000000000000000,0.0000000000000000)               (0.0000000000000000,0.0000000000000000)               (0.0000000000000000,0.0000000000000000)               (0.0000000000000000,0.0000000000000000)               (0.0000000000000000,0.0000000000000000)
  0.49509455497821608        (3.15337602740510328E-002,2.70834187733049814E-003)               (0.0000000000000000,0.0000000000000000)               (0.0000000000000000,0.0000000000000000)               (0.0000000000000000,0.0000000000000000)               (0.0000000000000000,0.0000000000000000)               (0.0000000000000000,0.0000000000000000)
  0.49953381689618787       (-2.85912205544087347E-002,3.18119450882295013E-002)               (0.0000000000000000,0.0000000000000000)               (0.0000000000000000,0.0000000000000000)               (0.0000000000000000,0.0000000000000000)               (0.0000000000000000,0.0000000000000000)               (0.0000000000000000,0.0000000000000000)
  0.49899081447617794       (4.60081842320537795E-002,-1.49499167418696796E-003)               (0.0000000000000000,0.0000000000000000)               (0.0000000000000000,0.0000000000000000)               (0.0000000000000000,0.0000000000000000)               (0.0000000000000000,0.0000000000000000)               (0.0000000000000000,0.0000000000000000)
  0.50942343573832161       (2.01751422389229475E-002,-1.34093178180808344E-002)               (0.0000000000000000,0.0000000000000000)               (0.0000000000000000,0.0000000000000000)               (0.0000000000000000,0.0000000000000000)               (0.0000000000000000,0.0000000000000000)               (0.0000000000000000,0.0000000000000000)
  0.50340847755766538       (6.97429736224587232E-002,-2.10889189965105389E-002)               (0.0000000000000000,0.0000000000000000)               (0.0000000000000000,0.0000000000000000)               (0.0000000000000000,0.0000000000000000)               (0.0000000000000000,0.0000000000000000)               (0.0000000000000000,0.0000000000000000)
  0.51307663279087501        (4.71715548460083442E-002,2.49462971237670722E-002)               (0.0000000000000000,0.0000000000000000)               (0.0000000000000000,0.0000000000000000)               (0.0000000000000000,0.0000000000000000)               (0.0000000000000000,0.0000000000000000)               (0.0000000000000000,0.0000000000000000)
  0.50291912601974398       (3.74443303882696088E-002,-2.80845646935107239E-002)               (0.0000000000000000,0.0000000000000000)               (0.0000000000000000,0.0000000000000000)               (0.0000000000000000,0.0000000000000000)               (0.0000000000000000,0.0000000000000000)               (0.0000000000000000,0.0000000000000000)
  0.50691574465694245      (-4.19642538768454608E-003,-3.37402474001392968E-003)               (0.0000000000000000,0.0000000000000000)               (0.0000000000000000,0.0000000000000000)               (0.0000000000000000,0.0000000000000000)               (0.0000000000000000,0.0000000000000000)               (0.0000000000000000,0.0000000000000000)
  0.51385057910903542        (2.88922767569392211E-002,1.93440054164649711E-002)               (0.0000000000000000,0.0000000000000000)               (0.0000000000000000,0.0000000000000000)               (0.0000000000000000,0.0000000000000000)               (0.0000000000000000,0.0000000000000000)               (0.0000000000000000,0.0000000000000000)
  0.50662440169396972        (4.16389007101323760E-002,3.90166704480584756E-002)               (0.0000000000000000,0.0000000000000000)               (0.0000000000000000,0.0000000000000000)               (0.0000000000000000,0.0000000000000000)               (0.0000000000000000,0.0000000000000000)               (0.0000000000000000,0.0000000000000000)
  0.49989061589224215        (7.87344824253975208E-003,2.96316597394155369E-002)               (0.0000000000000000,0.0000000000000000)               (0.0000000000000000,0.0000000000000000)               (0.0000000000000000,0.0000000000000000)               (0.0000000000000000,0.0000000000000000)               (0.0000000000000000,0.0000000000000000)
  0.50510379447814380        (1.87341008016945337E-002,1.25924045150932248E-002)               (0.0000000000000000,0.0000000000000000)               (0.0000000000000000,0.0000000000000000)               (0.0000000000000000,0.0000000000000000)               (0.0000000000000000,0.0000000000000000)               (0.0000000000000000,0.0000000000000000)
  0.50655342182508245        (5.06834777215933591E-002,1.03879412688877640E-002)               (0.0000000000000000,0.0000000000000000)               (0.0000000000000000,0.0000000000000000)               (0.0000000000000000,0.0000000000000000)               (0.0000000000000000,0.0000000000000000)               (0.0000000000000000,0.0000000000000000)
  0.50173542613511624       (2.37756258117325890E-002,-3.14654997321435620E-002)               (0.0000000000000000,0.0000000000000000)               (0.0000000000000000,0.0000000000000000)               (0.0000000000000000,0.0000000000000000)               (0.0000000000000000,0.0000000000000000)               (0.0000000000000000,0.0000000000000000)
  0.50375708850227940       (3.17066415656797190E-002,-1.78200710891964070E-002)               (0.0000000000000000,0.0000000000000000)               (0.0000000000000000,0.0000000000000000)               (0.0000000000000000,0.0000000000000000)               (0.0000000000000000,0.0000000000000000)               (0.0000000000000000,0.0000000000000000)
  0.50131428613332496       (5.65627599203754987E-003,-1.47782392226878095E-002)               (0.0000000000000000,0.0000000000000000)               (0.0000000000000000,0.0000000000000000)               (0.0000000000000000,0.0000000000000000)               (0.0000000000000000,0.0000000000000000)               (0.0000000000000000,0.0000000000000000)
  0.50639934539815179        (4.46534380133313188E-002,1.52603331299284786E-002)               (0.0000000000000000,0.0000000000000000)               (0.0000000000000000,0.0000000000000000)               (0.0000000000000000,0.0000000000000000)               (0.0000000000000000,0.0000000000000000)               (0.0000000000000000,0.0000000000000000)
  0.51017865608052049        (3.61957099453539613E-002,2.23817835870335075E-002)               (0.0000000000000000,0.0000000000000000)               (0.0000000000000000,0.0000000000000000)               (0.0000000000000000,0.0000000000000000)               (0.0000000000000000,0.0000000000000000)               (0.0000000000000000,0.0000000000000000)
  0.50846336219523314       (1.76381807598293486E-002,-2.83471828732647941E-003)               (0.0000000000000000,0.0000000000000000)               (0.0000000000000000,0.0000000000000000)               (0.0000000000000000,0.0000000000000000)               (0.0000000000000000,0.0000000000000000)               (0.0000000000000000,0.0000000000000000)
  0.50550638798505387       (2.60348595087905865E-002,-1.74922118163793883E-002)               (0.0000000000000000,0.0000000000000000)               (0.0000000000000000,0.0000000000000000)               (0.0000000000000000,0.0000000000000000)               (0.0000000000000000,0.0000000000000000)               (0.0000000000000000,0.0000000000000000)
  0.50358460450159770       (-1.20829420165107643E-002,1.70322024989542284E-002)               (0.0000000000000000,0.0000000000000000)               (0.0000000000000000,0.0000000000000000)               (0.0000000000000000,0.0000000000000000)               (0.0000000000000000,0.0000000000000000)               (0.0000000000000000,0.0000000000000000)
  0.50085158248309325       (2.06684995086869223E-002,-4.01608370117333621E-002)               (0.0000000000000000,0.0000000000000000)               (0.0000000000000000,0.0000000000000000)               (0.0000000000000000,0.0000000000000000)               (0.0000000000000000,0.0000000000000000)               (0.0000000000000000,0.0000000000000000)
  0.50850356004913477       (4.21176512893463584E-002,-9.31706345370382494E-003)               (0.0000000000000000,0.0000000000000000)               (0.0000000000000000,0.0000000000000000)               (0.0000000000000000,0.0000000000000000)               (0.0000000000000000,0.0000000000000000)               (0.0000000000000000,0.0000000000000000)
  0.50859571002913939        (4.63368463946578352E-002,7.55561458386902890E-002)               (0.0000000000000000,0.0000000000000000)               (0.0000000000000000,0.0000000000000000)               (0.0000000000000000,0.0000000000000000)               (0.0000000000000000,0.0000000000000000)               (0.0000000000000000,0.0000000000000000)
  0.49882825835541428       (2.86664614536188342E-002,-1.40957706252502393E-002)               (0.0000000000000000,0.0000000000000000)               (0.0000000000000000,0.0000000000000000)               (0.0000000000000000,0.0000000000000000)               (0.0000000000000000,0.0000000000000000)               (0.0000000000000000,0.0000000000000000)
  0.50504091200182566        (3.62673441388105880E-002,2.58745524733369481E-002)               (0.0000000000000000,0.0000000000000000)               (0.0000000000000000,0.0000000000000000)               (0.0000000000000000,0.0000000000000000)               (0.0000000000000000,0.0000000000000000)               (0.0000000000000000,0.0000000000000000)
  0.50338949876711947       (1.96401637535134751E-003,-1.03769483746224567E-002)               (0.0000000000000000,0.0000000000000000)               (0.0000000000000000,0.0000000000000000)               (0.0000000000000000,0.0000000000000000)               (0.0000000000000000,0.0000000000000000)               (0.0000000000000000,0.0000000000000000)
  0.50738973639446971        (4.11371419432827110E-002,1.75073674298646280E-004)               (0.0000000000000000,0.0000000000000000)               (0.0000000000000000,0.0000000000000000)               (0.0000000000000000,0.0000000000000000)               (0.0000000000000000,0.0000000000000000)               (0.0000000000000000,0.0000000000000000)
  0.50500559571058590       (1.62827689379470980E-002,-4.43722285231385686E-003)               (0.0000000000000000,0.0000000000000000)               (0.0000000000000000,0.0000000000000000)               (0.0000000000000000,0.0000000000000000)               (0.0000000000000000,0.0000000000000000)               (0.0000000000000000,0.0000000000000000)
  0.50737196964789666      (-1.88899821088403252E-002,-5.76480457107267433E-002)               (0.0000000000000000,0.0000000000000000)               (0.0000000000000000,0.0000000000000000)               (0.0000000000000000,0.0000000000000000)               (0.0000000000000000,0.0000000000000000)               (0.0000000000000000,0.0000000000000000)
  0.50385316965509663      (-1.63018059895285276E-002,-1.08732170524224805E-002)               (0.0000000000000000,0.0000000000000000)               (0.0000000000000000,0.0000000000000000)               (0.0000000000000000,0.0000000000000000)               (0.0000000000000000,0.0000000000000000)               (0.0000000000000000,0.0000000000000000)
  0.50719185445517423        (2.69658426772288358E-002,3.23437576569101867E-002)               (0.0000000000000000,0.0000000000000000)               (0.0000000000000000,0.0000000000000000)               (0.0000000000000000,0.0000000000000000)               (0.0000000000000000,0.0000000000000000)               (0.0000000000000000,0.0000000000000000)
  0.50727384028325528        (8.41632712947503331E-002,2.22371789419015823E-004)               (0.0000000000000000,0.0000000000000000)               (0.0000000000000000,0.0000000000000000)               (0.0000000000000000,0.0000000000000000)               (0.0000000000000000,0.0000000000000000)               (0.0000000000000000,0.0000000000000000)
  0.50122942519933233       (-8.61260498818935244E-004,1.15890595399074162E-002)               (0.0000000000000000,0.0000000000000000)               (0.0000000000000000,0.0000000000000000)               (0.0000000000000000,0.0000000000000000)               (0.0000000000000000,0.0000000000000000)               (0.0000000000000000,0.0000000000000000)
  0.49320484832928080        (6.12559536139809652E-003,4.90701804057631710E-002)               (0.0000000000000000,0.0000000000000000)               (0.0000000000000000,0.0000000000000000)               (0.0000000000000000,0.0000000000000000)               (0.0000000000000000,0.0000000000000000)               (0.0000000000000000,0.0000000000000000)
  0.49536113971401419        (3.80923848240044896E-002,3.26607826115583215E-003)               (0.0000000000000000,0.0000000000000000)               (0.0000000000000000,0.0000000000000000)               (0.0000000000000000,0.0000000000000000)               (0.0000000000000000,0.0000000000000000)               (0.0000000000000000,0.0000000000000000)
  0.49703046510388421      (-1.91813541149120047E-002,-2.15499343004471496E-002)               (0.0000000000000000,0.0000000000000000)               (0.0000000000000000,0.0000000000000000)               (0.0000000000000000,0.0000000000000000)               (0.0000000000000000,0.0000000000000000)               (0.0000000000000000,0.0000000000000000)
  0.50772567676796632       (2.10254638676843561E-002,-7.14516348458345621E-003)               (0.0000000000000000,0.0000000000000000)               (0.0000000000000000,0.0000000000000000)               (0.0000000000000000,0.0000000000000000)               (0.0000000000000000,0.0000000000000000)               (0.0000000000000000,0.0000000000000000)
  0.50883585173029522        (4.81849826285950800E-002,3.44027308423758699E-002)               (0.0000000000000000,0.0000000000000000)               (0.0000000000000000,0.0000000000000000)               (0.0000000000000000,0.0000000000000000)               (0.0000000000000000,0.0000000000000000)               (0.0000000000000000,0.0000000000000000)
  0.50326917030766904        (1.20690327886981436E-002,2.49623145193005117E-002)               (0.0000000000000000,0.0000000000000000)               (0.0000000000000000,0.0000000000000000)               (0.0000000000000000,0.0000000000000000)               (0.0000000000000000,0.0000000000000000)               (0.0000000000000000,0.0000000000000000)
  0.50040338124817119      (-3.20757678902962168E-002,-2.68287651990786156E-002)               (0.0000000000000000,0.0000000000000000)               (0.0000000000000000,0.0000000000000000)               (0.0000000000000000,0.0000000000000000)               (0.0000000000000000,0.0000000000000000)               (0.0000000000000000,0.0000000000000000)
  0.50656507846965637       (4.54470174280712721E-002,-4.72067786238714177E-002)               (0.0000000000000000,0.0000000000000000)               (0.0000000000000000,0.0000000000000000)               (0.0000000000000000,0.0000000000000000)               (0.0000000000000000,0.0000000000000000)               (0.0000000000000000,0.0000000000000000)
  0.50616273441842130        (7.36549733933710704E-002,3.02863172744528945E-002)               (0.0000000000000000,0.0000000000000000)               (0.0000000000000000,0.0000000000000000)               (0.0000000000000000,0.0000000000000000)               (0.0000000000000000,0.0000000000000000)               (0.0000000000000000,0.0000000000000000)
  0.51233915735366142        (1.18272276732435348E-002,6.65869562809732942E-003)               (0.0000000000000000,0.0000000000000000)               (0.0000000000000000,0.0000000000000000)               (0.0000000000000000,0.0000000000000000)               (0.0000000000000000,0.0000000000000000)               (0.0000000000000000,0.0000000000000000)
  0.51103054208158682        (3.30507867379294246E-002,2.34072280393976401E-002)               (0.0000000000000000,0.0000000000000000)               (0.0000000000000000,0.0000000000000000)               (0.0000000000000000,0.0000000000000000)               (0.0000000000000000,0.0000000000000000)               (0.0000000000000000,0.0000000000000000)
  0.51197911300883048       (3.77539286582161265E-002,-2.08102676899010984E-002)               (0.0000000000000000,0.0000000000000000)               (0.0000000000000000,0.0000000000000000)               (0.0000000000000000,0.0000000000000000)               (0.0000000000000000,0.0000000000000000)               (0.0000000000000000,0.0000000000000000)
  0.50954146076132856      (-1.57375386679591313E-002,-1.53748081040690071E-002)               (0.0000000000000000,0.0000000000000000)               (0.0000000000000000,0.0000000000000000)               (0.0000000000000000,0.0000000000000000)               (0.0000000000000000,0.0000000000000000)               (0.0000000000000000,0.0000000000000000)
  0.50547625476217473        (7.66885726475333568E-002,1.29406610939759442E-002)               (0.0000000000000000,0.0000000000000000)               (0.0000000000000000,0.0000000000000000)               (0.0000000000000000,0.0000000000000000)               (0.0000000000000000,0.0000000000000000)               (0.0000000000000000,0.0000000000000000)
  0.51196056550957114       (1.61949846240706900E-002,-3.94861392386225418E-002)               (0.0000000000000000,0.0000000000000000)               (0.0000000000000000,0.0000000000000000)               (0.0000000000000000,0.0000000000000000)               (0.0000000000000000,0.0000000000000000)               (0.0000000000000000,0.0000000000000000)
  0.50676485531569815       (2.89380654348739552E-002,-3.91709576532695489E-002)               (0.0000000000000000,0.0000000000000000)               (0.0000000000000000,0.0000000000000000)               (0.0000000000000000,0.0000000000000000)               (0.0000000000000000,0.0000000000000000)               (0.0000000000000000,0.0000000000000000)
  0.50817323216844346        (7.59716207445229053E-002,3.63748030564006244E-002)               (0.0000000000000000,0.0000000000000000)               (0.0000000000000000,0.0000000000000000)               (0.0000000000000000,0.0000000000000000)               (0.0000000000000000,0.0000000000000000)               (0.0000000000000000,0.0000000000000000)
  0.50984394481238904       (4.05988776496282039E-002,-1.94215476375897804E-002)               (0.0000000000000000,0.0000000000000000)               (0.0000000000000000,0.0000000000000000)               (0.0000000000000000,0.0000000000000000)               (0.0000000000000000,0.0000000000000000)               (0.0000000000000000,0.0000000000000000)
  0.50950300371329993       (1.98292546433553665E-002,-3.09742129020006834E-002)               (0.0000000000000000,0.0000000000000000)               (0.0000000000000000,0.0000000000000000)               (0.0000000000000000,0.0000000000000000)               (0.0000000000000000,0.0000000000000000)               (0.0000000000000000,0.0000000000000000)
  0.50739248391298408       (7.04073886697379470E-002,-3.97515502133417228E-002)               (0.0000000000000000,0.0000000000000000)               (0.0000000000000000,0.0000000000000000)               (0.0000000000000000,0.0000000000000000)               (0.0000000000000000,0.0000000000000000)               (0.0000000000000000,0.0000000000000000)
  0.51062056450265780      (-1.48681657971495226E-002,-1.00903144078034902E-002)               (0.0000000000000000,0.0000000000000000)               (0.0000000000000000,0.0000000000000000)               (0.0000000000000000,0.0000000000000000)               (0.0000000000000000,0.0000000000000000)               (0.0000000000000000,0.0000000000000000)
  0.49796982748117857       (4.54440880674026951E-002,-1.62367160842565618E-002)               (0.0000000000000000,0.0000000000000000)               (0.0000000000000000,0.0000000000000000)               (0.0000000000000000,0.0000000000000000)               (0.0000000000000000,0.0000000000000000)               (0.0000000000000000,0.0000000000000000)
  0.50388562156663796       (2.95058503056811992E-002,-3.02701967362906943E-002)               (0.0000000000000000,0.0000000000000000)               (0.0000000000000000,0.0000000000000000)               (0.0000000000000000,0.0000000000000000)               (0.0000000000000000,0.0000000000000000)               (0.0000000000000000,0.0000000000000000)
  0.50350063600246686        (8.51993327286210481E-003,5.04871656216248008E-002)               (0.0000000000000000,0.0000000000000000)               (0.0000000000000000,0.0000000000000000)               (0.0000000000000000,0.0000000000000000)               (0.0000000000000000,0.0000000000000000)               (0.0000000000000000,0.0000000000000000)
  0.50895013313130855        (7.48634575533611325E-003,1.18032205355599554E-002)               (0.0000000000000000,0.0000000000000000)               (0.0000000000000000,0.0000000000000000)               (0.0000000000000000,0.0000000000000000)               (0.0000000000000000,0.0000000000000000)               (0.0000000000000000,0.0000000000000000)
  0.50453682099384212       (-1.80217518504992916E-002,2.55690852655263909E-002)               (0.0000000000000000,0.0000000000000000)               (0.0000000000000000,0.0000000000000000)               (0.0000000000000000,0.0000000000000000)               (0.0000000000000000,0.0000000000000000)               (0.0000000000000000,0.0000000000000000)
  0.50850974176635666      (-2.13127421678617722E-002,-6.52549084872633828E-002)               (0.0000000000000000,0.0000000000000000)               (0.0000000000000000,0.0000000000000000)               (0.0000000000000000,0.0000000000000000)               (0.0000000000000000,0.0000000000000000)               (0.0000000000000000,0.0000000000000000)
  0.50416435499451517        (3.01099361987925314E-002,4.56833506030425995E-002)               (0.0000000000000000,0.0000000000000000)               (0.0000000000000000,0.0000000000000000)               (0.0000000000000000,0.0000000000000000)               (0.0000000000000000,0.0000000000000000)               (0.0000000000000000,0.0000000000000000)
  0.51096750871293062       (3.98374340051854681E-002,-9.50418520318112303E-003)               (0.0000000000000000,0.0000000000000000)               (0.0000000000000000,0.0000000000000000)               (0.0000000000000000,0.0000000000000000)               (0.0000000000000000,0.0000000000000000)               (0.0000000000000000,0.0000000000000000)
  0.51062345122965047      (-2.86676282527319054E-002,-5.14844502130017839E-002)               (0.0000000000000000,0.0000000000000000)               (0.0000000000000000,0.0000000000000000)               (0.0000000000000000,0.0000000000000000)               (0.0000000000000000,0.0000000000000000)               (0.0000000000000000,0.0000000000000000)
  0.50444016723013974        (1.54849704988381555E-002,9.12616425022757388E-003)               (0.0000000000000000,0.0000000000000000)               (0.0000000000000000,0.0000000000000000)               (0.0000000000000000,0.0000000000000000)               (0.0000000000000000,0.0000000000000000)               (0.0000000000000000,0.0000000000000000)
  0.50168571489847380       (-1.96096625140545870E-002,7.39932692878735553E-003)               (0.0000000000000000,0.0000000000000000)               (0.0000000000000000,0.0000000000000000)               (0.0000000000000000,0.0000000000000000)               (0.0000000000000000,0.0000000000000000)               (0.0000000000000000,0.0000000000000000)
  0.51387710230654848        (5.92314121506838237E-002,3.61771868728400087E-002)               (0.0000000000000000,0.0000000000000000)               (0.0000000000000000,0.0000000000000000)               (0.0000000000000000,0.0000000000000000)               (0.0000000000000000,0.0000000000000000)               (0.0000000000000000,0.0000000000000000)
  0.50757371909427318       (-1.16334282256856172E-002,7.90906197779064554E-003)               (0.0000000000000000,0.0000000000000000)               (0.0000000000000000,0.0000000000000000)               (0.0000000000000000,0.0000000000000000)               (0.0000000000000000,0.0000000000000000)               (0.0000000000000000,0.0000000000000000)
  0.50601269573627450       (1.31508420146366212E-002,-1.51646612764462386E-002)               (0.0000000000000000,0.0000000000000000)               (0.0000000000000000,0.0000000000000000)               (0.0000000000000000,0.0000000000000000)               (0.0000000000000000,0.0000000000000000)               (0.0000000000000000,0.0000000000000000)
