  0.99900000000010869     
   7.0452874161172005E-002
  -2.0044862293557158E-002
  -1.4974913434320088E-002
  -6.0850035960047268E-002
   2.0191153719228286E-003
  -1.3242042768282628E-003
  -3.3821681520903986E-002
   8.8906039727690803E-002
   4.3084526437866984E-002
  -6.6683813089682450E-002
   1.8492941103552440E-002
   9.0455793195895265E-002
   3.3922674972586206E-002
   6.3358381223817997E-002
   3.5946753541195985E-005
  -1.5554199761394437E-003
  -5.7613368822756493E-002
  -2.7809901928766763E-002
  -4.5203615244593584E-002
   1.1714260771612864E-003
   5.1995074755905438E-002
   1.3697190244763430E-002
   9.8545489757313112E-003
   3.7110318331983354E-002
  -8.2063613507071337E-002
  -1.6599128122999308E-003
  -5.5104371605712604E-002
   2.6256869419783106E-002
   5.5356553213206920E-002
   7.5435797435153204E-003
  -1.2826668668922018E-002
  -5.6225702150366985E-002
  -3.0992079521977158E-002
   4.3633333732481128E-002
   1.7762965904767451E-002
  -3.4447649518295279E-002
  -8.1078168179107776E-003
  -5.1133343175759502E-002
   1.5618129880965003E-003
   3.4001610954816672E-002
  -3.4559169537289416E-003
  -2.9867535822085977E-003
   4.9010222064121998E-002
   1.1673607813875525E-002
  -9.7791947107034559E-003
  -4.2621518778468329E-002
  -3.4113532999210550E-002
   4.2255066280392918E-002
  -1.0326447015294575E-002
  -2.3133405056454646E-002
  -3.5804185086631649E-002
   1.6938790027070428E-002
  -4.2101154725785787E-002
   5.7488148783240009E-003
   2.8752165597618506E-002
  -1.5296332935810369E-002
  -3.7424151774919687E-002
  -6.9704365231807036E-002
  -4.6092227941786435E-003
   4.3707470362722656E-002
   4.4482221046264064E-002
  -2.1131206022955897E-002
  -7.0724904193238233E-004
   5.1947822350448758E-002
   1.3632589580856709E-002
   1.1381073118687506E-002
   1.7392065616112435E-003
  -4.9347552388709815E-004
  -2.8796217913003041E-003
  -2.7815924472898473E-002
  -1.3955071539357390E-002
   8.9804179998270089E-002
  -3.1678892555578625E-002
  -1.6554980097444882E-002
  -3.3198253797040354E-002
  -1.4368713178852712E-003
   1.8814753726069779E-003
   2.2118854574280028E-003
  -1.2866659850292709E-002
  -5.4399142836471888E-003
  -6.1075339213148292E-003
   1.2427097465775696E-002
   3.5923315624671402E-002
   4.8871898103170098E-003
  -3.3288158104630399E-004
  -2.5630386673695092E-003
   1.0203085971485521E-002
  -2.7656465421091836E-003
  -1.4619292920207307E-002
   2.6936096145900895E-002
   4.6799468815723749E-002
   2.3376597114803006E-003
   4.2830114128938014E-003
   2.2422323423490535E-002
  -5.1871801143809062E-003
  -2.9644736102976924E-002
  -5.7304426231724666E-002
  -6.7464506951222239E-003
   4.4196782746629956E-004
   2.8021969498237698E-002
   2.2554439975144561E-002
  -5.3162908584410286E-002
  -8.2749259693070010E-002
   1.1245124112107364E-002
   1.0995726942674981E-002
   3.1444169136560340E-002
   4.2770354598709030E-002
   1.0799155745762214E-002
   5.6354775768697726E-002
  -4.2026637975627709E-002
  -5.5146912850279173E-002
  -3.1637634533632504E-002
  -3.7024863022926985E-002
  -5.4078133939752394E-002
   4.2254565896951216E-002
  -4.5867832222200290E-002
  -4.9100027852884580E-002
  -3.3305872751544015E-002
  -2.8918910145116560E-002
   4.0113175392877842E-002
   6.6584574328106605E-002
   1.6813735117583838E-002
  -2.9973369140978080E-002
  -8.6382098843751018E-003
 -0.12802896561044094     
  -6.9403950088683636E-002
   9.3925855905758124E-003
  -4.5808438134500931E-002
   4.3474550802221630E-002
  -7.5474213884478628E-003
   1.3160837545189668E-002
  -5.8797121586742318E-004
   7.8594166296141701E-002
   5.7334868667598138E-004
   1.8147230345473445E-002
   1.2531537714309825E-002
  -8.3282525774627400E-002
  -3.3695117975618569E-002
  -3.9093440160089962E-002
  -9.3196550220592839E-002
   4.4760320590963836E-003
   2.5398078645308280E-002
   5.7762768359444407E-003
   6.1797917203459410E-002
   2.9255546804273051E-002
  -2.4839188231779209E-002
  -1.3662280109577664E-002
  -2.4140171453718270E-002
  -2.3461974980315943E-002
   2.1937474294842236E-002
  -4.7810462286938360E-002
   2.7980323595011670E-002
   1.0428125377275258E-002
   1.1172627701196957E-002
   1.9426966290212400E-002
   4.3627989359703086E-002
   1.6484891930876964E-002
  -8.6196775372691894E-002
  -6.6403299887694792E-002
   5.5095181264516596E-002
   9.7733524723898433E-003
  -3.3007366472266833E-002
  -3.8976000113851716E-003
   4.3233881578238244E-003
   1.1898321207014916E-002
   4.9175618983147269E-002
   1.3672577415669783E-002
   3.6578616628156306E-002
  -1.2182732156720820E-002
   2.2929775573722822E-002
  -4.1692061157826178E-002
   1.6871992069442558E-002
   2.7775760456963026E-002
   5.4601966811844730E-003
   1.8513964072940037E-002
   4.5662489999544864E-002
  -3.5980977682286329E-002
   5.4490599633997210E-002
  -2.1434102254068860E-002
  -3.8462530170723520E-002
   1.0664683145625596E-002
   3.7867585387710505E-002
  -6.3971363632564726E-002
   7.7029997503187285E-003
  -2.3952004755395651E-002
  -1.4410382458800181E-002
  -9.5640748900448578E-003
  -2.9961367006101060E-002
  -4.1714863998893896E-002
   6.1358436599882785E-002
  -2.8660315122244297E-002
   9.3393693151334299E-003
  -2.7296305167137162E-002
   1.4214373898826202E-002
   6.8429637876624332E-003
  -2.2500505001652016E-002
   5.3805058908058916E-003
  -4.1812732318391062E-002
  -1.1434183386568424E-003
  -1.5771672713575886E-002
   1.4541403085447629E-002
  -3.4777775182684524E-002
   4.2813282281339519E-003
  -1.3645747793742360E-002
   2.2247329830908519E-002
  -5.0679993795726937E-003
  -7.6941605770284886E-003
   1.4460162409583352E-003
  -2.4348915142840235E-002
   2.2901961220097911E-002
  -8.0915043782775007E-003
  -3.7147506158161481E-002
   2.5689294618797078E-003
  -2.3670634297839103E-002
   4.8322243533113873E-002
   7.2383259660932897E-002
  -2.2578312783970621E-002
  -3.0393485836326391E-002
   1.3689886256421811E-003
   1.7946685210389893E-002
   2.3881366575803673E-002
  -1.2008602716558488E-002
  -6.0612019780692472E-002
   3.1897355417325850E-002
   3.2901639165413700E-002
  -3.5223765694945360E-003
   7.6177154652363382E-002
   6.3232614866541428E-002
  -3.8113668082965436E-002
   9.6133842923686041E-003
  -3.6911523269299015E-002
  -4.1697272561252918E-003
   3.6720263618897540E-002
   5.7677711140393419E-003
   1.6235773904469553E-003
   2.3756545755239070E-002
   1.1032000679184464E-002
   6.9399312164401344E-002
   5.4022844938121428E-002
   1.8375436191044290E-002
  -4.3474488221213366E-002
   4.4599150197238265E-002
   1.2036768112986842E-002
   6.5066775102471644E-004
  -3.0828179629316620E-002
   1.6563283915935721E-002
  -2.7600538865955301E-002
  -3.9982438737913684E-002
  -1.4184694747038901E-002
   3.5811058735075001E-002
   7.0111257842460223E-002
  -1.6304453565127039E-002
  -1.7353902706649101E-002
   1.0992479635885141E-002
  -1.2287742157288156E-002
   1.4228424868529611E-002
  -2.8687533735873069E-002
  -1.1609002017383272E-002
  -6.2127346831150385E-002
  -3.5980394956132179E-002
   3.0045217611956696E-002
   1.0912132112637259E-002
  -2.7985280516209032E-002
  -2.2242257777676615E-002
   2.8813745590616946E-002
   2.0363737413683414E-002
   2.5737068887630953E-002
  -4.5854981636443394E-002
  -1.9256481108828945E-002
  -6.4335662491813952E-002
  -1.2773145617682015E-002
   7.1527742470526012E-003
  -1.9248863190923039E-002
   6.6311186151480463E-003
   1.9395445938539372E-002
   7.1534492910022207E-003
   2.4793635750255158E-002
  -5.9997121499349097E-002
  -2.0926266380350455E-002
  -5.0989713301311593E-003
  -1.2465771296269740E-002
  -3.2923333803381957E-002
  -3.2746278477147096E-002
  -2.3023394502973336E-002
   4.9082766062208676E-002
  -3.0158477131240233E-002
   1.6307861479555510E-002
   1.6346835432500029E-002
  -2.5418996592318859E-003
  -1.4031422674829416E-002
  -1.3513356573505955E-002
  -6.6039309749773317E-002
  -2.6360583600269865E-002
  -2.5587686965490235E-002
   1.8942202310149082E-002
   3.6041556347628886E-002
   7.5307246926489907E-002
   1.4546288372700781E-002
   3.1698584420568263E-002
   1.3351025258643458E-002
   2.3943019494372799E-002
  -7.2315244569628512E-002
   2.3122501546461831E-002
  -1.3642450430492451E-002
   8.7924421918654683E-002
   2.4854347714517354E-002
  -4.7867227069945131E-002
   3.1238333401323037E-002
   6.7296053048491677E-002
   3.7256519637432470E-002
   4.5722551875478816E-003
   7.2865457653832890E-003
  -2.9121455243712232E-002
  -3.7679051992333483E-003
  -2.6616838741021866E-002
  -3.1512439942884933E-002
   4.0900446724573707E-002
  -1.4524310728064290E-002
   2.0422851672251219E-002
   2.7372577495182338E-002
  -2.3162068257056381E-002
  -4.8916505871272518E-002
  -2.6447656166501202E-002
   3.7314718817486922E-002
   5.0333592887148504E-002
  -1.1835226524267788E-002
  -1.4059334375982653E-002
  -1.5027013128987248E-002
  -4.5930343191651152E-002
  -3.5505893397311215E-002
  -6.2373340122873891E-002
   1.7774480888519666E-002
   2.5007586465901576E-002
   3.9693747431006877E-002
  -2.7909446120691461E-002
   1.5365280317391138E-002
  -4.2838318913412457E-003
   1.5808023684648606E-002
   6.6730246148133221E-002
  -9.7411410806800616E-003
  -1.2293164362847282E-002
   2.3250633135516639E-002
  -2.2369658673051375E-003
   1.1425840991032264E-003
  -1.3420211780875447E-002
   1.6422371552711430E-002
  -1.9406229037593044E-002
   2.4083912856392574E-002
  -5.8072733975001881E-003
  -4.9838485218266414E-002
   5.8632237176766315E-003
  -6.1571961801820965E-002
  -3.7410674952012016E-002
  -6.9876517384836198E-003
  -2.5619264658243525E-002
  -1.9938178690151825E-002
  -8.7473643685379004E-003
  -2.0606544119428256E-003
  -4.6649304001389939E-002
   4.8793101569164804E-002
  -8.9821273055540510E-002
  -1.5300843811209110E-002
  -4.2353764853657001E-002
  -1.3526677448555405E-002
   7.2801844386053152E-002
  -5.2092668365982323E-003
   1.3974287410641066E-002
  -5.7468545953745813E-003
  -7.9078751647225828E-003
  -3.2158438896993179E-002
   1.5461509386710365E-002
   6.0818669347715126E-002
   9.1231885043707467E-002
  -1.0391244251055153E-002
  -4.4684928282228295E-002
  -2.1670334130467230E-002
  -5.0247882933397176E-003
  -1.2608226546564667E-002
   3.5690672333251708E-003
   6.0194468080146890E-002
   4.7501050975297637E-002
   7.4590350336068964E-002
  -5.3288338320234482E-002
   2.4533359067715213E-002
   5.0729741413361729E-002
   1.9881898406240547E-002
   3.9501190040285246E-002
   4.9157262247670537E-002
  -1.8819839992018923E-003
  -8.4295393078087453E-003
  -2.4165196472782566E-002
  -6.3415805662475691E-002
   1.1188987602298752E-002
   3.6944908064152758E-002
   4.6640648005058280E-002
   2.1623331352111568E-002
  -3.2087334035222029E-002
  -7.2209160685037833E-004
   2.5793770673445747E-003
   4.0790680926788211E-002
  -5.8260075259021708E-002
  0.11190614696942520     
   7.3664534003056198E-002
   1.0196116844950207E-002
  -1.6117508429586060E-002
   2.5895397728867581E-002
   1.4428031937186283E-002
   5.2024076753244067E-003
  -7.8566939612260037E-002
  -2.3290654033013260E-002
  -3.0008307508578067E-002
  -9.1814750436825365E-003
  -5.5369854330569554E-002
  -9.8555433085296719E-003
   3.8711696060296966E-002
   5.1334327620704327E-002
   9.5723668499660911E-003
   4.2710301800412444E-002
  -3.2365675280705018E-002
   1.3001579612321627E-002
  -1.3998488945660194E-002
  -7.5358021927307339E-002
  -5.3667240031354438E-002
  -1.2791757501570372E-003
  -4.2412498870358695E-002
   1.8736838124231200E-002
  -2.8801476987517022E-002
  -1.2377352830909851E-002
   7.2087535011093343E-002
  -5.3442166568896714E-002
  -1.9635024399751837E-002
   9.0433276731323037E-002
  -1.5042775975487766E-003
   7.2241873109885075E-003
  -9.8417231660696394E-002
  -2.1414325490606879E-002
   9.7165127904881533E-004
  -4.8262492572282295E-002
   2.2852458878464710E-002
  -6.7886993493710334E-003
   3.6925590708834166E-002
   3.1358950830986257E-003
   3.9994873335831753E-003
   2.1904642414351534E-002
   6.8291492363931417E-003
  -1.3301403111420347E-003
   6.0643320398042821E-002
  -5.4367635345311700E-002
  -2.4145910079674721E-002
   5.3741803490711254E-002
  -1.6857479312305579E-002
  -2.0904986805844766E-002
  -2.0004448047854093E-002
  -3.5623070060613785E-002
   5.6657134667032989E-002
   3.1352900659943103E-002
   1.0199925460858158E-002
  -2.9360213370317526E-002
   6.3788385691326865E-004
  -5.5866021028962700E-003
   2.3944247783870111E-003
  -6.1564717815251628E-002
   6.4488750376056475E-002
   1.8358911606856120E-003
   4.5031173232437730E-002
   3.9835345964924974E-002
  -8.1142450536851023E-003
  -6.2298527924513451E-003
   7.1127547792410777E-003
  -6.2730967616321118E-002
   2.1321269488471843E-002
   3.8000444415916975E-003
   1.9863175900997603E-003
   1.2834718319978690E-002
   3.5239114208585699E-002
  -4.6937384624044329E-002
   2.4591689014109852E-002
   7.6305881770140707E-003
   1.2952963202944057E-002
   4.8874131593404958E-003
   2.2823961184097585E-002
  -2.5756214324929586E-002
  -4.8301810891074208E-002
   2.8981465462422352E-002
  -2.9678479954488385E-002
   6.2234494817233650E-003
   8.6012298454514399E-002
  -4.5990601439451613E-002
  -9.7380168407321423E-003
  -8.2683778961173529E-002
  -5.3889545022880840E-002
  -2.2666983668674798E-002
   8.2921925330202734E-002
   4.3106755797820782E-003
   5.1046339198538612E-002
  -2.6497794970478886E-002
 -0.12098972452937176     
  -5.0637027494583259E-003
  -5.4255089986394410E-002
   3.9371500838095798E-002
  -2.5804871809881249E-003
  -5.6940027822293550E-002
  -6.8346859046687608E-002
   5.9259120293401364E-002
   1.0360411581853742E-002
  -2.0448467559662513E-003
  -1.9327500565282181E-003
  -1.9213019604558286E-003
   2.0820316934081064E-002
  -2.1541638798199168E-002
   4.1608917625239078E-002
   2.7691032144834021E-002
  -4.1977650881561711E-002
  -3.3864655691082997E-002
   5.1507663866254119E-002
   2.2210026499923909E-002
  -1.7762831276046418E-002
  -2.8938669616660813E-002
  -3.5228305748991794E-002
  -8.2776303408887669E-002
  -2.3717351600439869E-002
  -5.2009606565997006E-002
  -1.7876917698470329E-002
  0.17475633759230913     
  -3.8227327945463199E-002
  -2.6434498726746671E-002
   5.6850068405514334E-003
 -0.10233258114993932     
  -6.7818181217371487E-002
  -3.3661348913459829E-002
  -6.8271620313794620E-002
   5.8669106426667374E-002
   6.1599284578715267E-002
 -0.10284599711276965     
   2.5335319643781246E-002
  -7.2421547414389942E-003
   6.4484637614786256E-003
   6.8028063717365472E-002
   3.7516203900380303E-003
   1.9487470925161149E-002
  -6.2288531243623272E-003
  -8.2335849989360194E-002
  -1.8639944444823503E-002
  -2.5226441161493297E-002
   5.7502343125910927E-003
   6.1210535804097639E-002
  0.14571074658895919     
  0.10450569947961837     
   3.5387169589702117E-002
   7.7451366440907235E-002
   2.5199922423112687E-002
   6.0542855271660687E-002
  -8.1660642449889898E-003
   4.8425434632934160E-002
   5.8935426158838455E-002
  -7.7339948864253827E-002
  -9.6469873789298916E-002
  -7.7695889322562254E-003
   8.0087916765951894E-002
   7.4030346591656720E-002
   1.0625562700448381E-002
  -6.0228341057348179E-002
  -1.3129642948133751E-002
  -4.9380131590268966E-002
   1.9995385202792468E-002
   7.2988914412176184E-002
   5.3988984172779413E-002
  -3.1220543330083235E-002
  -9.9508622902806279E-002
   4.5820456204749872E-003
   2.8868933053303611E-002
   3.6397173747564023E-002
  -2.8395550150938711E-002
   8.0139557044813289E-003
   7.8079939611402777E-003
   4.2250459285558033E-002
  -7.4673538863041886E-002
   4.6844272855482549E-003
   1.2857063766589339E-002
  -5.0053258716452886E-003
   2.9053049571219135E-002
  -1.8096406810429254E-002
  -2.4589445234828596E-002
   1.0190275768413802E-002
  -9.6839681796544244E-002
  -4.5912156737237107E-002
  -2.9635779736490682E-002
   3.8893384165114453E-002
   4.6565798353972898E-002
   3.1599507395428016E-002
  -5.1519890107907189E-002
   4.7856267321515870E-003
   2.5769382211217513E-002
  -4.3459239079315828E-002
   7.6312071720965359E-003
   2.5460970433138705E-002
  -6.4418238520033047E-002
  -4.2000098299070671E-002
  -4.2727428571412360E-003
   6.1506596781312917E-003
   1.2764673120330238E-002
   1.5440345600178677E-002
  -7.5328913758781466E-002
   5.3370636491295767E-002
  -2.0003245133299152E-002
  -4.2112067932328974E-002
   8.6686479045220075E-002
  -1.6865224307282652E-002
  -2.8764153105611468E-002
   3.3013543062852681E-002
   1.3221296665449762E-002
  -3.3606692848527187E-002
   5.5297457415970135E-002
   3.8920730695592874E-003
   7.8544274120906948E-002
   6.8317184029029546E-003
  -9.7379322117032610E-002
  -2.8067224329320784E-002
   2.2203041172393103E-002
  -2.6095920033700794E-003
  -1.7884132123125066E-002
   6.7598559371948586E-002
  -1.2505382353408341E-002
  -1.3800603619655336E-002
  -1.0045801914379503E-002
  -5.4803158483950141E-002
  -1.4133627884648201E-002
  -1.3418638086006960E-002
  -1.8308035348826728E-002
   2.5566107133484478E-002
   6.7613858774010757E-002
  -1.5169109842734237E-002
   7.9160298087644788E-003
   3.7692068615534605E-002
 -0.10151136649926745     
  -2.1839237921945178E-003
   4.7066738054463632E-002
   2.2837265754936248E-002
   9.9660959728601228E-002
  -4.0563487215942315E-002
  -2.2861837637530965E-002
   3.2677419215148933E-002
  -4.7576777759636285E-002
   3.7520987401962844E-002
   9.0520570319340590E-002
  -3.1338648595238702E-002
   1.8974427472041953E-002
   6.5867192711152600E-002
 -0.14127230961555906     
  -2.0541639476768708E-002
   3.3001454500525960E-002
  -9.7718998909551616E-002
   5.6883865670146687E-002
  -5.6173047640406049E-004
  -8.2963276919174045E-002
  -4.4391926842243697E-003
  -5.4099765943317141E-002
  -3.7815510765801465E-003
  0.11103915199831230     
   5.0078685908694258E-003
   4.0031375380936316E-003
  -6.5403637199937083E-003
 -0.12962123871589024     
 -0.11446185241950033     
  -1.9664639258501364E-002
   2.2397507401021616E-002
   1.1347925388645182E-002
   5.9604990904356791E-003
  -1.3777625426828054E-003
  -3.0018899396318287E-003
   5.0777708591990489E-002
  -1.7082733570710908E-002
  -9.3322364651878278E-002
   9.1972071643452266E-002
   4.9813725239132587E-003
  -5.7526405109989749E-002
  -1.4285165895425785E-002
  -1.1108529454250924E-002
   6.8372937344335277E-002
  0.11279160445643162     
   6.3841565224301164E-002
   5.8519656371390477E-002
   5.1216860987020739E-002
  -8.5792318481082760E-003
  -6.6568986355779736E-003
  -8.1614710459120457E-002
   5.4544156394775861E-002
   8.0487745024634665E-003
   5.0838779244570783E-003
   9.2286646126512134E-002
 -0.11331679711376398     
   1.5662243998094075E-002
  0.12397226934183460     
   2.7853945480109965E-003
  -4.1774376575324151E-002
  -2.7977022550803553E-002
  -6.7912074858937771E-002
   8.1421436278753499E-003
   1.6702566769244066E-002
  -1.1739818004390501E-003
   7.2363544040526598E-002
   7.9472447235616556E-002
   5.4285370845992276E-002
  -5.6797409152304155E-002
   3.6918642932428865E-002
  -5.7407363137467415E-002
 -0.11003799344386782     
   3.6420442585548829E-002
  -1.6124909855368023E-002
  -9.2370690991697132E-002
   3.3883755553567707E-002
  -1.2651839936256286E-002
   5.6885466930068768E-003
  0.10857542361100096     
  -4.3632585268638731E-002
  -5.4898738270461350E-002
  -8.8922912342222341E-002
 -0.19881523975327756     
 -0.10245697214574642     
   5.9398630779200655E-003
  -3.9288017339988671E-002
  -3.3039683266357568E-002
  -6.7052612425654731E-002
  -3.8672472717851673E-002
  -7.3512835677169014E-002
  -2.5370272142493142E-002
  -3.2818205469672388E-003
  -5.4693178863063498E-002
  -9.7222171785792205E-002
 -0.11870041549258196     
  -5.2191148504121043E-002
  -1.7449394239553546E-003
  -7.7188954716422772E-002
  -6.3782128636193031E-003
  -4.0878291338335157E-003
   1.6486738448779851E-002
  -2.5958472239891315E-002
  -3.5370201651732734E-002
  -2.7729417226798198E-002
   4.5531756298402080E-002
 -0.14204591427367752     
   6.5484484463425960E-002
  -2.8130108535059480E-002
   4.1721099262798773E-002
   9.8475185815281299E-004
   3.8978874584116086E-002
  -3.2770738206895078E-002
   4.7657135937802124E-002
  -6.6531059394255871E-003
 -0.13097419605865993     
  -3.4981931523176149E-002
  -1.5745977759462808E-003
   7.3729111825364901E-002
   1.6186562603481267E-002
  -3.2742873811309053E-002
   2.3077540137797000E-002
   1.2741391207452678E-002
  -8.7504093802378544E-002
 -0.19877685227015371     
   2.6165497223841219E-002
  -7.4689745254293283E-002
   5.0878833577458295E-002
  -2.2348870022216076E-002
  -7.0056594419690685E-002
   2.7742317190223319E-002
   9.1706707441728028E-002
  -5.2269601898299232E-002
  0.18988857000827911     
  -1.2857527165074983E-003
  -3.9899859219987337E-002
   1.0960438644921603E-002
  -4.5079314159678890E-002
 -0.15819474108949202     
   7.9380227428727343E-002
  0.16969234538783803     
   3.1835814996329953E-002
  -3.4825165706672330E-002
  -9.2232879213343819E-002
  -9.6598287764894403E-002
  0.11118895069534808     
   5.1606006014855571E-002
   7.0839940257368575E-002
   7.3395051303632358E-002
  -1.5189987069084520E-002
  -9.1634402858410596E-002
  -2.0778865022137607E-003
  -9.4666760954390007E-003
   7.2414809446192524E-002
   7.6287970348646844E-002
   2.8718321131563480E-002
   6.3104756043903263E-003
   9.0891678026052511E-002
 -0.12961511224911340     
  -5.5973498175810064E-002
 -0.11138413431742471     
   2.2363578656616794E-002
   3.1996252285366726E-002
   4.1052017694448287E-002
   7.3832361974067742E-002
  -5.5145629738751053E-004
   6.5309861989132162E-002
  -4.2775877681155226E-002
  -3.1741185232175763E-002
   8.0321476796743660E-002
  -5.6329438566020636E-002
 -0.10267608461352529     
  -7.6619930976196543E-002
  -3.3003841088066199E-002
  -9.3309273431059506E-002
  -2.7897930611160602E-003
  -1.8784495548484041E-002
   2.9293276183789123E-002
  -7.0390206257625043E-002
   6.8929061385358426E-002
  -7.5750406100562231E-002
   6.7329520332091594E-002
   5.1847367672747009E-002
  -2.4126663900653926E-002
  -4.1726137248244829E-003
   5.4215071576047248E-002
   7.5023657579849037E-002
   4.1059610497516955E-002
  -6.2034260127772078E-002
  -9.4917528815798263E-002
  -5.4458309477485610E-002
  -4.8824910904904317E-002
 -0.10646717884585016     
   6.1468428481632663E-002
   9.8746286917187023E-002
  -4.6793132839718699E-002
   8.6910810497713334E-002
   8.6093929309557657E-002
  -6.7134924759119155E-002
   4.2925358691197547E-002
   2.5081281673294816E-002
  -3.2004439590921877E-002
  -5.5774484748014851E-002
  -2.6155527183162187E-003
  -8.8826983945676799E-002
  0.16309910227581007     
   5.8591998639861038E-002
   6.5511680033082859E-002
  0.13618204088760527     
  0.13348958488237914     
  -3.3823449093982444E-003
  -4.8910616799097133E-002
   7.9121103404319756E-002
  -8.0408386574249965E-002
   2.2107808874222291E-002
  0.12545843187126107     
   9.9437217663352617E-002
  0.10213390136946005     
  0.13266674183704877     
   3.4156175368946474E-002
   6.9102105509332892E-002
  0.10385608973845788     
  -2.3051454771300332E-002
  0.16379948855601142     
   6.2962196114518957E-003
  -8.8381319441964250E-003
   5.3034078678731618E-002
   5.9780989336722580E-002
  0.11685276186265812     
   4.2669726210979676E-002
   3.2326651310412118E-002
   8.0764123668012694E-002
  -1.0516175201420739E-002
   4.6703670889628610E-002
   3.1507565615398032E-002
  -7.7244114838666653E-002
  0.15174505935392860     
   3.9223834547256690E-002
  -4.0107842089611608E-002
  -3.3259718242426670E-002
   9.5422502608394799E-002
  -4.3118734849355793E-002
   1.7398268487265493E-002
  -3.8682209067771069E-002
 -0.11945918302322346     
   5.0970405169558003E-002
   4.8019995907002101E-002
  -5.6288562886689049E-002
   7.6040679630963370E-003
  0.15862937838312391     
  -3.4215519730587077E-002
   8.0525747587212607E-002
   5.8975263007723447E-002
  -8.8149901078763443E-002
  0.16169617670737976     
  0.12326440777503228     
 -0.13139128771574612     
  -5.7410651704485276E-002
  -6.8639341063378587E-002
 -0.17041640883099660     
  0.16508010783308807     
   5.7394691245011432E-002
   9.4003538437215969E-002
   9.2674927979446639E-002
  -2.8737134074568963E-003
 -0.12993679558872559     
 -0.14634410713942231     
 -0.13488448866906627     
  -7.7565400885052968E-002
  -9.0515726798901172E-003
   1.4968934714307883E-003
   3.3915876546228518E-002
  -4.2557021410380882E-002
  -3.7796837379303928E-002
 -0.15419806914045456     
  -5.7276008454863345E-002
  -2.5544247931537797E-002
   4.1943517866835582E-002
  0.16691111270811695     
   1.1659366022434028E-002
   5.4192385593532936E-003
   8.2787856946730992E-002
   8.9884689146262658E-002
  0.13110470930049165     
  0.11951345898103369     
   2.6515792525300459E-002
  0.13609044072827259     
  -6.7747696826589751E-002
 -0.10772471065129362     
  -3.8502404226526177E-002
  0.16299619446180436     
  0.12263464184073301     
  -5.0388312008678250E-002
  0.13633111587093683     
  0.14331140033945050     
  0.12958063689653618     
  0.29979853413576368     
  -1.4868441129974491E-002
 -0.17922622304425959     
   4.0675526763380293E-002
 -0.10408369888746022     
  -1.5165468870953358E-002
  0.11997455078873302     
  -5.2530409574879033E-002
  0.16047353643897316     
  0.17308636514180026     
 -0.14340216596931829     
 -0.17984840038405148     
   6.8412603023817894E-002
  -3.8660483723589135E-002
  -6.0646152391026879E-002
   3.8845775301034086E-002
  0.14174685037944815     
 -0.15827813375163302     
  -1.6909494941404297E-003
  -6.4498311309344192E-002
 -0.26776679139821175     
  0.22794984646929220     
  -1.3038022278196029E-002
 -0.10365572408026985     
  0.13315359278658584     
 -0.15090391808385439     
 -0.23615184542931611     
 -0.12509675166001227     
 -0.24848002270826228     
  -9.0581727451784291E-002
   4.0856482423769380E-002
 -0.12526334896002742     
 -0.30091935479117038     
  -8.9169824724911584E-002
  -1.2562690848956492E-002
 -0.32533650425727484     
  0.19655649064620784     
   5.3444904346715630E-002
 -0.10005229500219417     
   7.4127640007767198E-002
   3.4269313052153888E-002
 -0.34125666402926225     
  -4.1172808868077719E-002
   9.6753729456068110E-002
  -9.5476100522822724E-002
  0.34884027938473061     
   8.7187821583758693E-003
  -9.8248537927731153E-002
  0.11289152785260535     
 -0.12934024274200390     
  -8.0156908297057169E-002
   2.7026217405312414E-002
  -8.1356631499596196E-002
 -0.16448031606615143     
 -0.28923715788270904     
   1.2318872726997214E-002
 -0.21134113062530774     
 -0.38144409467591645     
  0.10480389691794911     
 -0.10297612066533209     
  0.11496375363654507     
 -0.13266565265933616     
 -0.17082632750976096     
   9.8024750265056290E-003
  -5.4141208033454492E-002
  -3.4332830071906656E-002
 -0.18791242895709018     
  0.10657822261973078     
   4.7988635549376359E-002
