  0.14898387930191209     
  0.14281954075221884     
  0.14357013182946859     
  0.13798536693305344     
  0.15373241421602818     
  0.14497446259006827     
  0.14795477470842994     
  0.13793735364648421     
  0.13623156886567070     
  0.14843645769612002     
  0.13014016644412502     
  0.13024596201981942     
  0.13774869661568367     
  0.13791922396214554     
  0.13633932637472046     
  0.12467478406558055     
  0.13844611863803108     
  0.13893738261907104     
  0.12720950076209647     
  0.16804182276543245     
  0.15253640994379827     
  0.13677562715225353     
  0.14435564507007809     
  0.11526326473540068     
  0.14838922758123813     
  0.13726442399967531     
  0.13672798676488440     
  0.13449487815741132     
  0.15581248640345849     
  0.13918942028079037     
  0.16249279335949338     
  0.15051089876197432     
  0.13823319031944672     
  0.14243657762926612     
  0.14759659639043665     
  0.15177646772416348     
  0.12901026205243649     
  0.13534965660644377     
  0.13643263599058372     
  0.12824866679441796     
  0.13971315032406978     
  0.15407420749604187     
  0.16110818192007101     
  0.18351751945908060     
  0.14442453981195258     
  0.12978130790342940     
  0.15175996267839151     
  0.15072921477781723     
  0.15594955091787041     
  0.15914575866105862     
  0.15983326377987009     
  0.16334019425273219     
  0.16146271966205433     
  0.13224009853867361     
  0.13198054769634074     
  0.15128604987572167     
  0.14631914295061668     
  0.14475369913952232     
  0.14381417036324490     
  0.16183199761597275     
  0.15917730682312561     
  0.15479211902570647     
  0.13367674505407665     
  0.14049329471421768     
  0.15842104280722075     
  0.15748553844737281     
  0.14094965587490210     
  0.13042951086578480     
  0.13989630401333719     
  0.14219984129881413     
  0.14964880095525898     
  0.14232754968594802     
  0.13658833522473154     
  0.14699477021293417     
  0.16931970795981835     
  0.15961620512621644     
  0.15157728063817952     
  0.13910620013762001     
  0.15440106549669561     
  0.15461923194908855     
  0.14744905136936565     
  0.15172640302774165     
  0.15058938340200309     
  0.16434202102156392     
  0.15797336692103192     
  0.13909790335740488     
  0.14352408498345975     
  0.15187088933351808     
  0.14292858483947310     
  0.15755786637544886     
  0.14297798742311815     
  0.15937296756391148     
  0.13305497612483383     
  0.13387368551035791     
  0.14695462738723664     
  0.13010524820892339     
  0.14303177074006321     
  0.14910549917900570     
  0.14991514086123978     
  0.14507745586667189     
  0.14159175151785441     
  0.13994435995253973     
  0.14714124626411579     
  0.17403698903487594     
  0.13083731873082310     
  0.15180717658968348     
  0.13756821808038977     
  0.13213460879584460     
  0.14535792616143217     
  0.15274641192213409     
  0.13892062688519685     
  0.15009707586602355     
  0.15915766256936928     
  0.14672547358564855     
  0.14580254882278698     
  0.16280152957699101     
  0.15109578507876020     
  0.15615203013698628     
  0.16679262278329263     
  0.16837749041402844     
  0.15497974502997600     
  0.14664063645019290     
  0.12938253407139980     
  0.15664512048045318     
  0.13084440205660869     
  0.13698285740413355     
  0.14757895583871630     
  0.15394029974343929     
  0.16134309143993480     
  0.15300036674598891     
  0.13698627828451335     
  0.16559246289630883     
  0.14580226859297737     
  0.13808373568770960     
  0.14208278413433079     
  0.14854168255238573     
  0.13327870613035370     
  0.16060155137564627     
  0.13343464783579290     
  0.15245132570226405     
  0.13864106237966192     
  0.13981738803651311     
  0.14381291677882566     
  0.15523540441786168     
  0.13141902936882130     
  0.15040156847491160     
  0.15536475266762834     
  0.14671843796590683     
  0.15752869432922739     
  0.16097131037143234     
  0.14581579452741958     
  0.15411608350974770     
  0.13962689788853128     
  0.12723827525137188     
  0.11325809709821906     
  0.17256361985213209     
  0.14564287605805373     
  0.15936388066564899     
  0.15179058410185609     
  0.14401558076930127     
  0.13572676311467360     
  0.15316164332725979     
  0.15102918447999450     
  0.14689004772775682     
  0.15987298275091272     
  0.14108615686562112     
  0.14023170129824691     
  0.14028056797810209     
  0.13679098203078022     
  0.17008786171838278     
  0.17437201083774156     
  0.14193079576930009     
  0.14259053938340160     
  0.14685257375568650     
  0.14343473642629614     
  0.14552359360818712     
  0.13192365906942538     
  0.14789511166857933     
  0.15151047011301602     
  0.15198981558169700     
  0.17330932891468406     
  0.16351033228289602     
  0.15390931950641445     
  0.14330443086767203     
  0.16328507343118140     
  0.14922147609124609     
  0.13159244574172874     
  0.14046811562666153     
  0.14035759688275351     
  0.13093054164922618     
  0.14685598092047908     
  0.15641397641472152     
  0.16339818440139192     
  0.15873781616549376     
  0.14686199378505613     
  0.14638791651555588     
  0.12909164965234859     
  0.11615810475354421     
  0.15675797402819122     
  0.14258077420967896     
  0.12962236429256641     
  0.14473047695787011     
  0.11672792113586751     
  0.15810860579734728     
  0.15075750726056286     
  0.15937088288065310     
  0.15418049618067758     
  0.14215821086391034     
  0.15842705922811837     
  0.14394568163883364     
  0.15597066375430080     
  0.15445567731868265     
  0.15088383545414774     
  0.16815296682503589     
  0.14791022885028918     
  0.12537752248017578     
  0.13883448779826818     
  0.14318345772456387     
  0.16311215759990288     
  0.15647011757032334     
  0.13969977363672875     
  0.16060601268447827     
  0.14788743865216281     
  0.13900024299696989     
  0.16702374650844329     
  0.17385650976998998     
  0.12616550958435266     
  0.16046860840389784     
  0.13181553354315245     
  0.14832251731949314     
  0.15268078921347281     
  0.12365858159899092     
  0.14755358882732264     
  0.15499102358446204     
  0.16394713840077280     
  0.15593021159733264     
  0.15178920221658654     
  0.14564065893899628     
  0.14418347796111525     
  0.13267882507927806     
  0.14279980792657496     
  0.15304420877585245     
  0.13726771079066510     
  0.13851411247518969     
  0.14162076069289478     
  0.12342574369571564     
  0.15030212384276576     
  0.14971969840013755     
  0.13334182696824667     
  0.14887773904614460     
  0.13606583192384059     
  0.15181776803763949     
  0.15900002776615857     
  0.15914821439784690     
  0.11520749966360473     
  0.14100360331216052     
  0.15008508182252919     
  0.15239580725826776     
  0.14955394205993300     
  0.14759077480028782     
  0.14034477276578741     
  0.13005991105865625     
  0.14020782814014796     
  0.15819163531132940     
  0.13828229711691609     
  0.13575845930171940     
  0.13661577231959696     
  0.15190187034153030     
  0.15079545027656219     
  0.14024417353571625     
  0.13302186893286883     
  0.15626171272245135     
  0.16154773035597825     
  0.14078747151333887     
  0.12483656880900684     
  0.17097686363289333     
  0.16093691070779800     
  0.13932523296521038     
  0.14926540730238150     
  0.15906365980530654     
  0.14408941347230292     
  0.16913593665022400     
  0.13348363499070198     
  0.11857668387238286     
  0.16049370391612447     
  0.15007735182738144     
  0.14215695814550688     
  0.14513733423087943     
  0.13360949920900841     
  0.16026894156812468     
  0.16006469399958376     
  0.15164675514094822     
  0.14804027197771785     
  0.15484286262298569     
  0.15481110041773624     
  0.12804785030249047     
  0.14204638377979031     
  0.15939017373504274     
  0.13749252710247858     
  0.15102335724634000     
  0.13992033648316426     
  0.14971057562043452     
  0.15334688255947010     
  0.12920395152295119     
  0.13757429335017504     
  0.14140030737552819     
  0.14297191145618374     
  0.13454000856385140     
  0.13383426991637168     
  0.13952203785761591     
  0.12716636951799390     
  0.15416804714517987     
  0.13730918747291412     
  0.16054367866238728     
  0.14109080350511893     
  0.16128763140537469     
  0.15135071159861510     
  0.14069292373781569     
  0.14985223724429383     
  0.13226085408502825     
  0.12881109794433537     
  0.12579977826464589     
  0.14152278890045336     
  0.16600512511188020     
  0.15874415930738373     
  0.15358579064883851     
  0.12940228272135837     
  0.17768796150887783     
  0.14094971839485440     
  0.14778833418191231     
  0.14400003646025988     
  0.13529064384390876     
  0.16113688907835708     
  0.12953621546611338     
  0.13656828131052973     
  0.15651380271937293     
  0.16543270542346197     
  0.16343536688158825     
  0.13850055869898678     
  0.15359645580658601     
  0.17311753441648778     
  0.13939156284028603     
  0.14481615075033627     
  0.14924435735651265     
  0.16886592979150009     
  0.14671397254236335     
  0.13706154444723659     
  0.14141571667470004     
  0.16125514163418508     
  0.14743508938443081     
  0.15091037075204164     
  0.16947480150806765     
  0.14760916691925249     
  0.14657981719393282     
  0.14169051438586866     
  0.13960848052121880     
  0.14926579513613958     
  0.14449529112893555     
  0.15492114839834362     
  0.15509638914103188     
  0.12809964951840316     
  0.14954123649178114     
  0.14008987846915313     
  0.15004657781118347     
  0.14060041164277753     
  0.14560024805208616     
  0.16884220737635605     
  0.14045792868753995     
  0.14669632139846661     
  0.14306174161103322     
  0.16235225121071761     
  0.16757211983804057     
  0.14059358551849666     
  0.14766258884147601     
  0.14683155675948989     
  0.14394489048181899     
  0.12787079715905758     
  0.16192835846477102     
  0.13167043185671187     
  0.17229594063227946     
  0.15734499302186630     
  0.13486574868061715     
  0.15201716644469518     
  0.14535002229068980     
  0.15872636432221734     
  0.16804680757986842     
  0.12845592080487675     
  0.11864393116697797     
  0.15862101320771746     
  0.16798450056711603     
  0.13272262950319336     
  0.15659088385087513     
  0.12901720761706556     
  0.15023905733430282     
  0.14736235638529113     
  0.14365614102785063     
  0.13893649654380535     
  0.14941679376080241     
  0.14867790651090868     
  0.14894054148140787     
  0.14451095702641145     
  0.14040302019294224     
  0.14322871835680015     
  0.14113113235673508     
  0.13620095167193927     
  0.13724105386344176     
  0.17164614441243209     
  0.13709238260284198     
  0.16928704063971015     
  0.14688693733913596     
  0.14373654475953357     
  0.13976559548065862     
  0.13952033617362394     
  0.14532305636417708     
  0.15676959120370343     
  0.15806692064514993     
  0.14254139424250903     
  0.15348048688364632     
  0.14434384542594589     
  0.14963142659145365     
  0.13972442362861598     
  0.13545525665317940     
  0.16037126775614033     
  0.16888932259064243     
  0.15789899149352551     
  0.14881026624879254     
  0.15844932548017193     
  0.13776680571427163     
  0.15951098716250153     
  0.12963705197745948     
  0.14222431997799045     
  0.15691846923732636     
  0.17085419536322158     
  0.16988919336080627     
  0.15162352102246757     
  0.15716068026238064     
  0.14301740159834739     
  0.13258812146944723     
  0.15423998990738008     
  0.12458691618220981     
  0.12782851038872639     
  0.13683722433748333     
  0.12246881114754435     
  0.15192255807744431     
  0.15333781013813697     
  0.16896587173437241     
  0.15812078471843280     
  0.13734867842269421     
  0.13685085443902811     
  0.13717376643042015     
  0.13081548116548766     
  0.15522593370129803     
  0.12760503814414892     
  0.15475565306257763     
  0.14057746783833355     
  0.13803073947831374     
  0.15178221424336175     
  0.14878805150782584     
  0.15330427237189051     
  0.14979761827380392     
  0.16135695163324498     
  0.14243143236056036     
  0.15431148048070606     
  0.14846664145071140     
  0.12533476078902228     
  0.13284737951133613     
  0.12979215782334749     
  0.16105914136302646     
  0.15959848969904686     
  0.14406610520613108     
  0.12736137085806648     
  0.13369795766825979     
  0.13395819702079875     
  0.15037265122486446     
  0.15632454460664791     
  0.14434893615218894     
  0.12458449433675531     
  0.12293588049609323     
  0.12653063416024135     
  0.16484225901667482     
  0.13668517232743005     
  0.14604082550195521     
  0.14318631243361812     
  0.15325331014446958     
  0.14738966884050883     
  0.15320667541447786     
  0.14332837232482290     
  0.13425315253907955     
  0.13138673624650907     
  0.14542979123456604     
  0.14728813931626422     
  0.14985642601370394     
  0.12948111787492689     
  0.16534356266439484     
  0.13177795162827791     
  0.15241434560925507     
  0.14016024724536499     
  0.15082673027002430     
  0.14895556133432408     
  0.15764065735839064     
  0.12180017450156531     
  0.13841152824296304     
  0.15065066428213059     
  0.16016778827290701     
  0.15082341782458722     
  0.16794966985881171     
  0.13748360216225178     
  0.14248708843310715     
  0.14911525463855813     
  0.13711663361819360     
  0.14636884666726976     
  0.13595961582297483     
  0.13774745369285424     
  0.15532452116851048     
  0.16700567822570078     
  0.16437034761015590     
  0.14291583750486064     
  0.16005054876286051     
  0.16465794811611983     
  0.14806146130325190     
  0.11983912029937620     
  0.13171676943393273     
  0.16243636050883706     
  0.15527020813065814     
  0.15970012186820770     
  0.13250642266204982     
  0.15234724213427550     
  0.15405467432792230     
  0.13600014969884813     
  0.11991896054944091     
  0.17205922701556225     
  0.12776928011872532     
  0.13852226131319062     
  0.14845259403867322     
  0.14868972340918990     
  0.13866832763862968     
  0.12482439506590876     
  0.14095142100794997     
  0.15504017855174879     
  0.16809045939078945     
  0.11598443444749895     
  0.13060219966007683     
  0.14363368822043429     
  0.16017862570244631     
  0.15243378136938723     
  0.16030765235049196     
  0.15407948545110259     
  0.15830579937135833     
  0.12667883513592307     
  0.13314907112194566     
  0.15773772068065578     
  0.16214442763919018     
  0.16691030976431306     
  0.14524859505050114     
  0.15950738693579228     
  0.13790159842724029     
  0.12908684325622100     
  0.16112174970591947     
  0.13842988542982065     
  0.15911094255719280     
  0.14064641332104325     
  0.13245871682097937     
  0.13604500718752130     
  0.14958855355750750     
  0.13371334235866417     
  0.14367446306985365     
  0.16373444694393682     
  0.16547298087752949     
  0.15725447899677727     
  0.12902183087958277     
  0.11157182203893237     
  0.14630561803562292     
  0.11405456164672266     
  0.14796531233596036     
  0.15925731965012313     
  0.16247169274574069     
  0.15432652713913922     
  0.13649676313805806     
  0.15974241362673777     
  0.14529003085514616     
  0.15650012752401229     
  0.12322657179821582     
  0.15208312323597023     
  0.13104442042957196     
  0.14655290052149220     
  0.13146362906570025     
  0.13505498908938152     
  0.15826912616654501     
  0.14582592261571534     
  0.15231161170768939     
  0.16901554956883058     
  0.14693526297100312     
  0.15430671670036350     
  0.14833579882612286     
  0.15432057648751762     
  0.16845713193736447     
  0.15753702311858314     
  0.13875147596090254     
  0.16810074307278283     
  0.13369236506417745     
  0.14057609629420101     
  0.14706752490426162     
  0.15254271357581714     
  0.14092070245472160     
  0.13632361441944069     
  0.15163099070665306     
  0.16051931715100387     
  0.13649387981632907     
  0.17259679755973018     
  0.14049663202020959     
  0.16344787118294526     
  0.14004604559044412     
  0.15002930118002203     
  0.15195808404993147     
  0.15209348874454690     
  0.14404787464204358     
  0.15970163588106265     
  0.12721651440717388     
  0.13482799154085517     
  0.13737195760635695     
  0.14688164973575721     
  0.13563994321234069     
  0.13629639421480477     
  0.16502795727831893     
  0.18068281168974007     
  0.14271464393883768     
  0.14931031463874103     
  0.16549549490033622     
  0.15128874650566773     
  0.14733203882395579     
  0.15230771742190860     
  0.15115986112060203     
  0.13193318114258071     
  0.15645249921533549     
  0.14344708036128104     
  0.17076858750499413     
  0.15311159841328259     
  0.15015979958422107     
  0.14655632841327840     
  0.14753648665916774     
  0.13084156834578034     
  0.15616865023996027     
  0.13460368218365223     
  0.14439144668028084     
  0.14213459608021631     
  0.13897198031892416     
  0.12007031183007756     
  0.13672456503819957     
  0.13230388807421289     
  0.14504957402352742     
  0.17268582353981349     
  0.14492177841791984     
  0.13884146494574473     
  0.15168010133648080     
  0.15761195440234887     
  0.15007987032943820     
  0.15317064028400068     
  0.14057228065579819     
  0.16396629164569057     
  0.14807083191124557     
  0.13755676417877408     
  0.14956140871364673     
  0.14510682729644897     
  0.14547360097484532     
  0.15520674341603549     
  0.13590523812437327     
  0.14756172515571281     
  0.15312217538830300     
  0.14188218777256015     
  0.15098829975132413     
  0.13878370074843668     
  0.17380502475664936     
  0.13839880224506526     
  0.13577371601872282     
  0.16038563559982069     
  0.16081793425456736     
  0.12213857588045884     
  0.12756920091352902     
  0.17181703838514056     
  0.16677516564967357     
  0.15867525368483379     
  0.13322620125765650     
  0.14227991752494418     
  0.13199710855726779     
  0.11917019503434823     
  0.14118181479726563     
  0.13871710196058940     
  0.15036496027831550     
  0.15678069419669191     
  0.14297003556364907     
  0.13010134876927376     
  0.13190398845739854     
  0.15188613878420260     
  0.14325450938101239     
  0.15017380175888204     
  0.15469157524219995     
  0.14154291111092751     
  0.14201914343255820     
  0.14743667761041673     
  0.16528907409760912     
  0.13675075551857130     
  0.12056700960834756     
  0.15848703427173874     
  0.13670010545692393     
  0.14063861065367794     
  0.14021968196945139     
  0.12052095173035662     
  0.13603895783574518     
  0.14513302064195285     
  0.15268838670075044     
  0.14281910334724887     
  0.12829762935560463     
  0.13838375464899627     
  0.14824334185365581     
  0.14141394954202602     
  0.12711423020242907     
  0.14724985540602706     
  0.15973230568877914     
  0.17370563954376178     
  0.14865061455608450     
  0.14579089307894216     
  0.15114730585020003     
  0.14206509421126290     
  0.16813224331426269     
  0.13654641681486407     
  0.16095628661321021     
  0.12646566564493078     
  0.12970872317539214     
  0.15778355211510184     
  0.15940290519530423     
  0.17900595586822768     
  0.15950558433251705     
  0.15674951352717789     
  0.14018852609419516     
  0.15416922642398431     
  0.15922951103704838     
  0.16533247885675886     
  0.13911592282152063     
  0.13629497775200605     
  0.15269334017321995     
  0.14640198926967257     
  0.15193536521606527     
  0.16038641564478978     
  0.15325317040333852     
  0.16324661791117828     
  0.16943442678300691     
  0.14711179449311415     
  0.14000883255559987     
  0.13921997365840061     
  0.13383300166126000     
  0.15059519595160778     
  0.15774313994141026     
  0.14416220087027398     
  0.15324013742140830     
  0.13303911115284484     
  0.12132601769692512     
  0.15786802089103849     
  0.16341935632562180     
  0.17072670042338217     
  0.15753529281369896     
  0.15594748053805299     
  0.13203675377388760     
  0.16586275589926039     
  0.13949898432751801     
  0.16240734135978563     
  0.15054213882955331     
  0.13607719769426824     
  0.12332027621351435     
  0.15280400742096342     
  0.14328740682528207     
  0.16527942480536567     
  0.14434193506966994     
  0.14839496294829782     
  0.15354129276286024     
  0.13206455609578016     
  0.12028156677741490     
  0.15955773758970307     
  0.16679742826172636     
  0.12057422783757840     
  0.16714790850617903     
  0.13629087715937249     
  0.13976329307105895     
  0.15004411257624059     
  0.14374216144821025     
  0.15312852190886664     
  0.13788659082135682     
  0.13167044337364445     
  0.14913975100097923     
  0.14195114951213120     
  0.13055206245141840     
  0.16152228308299993     
  0.13929718298967061     
  0.14181059532340548     
  0.14111619386377378     
  0.13872431273713259     
  0.14702420034996899     
  0.15849279200377850     
  0.13565168259297264     
  0.12655196332296972     
  0.14630354347200747     
  0.14889913697062870     
  0.14419244407203288     
  0.13383034425133575     
  0.14510874372606822     
  0.13316972541083502     
  0.13755566361447211     
  0.15334860053446306     
  0.12344757548265210     
  0.14942444227497778     
  0.13033632736015899     
  0.14015910106173038     
  0.14863435277035270     
  0.14586027644036237     
  0.14069373295403864     
  0.14253918174515048     
  0.14837688048144318     
  0.13070557106254235     
  0.16401559845413755     
  0.16926791624224097     
  0.12029367160264411     
  0.14236760945584714     
  0.15719124557331907     
  0.16151942391228324     
  0.17933599353883997     
  0.14660471959270407     
  0.15533915020927491     
  0.16078129343957856     
  0.14398123315504932     
  0.13294698834753421     
  0.14845921366199430     
  0.14469004076106518     
  0.15407375752698177     
  0.15377998053061215     
  0.13493217042937869     
  0.13878241749290202     
  0.14948653561824471     
  0.14082475923817458     
  0.10691895719626482     
  0.14121138060490676     
  0.14447081560943834     
  0.15231103529324250     
  0.13767663661998403     
  0.14045920418676089     
  0.13397330597992355     
  0.15354166416034226     
  0.14577182567367855     
  0.14376456243876254     
  0.14755169553674807     
  0.15400477881392649     
  0.13678558882625169     
  0.14424735148800003     
  0.16707304893054023     
  0.14592944955083237     
  0.12695803607144157     
  0.12154815164955994     
  0.13163567277996513     
  0.14581864451437199     
  0.13652718912599202     
  0.12892113786499071     
  0.16095304407448338     
  0.13117507025398503     
  0.12954630887786286     
  0.15095822700161099     
  0.16881804236666303     
  0.16877458467400080     
  0.14028954441397681     
  0.13687075091483109     
  0.13204197774765075     
  0.11686972351310321     
  0.13890678234173801     
  0.13976381487773723     
  0.15653613728604795     
  0.15916857164174836     
  0.13216135270393339     
  0.12720704423934381     
  0.15947433172545389     
  0.11072888009963544     
  0.13796287632235332     
  0.13246890785914286     
  0.12109394144297696     
  0.14539074560592849     
  0.13508837272310045     
  0.14552074485869640     
  0.16592908154157929     
  0.13974662805923085     
  0.15785824377979987     
  0.13716969868620771     
  0.13735665158342125     
  0.13791284743619847     
  0.12482208689419982     
  0.14561600208482275     
  0.14814161036941539     
  0.14644013217823126     
  0.15682030894563662     
  0.14531919621046058     
  0.16083714218297473     
  0.13179412212832239     
  0.15528969802389392     
  0.13592574076364644     
  0.16037095786025576     
  0.13783655844177356     
  0.15326254888010379     
  0.13290314808146705     
  0.16388623359229709     
  0.13898125260134611     
  0.13724982311407730     
  0.15857989300020892     
  0.11884948565391384     
  0.14198114372835577     
  0.14037779444166801     
  0.14530393023407412     
  0.15112134551374598     
  0.15452841701974726     
  0.14761529410536448     
  0.15584823632963568     
  0.16719960406689893     
  0.13623734424812331     
  0.16994715757959206     
  0.14732717800039796     
  0.16224376636127877     
  0.15266171127514319     
  0.12104070892835497     
  0.14436131944161718     
  0.15003038268509442     
  0.14170001841924537     
  0.14465193377325972     
  0.14653038210150926     
  0.15581769378021201     
  0.12144423364281300     
  0.14311002543112908     
  0.15952955290444107     
  0.14869472028812525     
  0.15966332166575589     
  0.15512638074296720     
  0.13253051705002275     
  0.14208975671500365     
  0.15060486457134914     
  0.15099142157478870     
  0.16392461062155733     
  0.14840328045895773     
  0.14536429796925784     
  0.13416270420693491     
  0.11880255963087337     
  0.13086823163345335     
  0.13732309408635163     
  0.15781911996697434     
  0.14624312019427221     
  0.15158879262274508     
  0.14996659320398126     
  0.15520719413005779     
  0.14069382921945162     
  0.12432923805908136     
  0.12908566649956013     
  0.14100238524243353     
  0.13152685333835418     
  0.14903390233936359     
  0.16678592259753458     
  0.12597610426496852     
  0.13100615825173431     
  0.17105668844952165     
  0.15224994819807366     
  0.15941976397170085     
  0.14289768128802510     
  0.14936784567481071     
  0.14879338548569956     
  0.13315427750962272     
  0.15328511628770797     
  0.15113040715017131     
  0.14284087255862801     
  0.16074055481338259     
  0.14261347399280286     
  0.15534872218896789     
  0.15348706421825303     
  0.16420326588615280     
  0.16597065942802625     
  0.14274365698326957     
  0.14458054704239620     
  0.15603403143545674     
  0.14256505772505301     
  0.14597822024548676     
  0.17465482733548193     
  0.15349481194398115     
  0.13712172441730527     
  0.14948840734108906     
  0.13457242239351513     
  0.12238263924202604     
  0.15853864870967024     
  0.14739868798052452     
  0.13645127426703377     
  0.15749058129183591     
  0.14638626298965837     
  0.13335674230197109     
  0.13956928097017779     
  0.14482609724824450     
  0.13128313116934057     
  0.17883472383594998     
  0.15467826695228509     
  0.13836985735904206     
  0.16327433922371906     
  0.14928688559282541     
