  0.99900000000312039     
  0.39476899877963351     
  0.18031966651676556     
  0.12066619181104597     
   8.0098302712292513E-002
   6.0571639689683675E-002
   5.7188966522172771E-002
   2.2658178983264460E-002
  -7.0327207072794153E-004
  -2.0198290708350497E-002
  -2.6382903667582103E-002
  -1.9313536316256603E-002
   2.3425205238819902E-002
  -2.9181269087552877E-002
  -1.8500258506427589E-002
  -7.5956129408420291E-003
  -4.5851181390068066E-002
  -3.6535171374255465E-002
  -2.0595646258207115E-003
  -5.6720291864807912E-002
  -2.1158222486527795E-002
   2.5692898164168438E-002
   1.2553969950642526E-002
   2.6622603547974454E-003
   1.1533206284963521E-002
   3.9929647970588034E-003
   4.5466752301557563E-002
   5.3337479202538646E-002
   2.8971651233939402E-003
  -2.0299184425502371E-002
  -6.5563054169310549E-003
  -2.6271639917413745E-002
  -4.5276243829288819E-002
  -4.6864995157097793E-002
  -3.0313982498702138E-002
  -6.2708176698919871E-002
  -5.7745975911466012E-002
  -5.3490292676012616E-002
  -4.6758585043930850E-002
  -1.8035669887585429E-002
   3.1940806153701378E-003
   5.8634004938391361E-002
   3.4190741485773730E-002
   3.8243431822251199E-002
   4.9773816259881337E-002
   5.1047179839508010E-002
   4.6131478760302810E-002
   5.2598357537606964E-002
   2.0504591448912240E-002
   1.2721017366657008E-002
  -4.1502393849830843E-002
  -3.1658448304325668E-002
  -2.3831128559890567E-003
  -2.5205154378000583E-002
  -5.1770271714815887E-002
  -1.2316530399400945E-002
  -1.3849721977006891E-002
  -1.0354489440482574E-002
  -4.9902576727436941E-002
  -6.0684040363913692E-002
  -3.3551468710644322E-002
  -3.1709192716493473E-002
  -5.2652948607087843E-002
  -3.4528534045166523E-002
  -3.1466998951265493E-002
   2.0262055160885705E-002
   2.4418685381527215E-002
   4.9613969276685335E-002
   6.7734721034124729E-002
   1.0487450470477224E-002
  -2.1362766096802526E-002
  -6.3198668795043975E-002
  -3.0603933854979871E-002
   2.6184352872093450E-003
   3.2037305946908005E-002
   2.1777187074174375E-002
  -5.4520810260367154E-002
  -3.2870415771230226E-002
   1.9745437631168653E-002
   1.5682918825160912E-002
  -1.0090708185285145E-002
  -3.7223841896347802E-002
  -1.9121073383103218E-002
  -3.9128028409463098E-002
  -4.8293741587441652E-002
  -3.7264887708570553E-002
  -1.8706973882904769E-004
  -5.1973167902638132E-002
  -1.4072655087256665E-002
  -3.7540335389676154E-002
  -1.6057096411135820E-002
  -2.0475224191870704E-002
   3.0854238361780622E-002
   5.5563243856201996E-002
   2.7778273487772502E-002
   2.4147871109157237E-002
  -2.3667044691479896E-002
  -4.1820002076392429E-002
  -1.6723220519140533E-002
   5.7607623284818277E-003
   1.6811837744468275E-002
  -1.7852092554431702E-002
  -4.1933350379875382E-002
  -6.4480140875956257E-002
   1.6683330414836921E-002
  -5.5884975760607716E-003
   2.3731408400942282E-002
   1.3420147915585410E-002
   3.4918185147407424E-002
   2.4683643611712613E-002
   1.1243728108510135E-002
  -2.1396785521017227E-002
  -3.6089190735755144E-002
  -2.0717422442989950E-002
  -1.4106462441805568E-002
  -1.7237777597202360E-002
  -4.8539157980309014E-002
  -6.3576390861292659E-002
  -3.8065169941375390E-002
  -9.2675107609955440E-003
  -2.6681372184971793E-002
  -4.3504477101250709E-002
  -4.1456946796227710E-002
  -8.0240897485917992E-002
 -0.12458770125479855     
  -6.3278917542292687E-002
  -8.2462733667018465E-002
  -6.5124696954565187E-002
  -7.9015198629541795E-003
  -4.3290131385039933E-002
   5.5107225665939660E-002
   4.3268508363671319E-002
   2.1535444623074010E-002
   3.7233887522048668E-002
   5.3121272908017568E-002
   7.5211401735779490E-002
   4.7321049532498681E-002
   2.9062043020321796E-002
   6.7418368099362067E-002
   3.8736376012827152E-002
   5.8441089603510944E-002
   5.6448385297011780E-002
   4.8085985689078979E-002
   2.0346681864103506E-002
  -2.4687854188132650E-002
   3.6162002805075075E-002
   5.1676820440421253E-002
   6.7899971919893566E-003
   4.1324001524025026E-003
  -1.6843244499046162E-002
  -2.3487591116377229E-002
  -2.1200884287316950E-004
   3.1136848664087158E-002
   1.7924545634198024E-002
  -4.7874668642530038E-002
  -1.8001014598208281E-002
   2.5163433164610078E-002
   4.4634429196059387E-002
   1.2621535124798171E-002
  -5.8473187737275879E-003
   1.1666767722684346E-002
  -1.8937963862977508E-002
  -8.5089389244366084E-002
  -5.3366937153836821E-002
  -5.7534173351682566E-002
  -3.4980460701128653E-002
  -8.3505781705260265E-003
   1.4973530423280992E-002
  -3.1586820924585993E-002
  -7.3205131086919201E-002
  -8.3093032996451627E-002
  -9.1791624211844086E-002
  -5.9978375704156053E-002
  -2.8345432365783310E-002
  -1.0612833234660080E-002
  -5.9306470066751660E-002
  -5.4003352347650503E-002
  -2.3064789952306541E-002
  -2.4547424442853655E-002
   7.4927590497737579E-003
  -3.4575245829868706E-002
  -7.3916761024356127E-003
  -6.2039792291992378E-003
   1.9254786979772776E-002
  -5.0602442442137692E-002
  -9.3629576205178124E-003
  -3.2401276274795650E-003
   1.8939581698152391E-002
   1.0048177948017484E-002
  -1.3961079541366116E-002
  -3.2490775257521351E-002
  -8.9493502453601402E-003
  -1.1249749624230499E-002
  -3.0468036959952496E-002
  -1.0268121926429404E-002
  -3.9888151123485356E-003
  -1.6967567956617017E-003
   1.3239495164273560E-002
   1.8715893499843300E-002
   4.6252942420645413E-002
   8.7570741396868795E-002
   8.6235497230612454E-002
   6.7520964562795965E-002
   7.0572037046167921E-002
  0.11794393123980393     
   8.4624142021222842E-002
   4.2594758452642205E-002
   2.7796185801842919E-002
   3.2067249270656094E-002
   1.9387007682646885E-002
   2.5470233718104064E-002
   3.2739210499161418E-002
   7.7617092949761754E-002
   8.2131385633287576E-002
   2.8544394384563652E-002
   3.2751978767115469E-002
   4.3191473107420990E-002
  -8.3837318019779738E-003
  -5.2313181477484351E-002
  -7.2538850012513464E-002
   1.2972814625824215E-002
  -3.0140427292240035E-002
  -6.9225029119366205E-002
  -3.4109087301641035E-002
  -1.6295741543630549E-002
   2.7779969218764314E-002
   1.0525079047366930E-002
   2.6808640719667834E-002
   3.1119643495403422E-002
  -2.7640132272207615E-002
  -2.9776406308603415E-002
  -2.5473071974327501E-002
  -5.0787374823260581E-002
  -7.5640237065661448E-002
   1.0192254034536101E-003
  -3.4331110655688515E-002
  -7.8125499936593901E-002
  -4.9117608762231452E-002
  -2.2013529252860237E-002
   1.6077940393619827E-002
   3.0502873829911827E-003
  -6.7820723491917451E-002
  -4.3039730871959614E-002
   2.9618618819488976E-002
   2.3429917064946629E-002
   4.4124585533893826E-002
   5.8715003694777626E-002
   1.5302412995652354E-002
  -5.1845178975050463E-002
  -2.9131535386379092E-002
  -5.2095991946827840E-002
  -1.6958950978833733E-003
   2.6087917320576446E-002
  -2.9481899668994064E-003
  -4.6867494685567189E-002
  -3.3509314553780520E-002
  -2.9218336723445076E-002
  -6.3331880573094992E-003
  -3.3651136219638771E-002
  -6.2430858861328695E-002
  -3.4294437636329743E-002
  -3.9261006253283139E-002
 -0.11903580990732240     
 -0.12965864191079815     
 -0.10464537136015484     
  -5.7264746752840663E-002
  -2.8753943692040918E-002
  -5.6853068163101338E-002
  -7.9632803783022080E-002
  -2.7645789511934429E-002
  -4.9822406893315228E-004
   4.5433769186305310E-002
   6.1684840690657952E-002
   8.2849948578894717E-002
   4.2828828289148073E-002
  -1.1077034193438697E-002
  -2.2341510620161223E-002
   9.6949499572548808E-003
   3.8630785291238409E-002
   1.4045377992646747E-002
   3.4230868064383572E-003
  -4.6182440665536728E-003
  -3.5636749222366933E-002
   2.1684674033088526E-002
   2.4544757150856064E-002
  -3.4669232607444636E-003
  -3.0059127782472732E-004
   2.7402070223688207E-002
  -1.5326137452264831E-003
  -4.9943947308291749E-002
  -3.6654564247611425E-002
  -2.4125313311784847E-002
  -6.2918085910505489E-002
  -3.5133696506019392E-002
  -1.3985015761701273E-002
   1.3977225014290754E-002
   3.9972040155459888E-003
  -3.4590026329390587E-002
   5.8668035644279269E-002
   1.0125242518346296E-002
   1.9403460409020436E-002
   2.9478061409384717E-002
   3.7905547992200715E-002
   3.1897294666427011E-003
   3.0957495126839773E-002
  -6.8241946609245117E-003
   1.2050172038508354E-002
  -1.6848088850618861E-002
   4.2496831159180189E-002
   3.6535212407685515E-002
  -1.3357851546031146E-002
   2.0951732876523046E-002
   9.1930567629398510E-002
   5.8369647862248950E-002
   2.6157561991560923E-002
   1.4823862011976914E-002
  -6.2375162032844225E-002
  -5.1939923916034685E-002
   5.5132933944613428E-003
   4.0351555637860595E-002
   6.9702581520999563E-002
  -2.1161825173840926E-002
  -4.3446917772526808E-002
  -4.7179982924889632E-002
  -2.7665242450768814E-002
  -1.7589471354017290E-002
  -1.3016877857157843E-002
  -1.9914901031765877E-002
  -8.0961148088197238E-002
  -2.8100941794536611E-002
  -3.4174079837848391E-003
   3.5983106111454077E-003
   1.2681256363100009E-002
   1.4275073270443047E-002
   6.7029525231619147E-002
   2.8787699337838316E-002
  -3.9813586758638921E-002
  -5.4389375205593803E-002
   2.2532012681504000E-002
   9.2263628918689458E-002
   9.5028580444325272E-002
   5.5609776981955170E-002
   5.7252773266736112E-002
   7.2959633214219832E-002
   3.1805583372810399E-002
   6.3253885786546657E-002
  0.12328542497991465     
  0.11027657382075359     
   8.9421082332779636E-002
   4.1970590270392565E-002
   5.0804831910935939E-002
   7.3321956372844166E-002
   5.6647500035629177E-002
  0.10601074192727750     
   4.0271345024168383E-002
   6.4262708551978714E-002
   4.9141513230832011E-002
  -6.7532892820153590E-003
   2.4987215916391990E-002
   2.8391704703889430E-002
  -2.4301281218750331E-002
   7.2416824892745767E-003
  -5.0505601212923044E-002
  -7.7513020022149645E-002
  -4.8974330097998189E-002
   1.5761192955012421E-003
  -6.0246141398527728E-003
  -3.8020989537892895E-002
  -9.6816021019587948E-003
  -5.0553733427920890E-002
  -3.8572337792773852E-002
  -1.5041129890548803E-002
  -4.4056077126807272E-002
  -3.2371249364915658E-002
  -7.9483979930261781E-002
  -9.6143389276112698E-002
  -9.0278749458301624E-002
  -5.7617466560329365E-002
  -7.2299906890933213E-002
  -5.7648851584475656E-002
  -2.5970993337387140E-002
  -1.8589752632042551E-002
  -3.8957024305485602E-002
  -2.4350004674165739E-002
  -4.2908410307841191E-002
  -1.9250418495748323E-002
   4.6546039317112160E-002
   3.9876288538510905E-002
   1.7683753588598954E-002
   1.2525669007472481E-002
  -9.9645563933489188E-003
   2.7659456331437498E-002
  0.10144656666052722     
   4.5405283342100228E-002
   3.5661779189574305E-002
   1.9279970242133317E-002
  -6.3312673290490439E-003
   1.9920071921711274E-002
   2.3968364920633773E-002
  -6.8835328016235431E-004
  -4.2187340791256286E-002
  -4.1650318179026938E-002
  -4.2049239147556820E-003
  -2.4420785252945210E-002
   1.9185730726732096E-002
  -1.2103599975238697E-002
   2.0433759509636149E-002
   8.7350259484548550E-003
   4.3857013579283219E-002
  -1.7684083173990475E-002
  -3.1683270976423246E-003
  -1.9647809995574986E-002
   4.5493758879781410E-002
   5.9771073755483024E-002
   2.7374700944735524E-002
  -1.6408993653108980E-002
  -2.3834092532436166E-002
   1.0061257661980596E-002
   1.4332016671946991E-002
  -9.9024869073375474E-003
   2.6520990737811608E-002
  -1.2650645115938776E-002
  -2.9529891507194442E-002
  -5.6385290230919011E-002
  -8.2514507210262211E-002
  -4.2067387035726607E-002
   5.2067600815267068E-002
  -2.0617697773287966E-002
   1.2729682017665854E-002
   3.6083884220545634E-002
  -3.7830096790927623E-002
  -5.4131641548665572E-002
  -3.1200665195854297E-002
   2.3153211401534192E-003
   4.2222534826393952E-002
  -7.7358134285429305E-003
  -4.2801684202217222E-002
  -8.4995344243832788E-002
   1.5588523845534399E-002
   7.6322723111234989E-002
   8.5822120296921614E-002
   1.8081421918020771E-002
  -5.8109830210070101E-002
  -1.9429408234844511E-002
  -2.2251967666262234E-002
  -6.0273546375979876E-002
   2.5182694429572054E-002
   7.8715857564385747E-002
   1.9523816876235191E-002
  -1.6506790692419254E-002
   1.2344419452488898E-002
   3.7582811219231911E-002
  -1.7771344175226936E-003
  -4.3379015343817363E-002
  -6.2706837171188114E-003
  -1.3117072673239116E-002
  -2.7506998143201969E-002
  -4.4275375929087183E-003
  -5.3535876173175390E-003
  -8.1291271205847608E-003
   5.5917322499921688E-003
   1.0787923982543763E-002
  -1.1052334584635420E-002
  -6.4951246247030150E-002
  -9.1328759283391903E-002
  -4.7417654313400795E-002
  -6.6091468424087182E-002
  -8.9363278953348904E-002
  -8.8184611761320933E-002
  -4.9892619616245228E-002
  -2.4918629994883354E-002
  -5.3051672547477835E-002
  -1.8586784685499673E-002
  -7.2014251803228218E-003
   1.3702507158763130E-002
  -1.8659387405993721E-002
  -2.5247888814282693E-002
   2.7495066367252338E-002
   9.5581225960508880E-003
  -3.6543458063057511E-002
  -1.7467345384852194E-002
   3.1946528577518077E-002
  -5.1439604158433752E-002
  -7.4190440398095260E-003
   1.4449745675370336E-003
   6.8385186400836864E-002
   8.9915567113664885E-002
   3.4266178180898499E-002
  -1.8088621932574083E-002
   5.0298363379772480E-003
  -1.8961024678699066E-002
   2.8951325923983452E-002
  -2.8397282664983481E-002
  -9.8111672670394626E-002
  -6.4512144529153839E-002
  -3.0912329335399735E-002
  -1.3896872596111911E-002
  -3.7051395709202184E-002
   5.3698533244218288E-003
   5.2229596586779621E-002
  0.10036950600319362     
   8.1214988570246824E-002
   2.9849483601595492E-003
   1.6503671565264673E-002
   2.2436834969242893E-003
  -3.2705044252090650E-002
   6.8696625482652540E-002
   6.0864799087116332E-002
  -8.6644001214200069E-003
  -4.9075969117725847E-002
  -8.0905354501812771E-002
   5.0804261759546708E-003
  -1.1019569269978890E-002
  -6.8834395318533919E-003
  -1.0470617148466928E-002
  -1.3482325598377465E-002
  -1.0940964209911122E-002
  -5.5579199010425087E-002
  -1.4955448036636823E-002
  -2.2937707595429499E-002
 -0.11390396505449658     
  -9.8897029389363265E-003
   4.9042644730339660E-002
   2.6184470849506411E-002
   7.3915305195448838E-002
   8.5351073203069117E-002
   8.3767197169288918E-002
   7.1640645579051754E-002
   3.5314259744119482E-002
   7.1240637733655549E-002
   8.5026678094523744E-002
   2.5114043091823291E-002
   5.7374692532015187E-002
   7.1746445546488291E-002
   4.5239331594584910E-002
   6.0001337347956672E-002
   3.8757509643813665E-002
  -1.5528161613666143E-002
   3.4624881394515902E-002
   3.0140419751158182E-002
   6.4907774975122040E-002
   3.3867571449791990E-003
   8.2922644200597362E-002
   7.7325453573767008E-002
  0.10491549040267337     
   3.9541370244971487E-002
   5.0047071896852785E-002
  0.13394877247338058     
  0.15201999097998581     
   9.5452165950574167E-002
  0.11910623004485735     
  0.14722374813334488     
  0.10397083203047330     
   9.7611847001636665E-002
  0.12871371785527400     
  0.11040009561286494     
   7.7869908100826557E-002
   1.0209076005922798E-002
   4.9685714419577724E-004
   3.0412322394531073E-002
  -8.6644710330237608E-003
  -5.9150165752569303E-002
  -3.7533712193540049E-002
  -6.0663001902708590E-002
  -8.3609274411358639E-002
  -5.3786302574186817E-002
  -2.5668153757380203E-002
  -7.8498978847660276E-003
   4.2830749566109532E-003
   6.6694028664939745E-002
   1.7414375461854915E-002
   4.4639300940951802E-002
  -5.3389461542878124E-002
  -7.1345661736918989E-002
   5.1667325620863239E-003
   9.2354325301628824E-003
  -9.9585359329314193E-004
  -3.8715222778310666E-002
  -3.7819235559453879E-002
  -7.4051695006065012E-003
  -3.7542173726607293E-002
  -3.1963374647096816E-002
  -8.6803517925401502E-002
  -5.1345952217312953E-002
  -1.6030588399749478E-002
  0.10905035812366089     
   3.7102513144822748E-002
  -7.4018901056148289E-003
  -8.7445450027378635E-002
  -3.6189009081512402E-002
  -4.5991770316064551E-002
   1.5229690687840624E-002
   4.4674388626634774E-002
   7.4879246079088109E-003
  -7.7124179320311473E-002
   6.8244081078884184E-003
   1.7809497676947134E-002
   1.7826098161069826E-002
  -2.0626894363065942E-002
   3.2176528543000189E-002
  -3.0310077199542183E-002
  -3.9483480963948929E-002
  -9.4003028445156414E-002
  -7.0690031761713318E-002
  -5.0664588538219375E-002
  -7.1915960256343420E-002
 -0.10058647625282174     
  -4.8487459174862024E-002
  -6.8856070231013066E-003
  -3.2284856372232246E-002
   6.9791601017611844E-003
   3.3271173598892465E-002
  -2.5029368123325679E-002
   8.0366057802225693E-003
   4.6396044400706000E-002
   8.3447348722074724E-003
   2.1362568422622508E-002
   4.9287295641658957E-002
   5.3393515648241699E-002
   1.1021055751819506E-002
  -5.1482039332594286E-002
  -8.3976419999798838E-002
  -7.4256223386258507E-002
  -6.9757899524018063E-002
  -4.8013448275872492E-002
  -2.3517968220994168E-002
   3.9127223518678048E-002
  -6.0189238152283095E-002
  -2.9756967104263274E-002
   4.2199652216012892E-002
  -7.8263589211376213E-003
  -1.1038123261527503E-002
  -3.9368185083931348E-002
  -4.5144413435359076E-002
  -3.4648857730020803E-003
   6.7423257190825467E-002
   3.6849410119444287E-002
   3.6755657606852406E-002
   3.6731766589988543E-002
   1.3517211915743208E-003
   3.1918062813055592E-002
  0.12389196235303840     
  0.13267325206508562     
   3.3259848536213492E-002
   4.4462311468786847E-002
  -5.3824564962251444E-002
  -4.1908238943877393E-002
  -7.6779891363915942E-002
 -0.15992880698781822     
 -0.13950139260500202     
 -0.13188320945112186     
  -3.0349572771136958E-002
   4.2641108127671710E-002
   1.4589973039782865E-002
  -4.4642377333168060E-003
  -3.4858884183433289E-002
  -9.6638717062829421E-002
  -2.0535620844008052E-002
  -3.6414773842947716E-002
   8.4081723688316665E-002
   6.7367869959860230E-002
   3.9815220492340472E-002
   1.1197865608901909E-002
   3.5782642970379863E-002
   5.8496579373460934E-003
   3.4226048734373446E-002
   9.4075021990375259E-003
  -3.6981672947229212E-002
 -0.10136165697503723     
  -6.8356038962565938E-002
  -8.6559815420760314E-002
 -0.10117127089482068     
  -2.4586546098694369E-002
   4.3810053910232093E-002
   1.8141260885788244E-002
  -3.1611286046625497E-002
  -6.8248543790285929E-002
  -8.1467337892819885E-003
   6.6209344553611882E-002
   1.7105487716437471E-002
  -2.9283818467029495E-002
   4.7713295822827684E-002
  0.10455314573088181     
   6.0126081836394049E-002
   4.1301779495931015E-002
  0.17032655329351856     
  0.11968193736569020     
   6.7537694819091512E-002
  -4.8475956746937603E-002
  -7.3019564710907828E-003
   5.1726325366452518E-002
   4.0872113084575029E-002
   7.6334254495351592E-003
   4.1677049062556629E-003
  -2.0441781232885630E-002
  -9.1624604843518753E-002
  -6.7543342559930868E-003
   7.3850111477547905E-003
   4.0066853082036953E-002
  0.10440890522903888     
  0.12009100914410679     
   6.4784212541435501E-002
  -1.1978816624993581E-002
  -1.2965425737079157E-003
   8.0431080238343583E-002
  -1.7764184518394031E-002
   1.1293598190771323E-002
   2.3995477259524754E-002
   3.2887639289803670E-002
  -3.3739346278378490E-002
  -6.4407007047250733E-002
  -5.1217179442836616E-002
  -1.1973709844384782E-002
  -9.4420292902482439E-002
 -0.11327074609646254     
 -0.14997257110077483     
  -5.0449004399795043E-002
   3.3061153344743676E-003
  -1.5640606219287392E-002
  -2.7379990882729292E-002
   3.2218875085520494E-002
   3.0763772387419373E-002
  -5.4828630303043170E-002
  -2.6082610513532015E-002
  -2.7980740438194616E-002
  -6.1348121738149256E-002
   3.3346783452212356E-002
   3.8611204810284280E-002
   1.5590951401135289E-002
   4.9893693895785018E-002
   6.1733311321306265E-002
   8.9184588660312907E-003
   1.5617513398805632E-002
  -7.9874201569879698E-003
   1.6805106887302756E-002
  -4.7184978998253191E-002
 -0.18486283477823101     
 -0.17061772595172539     
 -0.10748177922148565     
  -6.9343039324452332E-003
   3.9392713854091210E-002
  0.16603912485899489     
  0.15266777102789916     
  0.13818586795709650     
   7.5315387227627914E-002
   8.4664601366262068E-002
   4.4551738196213060E-002
   1.5435041979889827E-002
   1.4068928722625395E-002
  -5.9172747924598909E-002
   6.5359471485395171E-002
   9.2697815777083706E-002
   6.9543072629953920E-002
   3.1723857368036977E-002
 -0.10180169696843655     
  -8.4468330160520050E-002
  -7.6200625950984729E-002
  -3.1459159620367473E-002
  -1.2514315503105515E-002
   1.2217059342635481E-002
   1.7737530575596211E-002
  -2.5175282143946001E-002
 -0.10387744761846456     
  -7.1614478051659734E-003
   2.2296069403045866E-002
   6.9863142321561636E-003
  -2.1463804632969076E-003
  -8.9877230669694982E-002
 -0.10398468233879775     
  -9.4510812770878111E-002
 -0.10419972507703720     
  -8.1594281861630688E-002
  -4.3917149577083474E-002
   2.2292905733559232E-002
  -2.3394981868397228E-002
   7.8092216226359357E-003
  -4.4149710702742428E-002
 -0.10748371865428444     
 -0.11623093832232786     
 -0.10645254250276265     
 -0.16421633834287253     
 -0.11961983983800237     
  -3.3140629389746224E-003
 -0.11975300062523517     
 -0.14377611144069999     
  -7.7900573530866574E-002
  -4.9419560542174570E-002
   4.8682956323655525E-002
  -3.7019010831260732E-002
  -1.7523839135121608E-002
  -9.2703838572808020E-002
  -8.5020714977309925E-002
  -5.0249301835357578E-002
  -4.9704671296828644E-002
   2.0903297856024489E-002
   3.5213055755585788E-002
   6.5030567960096139E-002
   2.2073091056768246E-002
  -5.6333427286566477E-002
   1.6720763874818426E-002
  -1.8609831781468588E-002
 -0.12540453643825666     
  -6.9410641328242650E-002
 -0.10543957016279913     
 -0.14765543317555382     
 -0.10411444102222177     
  -5.6551014185739087E-002
  -6.7458279496189863E-002
  -5.2050098361691978E-002
   2.0865516349272354E-004
  -6.7594790532357521E-002
 -0.16022286527937046     
  -6.3351890950615969E-002
 -0.12025805547249745     
 -0.12674258294305635     
  -2.2640332580704910E-002
 -0.13689751059325955     
  -9.8754748658628128E-002
   3.3804506853845985E-002
   3.6913518650979402E-002
   7.4944575674110031E-002
  -1.4649013361055476E-002
  -9.9014324390143734E-003
  -7.3485852655786707E-002
  -4.9465530606056268E-002
  -2.5975711814928984E-002
   7.5135960662256109E-003
  -1.6304724388005995E-002
  -7.1913657672907083E-002
  -5.0917231317296661E-002
   4.4030564046037696E-002
   3.5828623363714972E-002
  -3.8154662587757390E-002
   1.7410855543213261E-003
   2.9716094792034596E-002
  -2.6642647807045425E-002
   3.1046253707581344E-002
 -0.10936170323177771     
   9.0722144082449857E-002
  0.13721919786893583     
  0.23156629137511875     
  0.16577279458363009     
  0.21373462312790056     
  0.15543023218433180     
  0.13325892257022046     
   9.3752626402113001E-002
   9.9254432357947273E-002
  -5.2005288081634370E-002
   3.4517547361089716E-004
  -3.9443497501436581E-002
  -1.3068268849274626E-002
  -5.3027174178503486E-002
  -9.6799413957071576E-002
 -0.11092715883580354     
  -2.3699051774019948E-002
  -7.7462290638058401E-002
   5.1240345142879180E-002
   6.4787775294771560E-002
  -9.3015537397519166E-003
  -2.7577315248274403E-002
  -2.6857010746424125E-002
   3.1569891268867396E-002
   8.2383200910767229E-002
  0.13673132711266878     
   6.4501092042920719E-002
  -2.0498855254026432E-002
  -2.5132878909724304E-002
   8.6627997976452945E-002
   9.9852943835611763E-004
   7.4989364557481439E-002
   6.9940970036650910E-002
   2.3681841105695749E-002
   7.4489068703819689E-002
  0.11128817551632696     
   3.4193687220693908E-002
  -1.2981431427245449E-002
  -6.5467997049538831E-002
  -9.3841711812069406E-002
  -4.3080888753959809E-002
  -8.2776567232602558E-002
   2.2052324377880617E-002
  0.10994381661882120     
  0.10400062331090557     
   9.9830761924655162E-002
  0.10495166274737502     
  0.25570114904551827     
  0.23550315406729916     
  0.32630439520951798     
  0.19194017949938841     
  0.16619772639070840     
  0.15580259865891763     
   3.8378430696545035E-002
 -0.13128129266749472     
  -6.6498743143234729E-002
  -1.5958170811785608E-002
  -6.6341864140845794E-002
  -2.5152063757055591E-002
  0.11310580079179407     
   9.6176557888541639E-002
  0.14290839704076883     
   5.9876522819989120E-002
  -3.1997144101106850E-002
 -0.15906410593062068     
   8.4051964403758977E-002
   3.1627289021683283E-002
   8.5235983471156532E-002
  0.12961245458051801     
  -4.3391023801638631E-003
   8.9847348991695830E-002
   2.3713956740868403E-002
   7.5378685212660529E-002
  -1.4923436951133287E-002
  0.11814930387607138     
   6.9559692021985961E-002
  -6.3918517679260808E-002
  -2.2337375775187872E-002
  -3.2835653934010306E-002
   5.2028093459102302E-002
   3.6104034905450312E-002
   8.5386825773677844E-003
   7.6908710483785678E-003
  -8.9309431179965232E-002
  -2.4113950303992496E-002
 -0.10925790386645109     
  0.21480469970216981     
   9.2417409496803909E-002
  0.10653808564509391     
   1.9115118996735521E-002
   7.2734729285071478E-002
   6.8900499166337989E-002
  0.14755660074215404     
   4.1108308486515685E-002
  -2.7024090667846692E-002
  -3.5171338356450282E-002
  -7.4077205724273829E-002
  -9.2700680249164988E-002
   6.2088079710719300E-002
   7.6015266983177801E-002
  0.12659208273351427     
  -6.0613798335934409E-002
   5.3777152389610887E-002
 -0.12408049436135643     
   1.8820088492817147E-002
   1.5996967359558745E-002
   4.5293466330052511E-002
   1.7866612512603863E-002
   2.6729911619254709E-002
  -3.9329266208239323E-002
   1.6544761081143105E-003
  0.10204038915144534     
  0.16293134100021953     
  -2.8751058556834356E-002
  -7.9818701702844538E-002
 -0.16907626411264132     
   3.1188294045856251E-002
  0.17832428340366199     
  0.18931725038817887     
   1.0257663040834239E-004
 -0.10554812935061587     
 -0.32734502817018069     
 -0.20436390822030270     
  -8.4751216895185846E-002
   6.6035941751284535E-002
  0.15656081869045951     
  0.19813382062016466     
  0.12990306337046634     
  -2.5270703139380568E-002
 -0.10940280206524051     
   2.8220030536975790E-002
 -0.10650581490750678     
  -5.4961958341100382E-002
  -8.0679398168514216E-002
   3.1403077903314036E-002
  0.20933015037998931     
   9.5481898122054265E-002
  -7.1295495998173631E-003
 -0.10402305367625209     
  -4.8904334178152972E-002
 -0.13972309113125905     
  -9.7246548542481923E-002
   9.5738620509161043E-002
  0.34896753192649693     
  0.17281755201850296     
 -0.16602614406207505     
 -0.24750069436333536     
  -8.9068026656702784E-002
  -8.4384803727978533E-003
   6.1420258502511788E-002
   8.8907769306631593E-002
  0.20187729941043683     
  -6.8007459622389202E-002
 -0.12559564326125078     
  -3.0805359964280847E-002
  0.14957782164524627     
  -3.9227345800747333E-002
 -0.22439732164247103     
  -9.2099568773088780E-002
  -3.3850399646494916E-002
  0.10364285694412396     
  -8.9897422339924760E-002
