  0.62573271224251947     
  0.63187041198435234     
  0.62422678597669723     
  0.62347300956222640     
  0.60345257232493066     
  0.61713991044329064     
  0.63286650735079608     
  0.64075866842863960     
  0.63910113367326549     
  0.64457611951251370     
  0.62071157483794570     
  0.61885485862572664     
  0.61761664941941707     
  0.63244551353250855     
  0.63610714356166553     
  0.63040877017493124     
  0.61575193952809382     
  0.64414366558886382     
  0.63545583087152313     
  0.63268093127830949     
  0.61686847465402217     
  0.61885555786267998     
  0.63451464978482564     
  0.62195437211230342     
  0.63786362471547642     
  0.62602860402219163     
  0.63149185325125534     
  0.64628200105222466     
  0.62046192558187352     
  0.61702762480705731     
  0.62753876895276517     
  0.63101621679975028     
  0.63949245408691791     
  0.64878437707666392     
  0.63590411325829055     
  0.61338177556588536     
  0.62345215172429258     
  0.61904387034430330     
  0.61363850409678300     
  0.62315313789924554     
  0.61760592777782675     
  0.63242698502322270     
  0.61390666452487075     
  0.62910789817298007     
  0.61703081186579278     
  0.64108044956507537     
  0.63414265648868440     
  0.62965927595097682     
  0.63297957632568125     
  0.63168073528577917     
  0.64125650332194983     
  0.62683902798419489     
  0.65975742775199619     
  0.63688993426640084     
  0.63482008845871163     
  0.62959016524230460     
  0.62775642008867294     
  0.64405144496468314     
  0.64574123755110002     
  0.62714923732701511     
  0.64249773782681485     
  0.65489077591949141     
  0.62611456717569114     
  0.62919490976624626     
  0.64430292175366144     
  0.61787361843053079     
  0.64659395786068585     
  0.62933405002763887     
  0.62246074496818993     
  0.63726372949867294     
  0.65079342587302225     
  0.62344305788045740     
  0.63570786979369132     
  0.63555654905377490     
  0.65812838448495836     
  0.65464618225444970     
  0.64496054515235890     
  0.64296144931573218     
  0.61297108308582626     
  0.63120485845712848     
  0.61526353286065449     
  0.58255895571493232     
  0.62389933423555233     
  0.61686741631901576     
  0.62755464939980588     
  0.62515645382220719     
  0.60767265231764522     
  0.62209175065256828     
  0.61688957687310675     
  0.63713798538283528     
  0.63964098521127732     
  0.64973611066057169     
  0.62674470163387563     
  0.62276385263636758     
  0.61417188487808316     
  0.61841480245266223     
  0.64545710816593649     
  0.64392982706353485     
  0.62099470790541089     
  0.61304141051320615     
  0.63903820413751911     
  0.64978809752513422     
  0.62856238099098816     
  0.61893331511648209     
  0.61472842241506487     
  0.64121497240453873     
  0.63058105596122282     
  0.63539288346707556     
  0.63018543716314157     
  0.61805127521939573     
  0.61601583035291918     
  0.63020476428929850     
  0.61911633640536068     
  0.62352302876919352     
  0.62198719903713739     
  0.62034672409903868     
  0.61497444559430259     
  0.63559496622334499     
  0.63408198025081741     
  0.60569186140582232     
  0.61257340956410122     
  0.62705081822844910     
  0.62118598816052517     
  0.63363933769601288     
  0.63163454031017829     
  0.60913912113169255     
  0.61039283887025542     
  0.62795239125278290     
  0.61370721315626442     
  0.62385215965428364     
  0.61760051215462497     
  0.64400675529382434     
  0.62128442984592325     
  0.61222473170392500     
  0.60031639972750739     
  0.60927701308270532     
  0.61772365898704118     
  0.60586013760354196     
  0.62885048588921744     
  0.62732506069609950     
  0.62477412170170465     
  0.64317571064431178     
  0.63709052240288222     
  0.63807732737892819     
  0.63243093708399578     
  0.63452918620226995     
  0.60796187272140501     
  0.62886399175219321     
  0.62725729096027927     
  0.63125387954246659     
  0.63526014182326740     
  0.62335591887856823     
  0.64547822637011176     
  0.63424504968552486     
  0.64484120559267399     
  0.62765155493149372     
  0.61791549496915199     
  0.61748792276364073     
  0.62761935893966092     
  0.61177808510421416     
  0.61978368785195603     
  0.60847594921780412     
  0.61155243338937715     
  0.61851685033913195     
  0.65665358481822911     
  0.63678700099989949     
  0.59663258169523681     
  0.63336616814187086     
  0.63166646715849517     
  0.62295165893672289     
  0.65309254205566281     
  0.63697098808820463     
  0.62986714755628248     
  0.63127881584420442     
  0.64319338756601452     
  0.64692057575941675     
  0.61473800877491991     
  0.61831229616187633     
  0.61060200302309009     
  0.60647081584285767     
  0.61432323569203218     
  0.61539111708598848     
  0.62245549328365934     
  0.61664359953836734     
  0.61881548475755932     
  0.63458196814919621     
  0.62272437252467816     
  0.62043362343831554     
  0.63831038266548035     
  0.63084960001006218     
  0.62895593274507111     
  0.63559176241165327     
  0.63486276989689583     
  0.62027800735188310     
  0.63528005180726332     
  0.62400300024587196     
  0.64229299151420782     
  0.64031809529291095     
  0.65031148806912953     
  0.64657818645586340     
  0.63613280846880793     
  0.60504623545880898     
  0.61688435221483329     
  0.62335846693240216     
  0.64168634319623230     
  0.62664519053249901     
  0.63283471608782216     
  0.61642711235819403     
  0.62704478179327872     
  0.63310145318978783     
  0.64608428705809495     
  0.64138430183315320     
  0.64587103970032855     
  0.64241733634170373     
  0.60322582525141133     
  0.62453302001722677     
  0.63991441177222630     
  0.62975376276835771     
  0.62939221173711724     
  0.63682893432182308     
  0.61084771768705948     
  0.63341960170390554     
  0.64566242720059219     
  0.64448361032861357     
  0.62488807051108763     
  0.61885477039696801     
  0.62867642489243758     
  0.61499960521522778     
  0.61425752748961848     
  0.61299304790108722     
  0.62899478332305070     
  0.63307588665317704     
  0.61451610471374485     
  0.62189290658825469     
  0.61915366631253621     
  0.62896964219202345     
  0.60891160351948737     
  0.62393257820373649     
  0.59974226285771670     
  0.60541994979132552     
  0.61543922732608780     
  0.63579395438213093     
  0.60742358032303478     
  0.64069957357144391     
  0.62781475900274442     
  0.63192521772465171     
  0.64306467644124121     
  0.63177921197179199     
  0.61842191381038103     
  0.62964863818499950     
  0.62498085203667220     
  0.63081544951904578     
  0.64307533001758077     
  0.63626148805360883     
  0.61958245302885617     
  0.59716656607289464     
  0.64320898557623996     
  0.63663446721559380     
  0.62927508369268592     
  0.62103294536423537     
  0.62671007319914063     
  0.63971193943364335     
  0.61865734111049731     
  0.64059362797319663     
  0.64788544290351169     
  0.63344653346707769     
  0.62203672426745260     
  0.62644979314071092     
  0.64206263052330625     
  0.62047395473433509     
  0.62653316406479609     
  0.64458785595306445     
  0.64616151048536807     
  0.63638120740839033     
  0.62911365007016451     
  0.62188588902855013     
  0.63482503941064150     
  0.64443883608838115     
  0.63750193236637565     
  0.64295691517794562     
  0.62452433980437216     
  0.59998968638968242     
  0.59632702333430687     
  0.61688287890092175     
  0.61211421171707259     
  0.58951070206142930     
  0.61840655213843887     
  0.61318658704814066     
  0.61423125522105304     
  0.60448190312441263     
  0.63192729388690316     
  0.63243709063686215     
  0.64845354265462529     
  0.60910159613784520     
  0.61817234420212819     
  0.62695882431182148     
  0.64465647653635605     
  0.63410002897729623     
  0.63146765518686798     
  0.61590927459183331     
  0.62843658036666061     
  0.64705296140842494     
  0.64082906463623224     
  0.62942417233374759     
  0.64250184878592365     
  0.64187235171109913     
  0.63666242416907881     
  0.61772027313309696     
  0.61032245038899868     
  0.61713766484035348     
  0.60527983884794234     
  0.58978726013199700     
  0.59093376083064530     
  0.61539302188481881     
  0.60170236852351211     
  0.60450801961382516     
  0.62063239529005154     
  0.63783610538913338     
  0.63267835685782259     
  0.61922850964906750     
  0.62175182723203759     
  0.63131978148731571     
  0.61992461639096375     
  0.61437836687178327     
  0.60944890212434377     
  0.61679727336839585     
  0.63116913328755930     
  0.62103533561428725     
  0.64013169886443311     
  0.62764050795379800     
  0.62827778518232325     
  0.63038208888695180     
  0.61917531963054639     
  0.62190641179308470     
  0.62416394235912342     
  0.62560187479569385     
  0.62843771983724550     
  0.63012357894435511     
  0.62126897249935997     
  0.60744671967943220     
  0.63098709888241145     
  0.64539158137544272     
  0.63393229532687834     
  0.62440082008369835     
  0.63481393955774645     
  0.64460644075432139     
  0.63067867589665394     
  0.63867496645492994     
  0.65078028211894168     
  0.62719330923781558     
  0.60814722390759812     
  0.61124292194803687     
  0.59995887552210281     
  0.60197633570763631     
  0.61571128524098317     
  0.62146263958747761     
  0.63834682714763180     
  0.61947687684888986     
  0.62903547585543196     
  0.60839015589591672     
  0.62516979020463204     
  0.65043138663458233     
  0.65278114497428696     
  0.63961766634980710     
  0.63714666486319560     
  0.64165383339850657     
  0.64462586109796849     
  0.62455608434335286     
  0.62846974654581944     
  0.64131765631394766     
  0.65610651977640033     
  0.62933801529054956     
  0.64691692277979429     
  0.64719392532291786     
  0.61901143859358954     
  0.61887938607746795     
  0.63926916584821403     
  0.62213988864664171     
  0.63448529008887522     
  0.63373726770390637     
  0.62541831662292879     
  0.64023480958746715     
  0.63367305946192487     
  0.63299066407945437     
  0.63866281163103311     
  0.62674745971146228     
  0.62148122523585470     
  0.63042899768632232     
  0.62651773103083919     
  0.62361902875138819     
  0.62290135436580651     
  0.64032096135228700     
  0.63040863373399703     
  0.60518631273630397     
  0.62840286944038304     
  0.62775189078577476     
  0.63137801254599357     
  0.63127700165331513     
  0.62889338453604193     
  0.63302893059453091     
  0.62207348846610333     
  0.62231512151552626     
  0.64630977404833156     
  0.63110618996517487     
  0.63094524446884015     
  0.64564218282771324     
  0.63325122588519367     
  0.63605061081336234     
  0.63668537179696927     
  0.65101845048882989     
  0.64269768517954939     
  0.63691446098067772     
  0.62054143702437692     
  0.62512117369826181     
  0.63078675176202814     
  0.61271796187411542     
  0.62950574863412934     
  0.62009273835749823     
  0.59444890179457066     
  0.62102045727758948     
  0.63885212406489533     
  0.62464564346204321     
  0.61826520285866304     
  0.64114098500357841     
  0.63652692392074595     
  0.63604673781731846     
  0.63624033354321030     
  0.61911761420900058     
  0.62053272748808697     
  0.60622068092702830     
  0.60091985309680351     
  0.63204601122664361     
  0.62021351381199463     
  0.61819459430091084     
  0.61595309193320724     
  0.63807753687041713     
  0.64195911275664963     
  0.63295411362993814     
  0.61237998820547057     
  0.61205598070395006     
  0.61685859847181035     
  0.63554144033308835     
  0.61071694941099741     
  0.61706370525382492     
  0.62466225817582766     
  0.61173400223415109     
  0.62139278167566903     
  0.61762805395855958     
  0.61611540534455211     
  0.61328986795789697     
  0.63080051248538915     
  0.62310087932473024     
  0.62034013701536672     
  0.64312225787276400     
  0.61443866046117845     
  0.64269940340907605     
  0.65332769435334626     
  0.63998122495936882     
  0.64941505020806578     
  0.61951883929194929     
  0.63420327166614099     
  0.64319097345600229     
  0.64486395744559788     
  0.62826863360300289     
  0.62138252121533644     
  0.64158335213091899     
  0.63492695058820692     
  0.62821158346814121     
  0.64514611155128554     
  0.63673018063959008     
  0.63103190122104835     
  0.62372407715927103     
  0.62646723640468172     
  0.65700413036301941     
  0.64432773506398511     
  0.62481168500628259     
  0.63630349835841293     
  0.62186887333051766     
  0.62508482833630830     
  0.63750243320077160     
  0.61159914835493845     
  0.62320193037422844     
  0.63398571899423006     
  0.64463495651695746     
  0.62421139893657340     
  0.60475822571089710     
  0.61336990596189822     
  0.61799810562474411     
  0.61415450582973796     
  0.62792936549050504     
  0.61656964934525549     
  0.60810775134162343     
  0.62916989250768351     
  0.61756884419925084     
  0.61570704222315964     
  0.62972795236290580     
  0.62877394558409150     
  0.62553144511541614     
  0.62809692020025454     
  0.62385780474296793     
  0.62714247247301624     
  0.62908634230844762     
  0.61919573514991078     
  0.63189569472037543     
  0.64149428542929743     
  0.61087964633022462     
  0.63879831955090982     
  0.64122862887793297     
  0.63913657765901466     
  0.62742534368761915     
  0.62414604206996260     
  0.62928899257880366     
  0.61916145105606912     
  0.63244101381980533     
  0.61477669043256289     
  0.63603631961635920     
  0.64214048821077396     
  0.63411181641111636     
  0.64230237110673960     
  0.61889775878565889     
  0.60713883088537512     
  0.61375335805444542     
  0.61208220749818831     
  0.62514752791166595     
  0.62661464042914250     
  0.63665470166187543     
  0.60319959373432219     
  0.60366915304217938     
  0.62307476370915671     
  0.62366536797429906     
  0.67102116955221114     
  0.63990489089002078     
  0.61382124620270972     
  0.61851958937141349     
  0.60715753637992076     
  0.62599182157067224     
  0.62468023916237503     
  0.62007431514361655     
  0.61398933087374152     
  0.61868533737436016     
  0.60162992674479332     
  0.62400897316621340     
  0.63566126807037127     
  0.63058006153701118     
  0.62981386131182882     
  0.64186245487750060     
  0.63449342579063150     
  0.63758322927218958     
  0.62775256178671346     
  0.63359188490864538     
  0.62642157487854000     
  0.63691412171891681     
  0.64047441561825635     
  0.63264108553344578     
  0.62093033537340292     
  0.61715602228187594     
  0.63763134970850954     
  0.64287011778784742     
  0.63299337494349273     
  0.63475417810810864     
  0.61499516627816675     
  0.63453988191393118     
  0.64060698905949476     
  0.60738478099285853     
  0.61625242814651815     
  0.62920957365773800     
  0.61725387188361125     
  0.62094909031138146     
  0.62245086718426546     
  0.61343863220863726     
  0.60975977329228193     
  0.62987460031189679     
  0.61409522875944311     
  0.62515651381502357     
  0.64027014691430173     
  0.64204436096144324     
  0.64975149702135804     
  0.64389933991273296     
  0.61872689129898439     
  0.62950946219061055     
  0.62047231959457805     
  0.63107194051751847     
  0.61922205539835795     
  0.63272742219312694     
  0.61821551055033053     
  0.62036087983195365     
  0.61617822953572954     
  0.60578359645557656     
  0.62313612467215895     
  0.61099954324913275     
  0.63558533333478551     
  0.63934701599851740     
  0.62490693712680989     
  0.64585306605264592     
  0.63148714065782252     
  0.61065120395557237     
  0.62682799654374455     
  0.61824355145426502     
  0.64239387443072837     
  0.63662476648824950     
  0.61936394382348425     
  0.63194297539808664     
  0.64023165675287508     
  0.66275400138042762     
  0.65391237351127796     
  0.63125836545319891     
  0.63059309465808011     
  0.65718931443387807     
  0.66380394381913088     
  0.65561444838796656     
  0.64838742764240498     
  0.63978835501915010     
  0.65000770857428114     
  0.62266885139744954     
  0.65122669180060466     
  0.62887842347785372     
  0.65051418430478580     
  0.65081036620729316     
  0.63414676308982931     
  0.62460276465207987     
  0.62186474759267385     
  0.63059629206571943     
  0.63574745397951249     
  0.62389650005325281     
  0.64222334714196971     
  0.63485493847599916     
  0.62812601370415400     
  0.62587624187264601     
  0.61301989961591274     
  0.60890374646881584     
  0.60267688711928780     
  0.61563547528826512     
  0.60581647310757492     
  0.61445840826588405     
  0.59836033458136006     
  0.60967430288569480     
  0.63087214211585252     
  0.61477431512469138     
  0.64412435364115639     
  0.63225684702312024     
  0.61885958839229016     
  0.62695175010882032     
  0.62544707596462346     
  0.63171152304924005     
  0.63633644813014523     
  0.64646167311793723     
  0.62022770864836374     
  0.62562719146292756     
  0.63973145378859786     
  0.64270919391821990     
  0.62901198059409513     
  0.62755946686025199     
  0.61058134026668798     
  0.63170025782914208     
  0.60306401734842308     
  0.61212937078603058     
  0.62656819182681045     
  0.60787353510368414     
  0.60796224320199321     
  0.63467664225602938     
  0.64299205720883701     
  0.63432641682768887     
  0.62185114792041141     
  0.62287956045840731     
  0.62242015059878830     
  0.62566618181184008     
  0.61029797260803331     
  0.61243132127347655     
  0.62223890562780937     
  0.63194562462397086     
  0.63147566259712007     
  0.64818749354151450     
  0.61638174768834952     
  0.61769223418725649     
  0.63194421206088502     
  0.62424658657684540     
  0.64299670108682738     
  0.62050676641357871     
  0.61897963174804482     
  0.61227142963361947     
  0.61841311522129028     
  0.63395493321015983     
  0.62930047160389102     
  0.64571189893241709     
  0.61582537373877766     
  0.63126977386884442     
  0.63496273975931838     
  0.65036994655652258     
  0.64571419676209552     
  0.65473183561824677     
  0.63731994325677888     
  0.60895780361399510     
  0.64325868049144086     
  0.63847894425517482     
  0.63647970307250323     
  0.61183363242036959     
  0.62762402450477517     
  0.62644728727349075     
  0.63415114354636115     
  0.63211412422987034     
  0.62903098054219531     
  0.59376421514795852     
  0.61264056895208729     
  0.63382240500245257     
  0.63026037185207451     
  0.60087315444493616     
  0.61361681537824719     
  0.62393763149718506     
  0.60720553531127286     
  0.63518435478210999     
  0.64018321938016809     
  0.64088042112238086     
  0.63249862700949833     
  0.61593470163214048     
  0.62335114754092436     
  0.64020613953477490     
  0.63177624342776317     
  0.63149542800061165     
  0.65622283763295386     
  0.63913818063274930     
  0.61367721264756725     
  0.62766668161148786     
  0.62607175852012753     
  0.62319122807319771     
  0.63059466777348039     
  0.61337920254558920     
  0.63889860617282634     
  0.62144898245690428     
  0.61099439938263567     
  0.61950010612562423     
  0.62721669518621026     
  0.63756230896017618     
  0.61970096156773058     
  0.62152078616427131     
  0.64205325458990392     
  0.64509491376113126     
  0.61527969580239206     
  0.63896026557179930     
  0.62895435541092670     
  0.63787772752817040     
  0.62445535777539973     
  0.63036642487785666     
  0.62890800736815289     
  0.62915591058284615     
  0.62320971481708631     
  0.61668991128370843     
  0.63210449478867436     
  0.61850124364586079     
  0.63557598373066881     
  0.64015686125005311     
  0.62924819308275703     
  0.61712901597213621     
  0.64826924546797937     
  0.63803310467324881     
  0.63167475029009401     
  0.63141222828442911     
  0.63718775379252712     
  0.63103755398330852     
  0.64345939518231754     
  0.64279881298322816     
  0.63023057294411000     
  0.61389237868124791     
  0.60704252242068168     
  0.59972427470437373     
  0.62217654003955547     
  0.62597099077249030     
  0.63535968970381307     
  0.63515524992548456     
  0.62134657492927736     
  0.61227138598486763     
  0.61380696604226481     
  0.60562445033246803     
  0.59258799096458281     
  0.63242511925834966     
  0.63924679799043582     
  0.64916982105354970     
  0.63682374010906095     
  0.62016072095328822     
  0.63417100604958054     
  0.61810291619730895     
  0.59894647419043023     
  0.61282451329507648     
  0.63451857223443164     
  0.63094143525436719     
  0.61798429403898469     
  0.60587776168402552     
  0.60965916851317115     
  0.62257268333203797     
  0.60556434782946922     
  0.61421396922070270     
  0.62065465297483169     
  0.62910293610765688     
  0.61647667591695154     
  0.62596176397508807     
  0.62208667092282954     
  0.64120941950457266     
  0.64735546771936003     
  0.61175884623496812     
  0.60593308367902976     
  0.62261829584705009     
  0.61470388433147405     
  0.61802874106620365     
  0.64016465869216099     
  0.64065923067494646     
  0.64741824954111438     
  0.64525378964866942     
  0.62634503002954889     
  0.61285150118706533     
  0.62502094610739600     
  0.62684705119244655     
  0.60865017363649487     
  0.62067912621839449     
  0.61374850512945522     
  0.61968626238671354     
  0.62675356078518951     
  0.61527911504340704     
  0.63839629090600414     
  0.63745422890099701     
  0.62257585968963247     
  0.63539938791024730     
  0.63053797690556279     
  0.62605512489736737     
  0.62302683493081334     
  0.62425298163354515     
  0.61909737726770619     
  0.61574802839759191     
  0.62730597688190903     
  0.64091299955605496     
  0.64485648192805511     
  0.62610081774467408     
  0.64277865822122504     
  0.63047426893809499     
  0.64433513947182386     
  0.62821856544013588     
  0.63652800141103116     
  0.62152879420232632     
  0.60470838634161150     
  0.60871360257910978     
  0.58565577040672689     
  0.61315590437982193     
  0.61445040181529742     
  0.61713815341276779     
  0.62551715201759905     
  0.61172561038359896     
  0.59525794208294480     
  0.61647067492291496     
  0.62123703130902119     
  0.62484207366837596     
  0.64232097387431164     
  0.63908703338916750     
  0.62704949554471101     
  0.63873727818269788     
  0.63584674723037615     
  0.63388948911830989     
  0.61655907340702731     
  0.62128120183940905     
  0.62141190435961235     
  0.63897883096168939     
  0.60732659873482797     
  0.62165287500007482     
  0.61076883629614831     
  0.62262811744693802     
  0.61440088342879129     
  0.62212293634588234     
  0.62741641828422356     
  0.60718333348818276     
  0.60247130579440333     
  0.60117050121812288     
  0.61575283912132206     
  0.61107142077355436     
  0.62606988244420048     
  0.64976577911247779     
  0.64593477921934472     
  0.61615579729459757     
  0.61052052376198085     
  0.62755537843353437     
  0.63344902210473186     
  0.61621282934969035     
  0.60829194052936686     
  0.60935077173741192     
  0.60272069796903827     
  0.63600615665040394     
  0.63222840513988787     
  0.63835318406858954     
  0.63920413134451026     
  0.64392166285169472     
  0.62678322110936013     
  0.64469300198719171     
  0.63933404376840341     
  0.62565317006613486     
  0.60909834676552022     
  0.64026303045838762     
  0.62422867966647899     
  0.63570924976777554     
  0.65098332206767506     
  0.65535049742413043     
  0.65192935214348136     
  0.65268339116972696     
  0.62713506830326948     
  0.62176315948603778     
  0.62646411433882687     
  0.61837577706339375     
  0.64000882390986624     
  0.63950202889725771     
  0.65004982527540889     
  0.65078133199828359     
  0.63844430423185816     
  0.61493468632443105     
  0.62934701075331445     
  0.62378128235560770     
  0.62640344970308259     
  0.61669969325684149     
  0.62901086618644086     
  0.64494240132462910     
  0.64221514164364901     
  0.65759483713469535     
  0.64509538936304633     
  0.65758508469530930     
  0.64382054497921171     
  0.62121947355164286     
  0.62724095069184971     
  0.61391489051354731     
  0.61204259538899008     
  0.63424928584510087     
  0.60868034511285829     
  0.61650760822664896     
  0.61086614356407221     
  0.62592292697936780     
  0.60463024499368456     
  0.59911204778775773     
  0.62822186169100280     
  0.63743775044812045     
  0.63215663685750734     
  0.65400301902109492     
  0.63602114456857828     
  0.64151181040107808     
  0.64079474446313334     
  0.64893159373845888     
  0.63038595856503721     
  0.64258657145147302     
  0.62109436744268576     
  0.63724876335123470     
  0.63894168540715046     
  0.64060750292600299     
  0.63384929994671324     
  0.64248303106156091     
  0.64323532068904754     
  0.64316657692367485     
  0.60586260072783438     
  0.62946864823660387     
  0.63190952409532075     
  0.64361473318312734     
  0.61551215046806274     
  0.63107330261688099     
  0.61628570634406232     
  0.61824756528325064     
  0.62137301723436977     
  0.65034836656260708     
  0.64262820143578092     
  0.63885400478218135     
  0.63684436121466925     
  0.63633148704999920     
  0.63874730422839221     
  0.65454916181642342     
  0.64583484224871757     
  0.62907790154436583     
  0.60393889261646827     
  0.62641479803237121     
  0.60011157154049843     
  0.63157821593933927     
  0.63303083136342042     
  0.63083094248099769     
  0.63339629371238360     
  0.63823879391840821     
  0.63986547573687713     
  0.61962179836902243     
  0.62839662429587173     
  0.62610015185770218     
  0.61899950366084178     
  0.63002004684878221     
  0.62695583133330912     
  0.62970885540874422     
  0.64036505619875628     
  0.63217752792147197     
  0.61892537041061413     
  0.61823696907871517     
  0.61814128985687489     
  0.64082760988999110     
  0.63617579385198475     
  0.62589158710760362     
  0.63515646826729333     
  0.62606110909431989     
  0.62766762669962239     
  0.61027350949278880     
  0.63324728111380990     
  0.63878946354617316     
  0.63043698860488018     
  0.62221589274253342     
  0.62772441891781783     
  0.63589197915552875     
