   1.0000000000000000     
  0.16588451631672202     
  0.16060727874568526     
  -1.9888320100578481E-002
 -0.10354538332722855     
  -5.0367790107943801E-003
  -7.8589900723891715E-002
  -2.4858559606457709E-002
  -7.5445718899796579E-002
   4.3097419338294120E-002
  -5.2653880659871317E-002
   6.4255632064276714E-003
  -8.2117524550161275E-002
  -8.0497838033784394E-002
  -7.2325793860434348E-002
  -7.7738938999035334E-002
  -8.2238087122308498E-002
  -2.0069323306535224E-002
   2.3282667043271827E-002
 -0.14138103331030116     
  -8.9056330142413959E-002
 -0.21142604294853118     
  -2.1230468119399572E-002
   2.3369615820218018E-002
  0.10725178617843098     
  -8.9148901903919869E-005
   8.9395309585712460E-004
  -8.2503159539803583E-002
   1.4893178284296218E-002
   1.5831688296221971E-002
  -2.8652321481921077E-002
  0.17571649764431849     
   5.5098714129018588E-002
  0.15828042723361668     
   8.8799664609943749E-002
   7.1862351482999423E-002
  0.21432634165285322     
  -7.6396874887956934E-002
  -1.7967116324782113E-002
  -9.9694850645757806E-003
  -5.1094037955954231E-003
   6.7373926692676042E-002
   3.0380606557331533E-002
  -3.0564345573280928E-003
  -2.2114277910650678E-003
   8.9046126935377729E-004
  -3.0885188387891175E-002
 -0.14847442583530682     
  -6.1983209390095467E-002
 -0.16545111795062337     
 -0.10683484193432753     
 -0.16545111795062342     
  -6.1983209390095481E-002
 -0.14847442583530684     
  -3.0885188387891168E-002
   8.9046126935377458E-004
  -2.2114277910650917E-003
  -3.0564345573281136E-003
   3.0380606557331491E-002
   6.7373926692676070E-002
  -5.1094037955953702E-003
  -9.9694850645758032E-003
  -1.7967116324782078E-002
  -7.6396874887957003E-002
  0.21432634165285322     
   7.1862351482999409E-002
   8.8799664609943749E-002
  0.15828042723361668     
   5.5098714129018657E-002
  0.17571649764431854     
  -2.8652321481921088E-002
   1.5831688296221946E-002
   1.4893178284296210E-002
  -8.2503159539803625E-002
   8.9395309585712319E-004
  -8.9148901903919503E-005
  0.10725178617843108     
   2.3369615820218029E-002
  -2.1230468119399572E-002
 -0.21142604294853118     
  -8.9056330142413945E-002
 -0.14138103331030127     
   2.3282667043271851E-002
  -2.0069323306535235E-002
  -8.2238087122308498E-002
  -7.7738938999035320E-002
  -7.2325793860434265E-002
  -8.0497838033784422E-002
  -8.2117524550161275E-002
   6.4255632064276749E-003
  -5.2653880659871317E-002
   4.3097419338294141E-002
  -7.5445718899796552E-002
  -2.4858559606457751E-002
  -7.8589900723891715E-002
  -5.0367790107943749E-003
 -0.10354538332722854     
  -1.9888320100578498E-002
  0.16060727874568520     
  0.16588451631672207     
