  0.19148239814074450     
  0.17795160569952531     
  0.19998383643302337     
  0.18071947019714174     
  0.19891500636363671     
  0.19773449653269737     
  0.19689720219183279     
  0.15959853658339787     
  0.18284866889306511     
  0.19307225675674580     
  0.19692334960050784     
  0.18571623919099733     
  0.18785422337816773     
  0.19272658606973239     
  0.22646126235467837     
  0.19266838388579283     
  0.21544303842647911     
  0.19748842432401753     
  0.20339113775869436     
  0.19174122970972526     
  0.17004816467706049     
  0.19200147949211965     
  0.19493366929830169     
  0.21391679604274511     
  0.17827101561142464     
  0.20095024270215803     
  0.21168161971761679     
  0.18503622607303491     
  0.17777539888342367     
  0.20653555479030408     
  0.19215909201429551     
  0.19377985712652157     
  0.22585226826089030     
  0.17118998437330996     
  0.19803416882710140     
  0.19697394243599173     
  0.19517986729579850     
  0.18471978682199414     
  0.18242064420181334     
  0.18509998646130893     
  0.18251002009450629     
  0.19616556097658608     
  0.18925113077161554     
  0.20017901222831022     
  0.17805481975008747     
  0.19933928732046774     
  0.19046471108105462     
  0.19456185380276625     
  0.20755042941493845     
  0.19928386227805431     
  0.18304447175872962     
  0.20026548046079479     
  0.18037627567756107     
  0.18824748348039164     
  0.18657439460036870     
  0.18942615297165682     
  0.17793207494294694     
  0.20417302911955831     
  0.19607722207691863     
  0.20159384264902475     
  0.18839365306383554     
  0.20090477314254776     
  0.20078217931349282     
  0.17449775150153954     
  0.19625272212402523     
  0.20430471827313498     
  0.18474620012784504     
  0.17556535422959563     
  0.16270320240179834     
  0.20564074049899653     
  0.19996880822928995     
  0.19168328381575289     
  0.19734730565153641     
  0.19458841314023237     
  0.20119217798870720     
  0.18417446682066563     
  0.19391407488375453     
  0.18186334155956596     
  0.19241499830789999     
  0.17994974032861863     
  0.18434650309713788     
  0.17189690824248244     
  0.20103938075298541     
  0.19843662502740786     
  0.18487999125604224     
  0.17922438817289374     
  0.19899637864104527     
  0.18736395103485690     
  0.17298478529756112     
  0.20189935595322422     
  0.18888984347955853     
  0.17788460487287508     
  0.19073975833249029     
  0.17465219149384048     
  0.18071860165045664     
  0.19076797923482466     
  0.23122203770807756     
  0.19203177345523503     
  0.17293499263365383     
  0.17573131358247188     
