   1.0000000000000000     
  -2.4206263672443668E-003
   2.3837333045093775E-002
   2.7357910533754630E-002
 -0.13562353145780598     
   5.5679008780425997E-002
 -0.15650426320771055     
   3.4965476248918792E-003
   3.1202684113309238E-002
  -3.3404375039543618E-002
  0.13241286097945862     
   4.7276971717252593E-003
  0.14251296660964324     
  -2.2888814526424103E-002
  -1.8305267037846965E-002
   2.7211320608094544E-002
 -0.11994538740283085     
  -4.9313921517558069E-002
  -9.8608951885995402E-002
 -0.12701503263399999     
  -4.5143675484606106E-002
  -8.2840055467356774E-002
   8.2547973821473580E-002
   1.5679775908668939E-002
  -3.7453960574323639E-002
   9.5979187442529562E-002
 -0.14701067639247178     
 -0.13469233855979318     
   6.5389504347407007E-002
  -6.8853719319557319E-002
   3.6608812769214329E-002
 -0.15866304517481195     
  -9.5743981365055533E-002
   4.1910273158304284E-002
   1.9020245735760135E-002
  -2.9745201830191563E-003
 -0.15023910900720447     
   8.5799979878273841E-002
  0.19162107039916595     
 -0.16582492975469024     
   3.9668550250527082E-002
 -0.10102679040682556     
   8.5887867684548411E-002
  -3.8947940678376487E-002
   2.7025678589451572E-002
  0.14217294557997526     
   1.4908837386959915E-002
  0.12665163838802809     
   1.1499266828231883E-002
  -9.6513700756463552E-002
  0.11829735313319627     
  -9.6513700756463552E-002
   1.1499266828231882E-002
  0.12665163838802815     
   1.4908837386959873E-002
  0.14217294557997523     
   2.7025678589451600E-002
  -3.8947940678376453E-002
   8.5887867684548411E-002
 -0.10102679040682547     
   3.9668550250527103E-002
 -0.16582492975469032     
  0.19162107039916584     
   8.5799979878273952E-002
 -0.15023910900720433     
  -2.9745201830191420E-003
   1.9020245735760118E-002
   4.1910273158304312E-002
  -9.5743981365055575E-002
 -0.15866304517481203     
   3.6608812769214322E-002
  -6.8853719319557374E-002
   6.5389504347407007E-002
 -0.13469233855979318     
 -0.14701067639247165     
   9.5979187442529576E-002
  -3.7453960574323673E-002
   1.5679775908668942E-002
   8.2547973821473580E-002
  -8.2840055467356760E-002
  -4.5143675484606086E-002
 -0.12701503263400010     
  -9.8608951885995388E-002
  -4.9313921517558014E-002
 -0.11994538740283087     
   2.7211320608094513E-002
  -1.8305267037846983E-002
  -2.2888814526424089E-002
  0.14251296660964324     
   4.7276971717252498E-003
  0.13241286097945865     
  -3.3404375039543618E-002
   3.1202684113309256E-002
   3.4965476248918913E-003
 -0.15650426320771049     
   5.5679008780425990E-002
 -0.13562353145780601     
   2.7357910533754640E-002
   2.3837333045093726E-002
  -2.4206263672443677E-003
