  0.26694921718985132     
  0.26767047976263864     
  0.26197530844789430     
  0.26684735485592559     
  0.27658015525517360     
  0.26789313695680994     
  0.26865331172575524     
  0.27341281738593654     
  0.26339066289909174     
  0.25892795104125199     
  0.27213571325164904     
  0.27794691648694814     
  0.26948324061783152     
  0.26263182746366576     
  0.26704930001096161     
  0.24233915877252099     
  0.27451132394263950     
  0.27894188873136783     
  0.28192165707184658     
  0.27021827060225811     
  0.26027867706687352     
  0.24227053034596926     
  0.24956296515035808     
  0.29104175666829907     
  0.26569286142143478     
  0.25835779778617812     
  0.26089472228420818     
  0.25146306363874404     
  0.26604472347178149     
  0.28004452977620509     
  0.24856642790308586     
  0.24944897289894741     
  0.27903501903776029     
  0.26545904413606830     
  0.26024590785351431     
  0.27485520450796724     
  0.28404221478075392     
  0.26421897850165277     
  0.25628202709838505     
  0.25592830705146918     
  0.25751538862394480     
  0.27675786979197359     
  0.24479114983621991     
  0.24797443653545304     
  0.26673693352078270     
  0.28401186466370293     
  0.27649613413527696     
  0.24635685303716415     
  0.27038003027028612     
  0.24473378645290586     
  0.26295520907050751     
  0.25654663968957991     
  0.25331006363975062     
  0.24838255957374053     
  0.26556879657966298     
  0.23641447791958206     
  0.24297351373027587     
  0.27233127882936403     
  0.25747645086384935     
  0.27050388155411975     
  0.23504312782746603     
  0.26461885988845879     
  0.26258455848052464     
  0.24260849718193675     
  0.27568029996000143     
  0.26156820869062875     
  0.25839266512855186     
  0.24614932432405337     
  0.26639948414850390     
  0.24024519805356773     
  0.25351558371366473     
  0.26296658809235191     
  0.27454853514202932     
  0.28556599660839943     
  0.25690592883129992     
  0.24851908775170611     
  0.25744691685163396     
  0.26774778490057810     
  0.24746811354818649     
  0.26221228794301749     
  0.29055196819228518     
  0.24727380071573185     
  0.27529839580609372     
  0.27099168139349494     
  0.23294800414788408     
  0.24801697080521343     
  0.24810617498905674     
  0.24840581847067597     
  0.26540528430986182     
  0.26991749433420298     
  0.26186521155968284     
  0.26242432505590596     
  0.26645606190402232     
  0.28181798127432839     
  0.25574443197413466     
  0.22795571953938451     
  0.26140545623589778     
  0.26072867255058724     
  0.28871166420158034     
  0.25451289278388173     
