   1.0000000000000000     
 -0.10918892384042971     
  0.15237594904490950     
  0.15318975388227288     
  -2.9229664052786196E-003
   5.8163688585288510E-002
  -2.8737483160810848E-002
  0.18680516643877101     
  -5.1022491234085886E-002
  -6.4092351278752777E-002
  0.24601375075228790     
  -5.5656127380336057E-003
  -2.6755091229675110E-002
   4.6465827650314311E-002
 -0.21443763216141729     
  -8.3266516186079401E-002
 -0.21636532857030175     
  -4.3225492135669633E-002
  -9.9104526389479069E-003
 -0.33667317720588136     
   8.7167515839429097E-002
  -1.3428186011576800E-002
   6.4427921542555945E-003
  -3.0990147278044333E-002
  -2.4616539536689640E-002
 -0.10769785788072617     
 -0.16949635951183115     
   4.8716542726150801E-002
   7.6710387611444983E-002
 -0.11533947037051992     
  -4.0010226523484627E-002
   7.5649489338263515E-002
 -0.13071131548528328     
  0.19826776206203608     
   3.7640303754007870E-002
   4.6747396570146135E-003
  -2.6918503539646189E-002
  -3.7474913176366309E-002
   5.6933627197885292E-002
  -6.8532367116671267E-002
  -2.9386881011785909E-002
   4.2365978299539787E-002
 -0.10550031148647583     
   5.8694483634905453E-002
   1.9492686273144821E-002
  0.14706729034805685     
  -2.0774341455640759E-002
  -4.7180897208244352E-002
  -4.4437257063629165E-002
   1.0409467859100272E-002
  -1.7176219334198863E-002
   1.0409467859100321E-002
  -4.4437257063629165E-002
  -4.7180897208244338E-002
  -2.0774341455640770E-002
  0.14706729034805682     
   1.9492686273144839E-002
   5.8694483634905439E-002
 -0.10550031148647575     
   4.2365978299539794E-002
  -2.9386881011785916E-002
  -6.8532367116671308E-002
   5.6933627197885313E-002
  -3.7474913176366274E-002
  -2.6918503539646133E-002
   4.6747396570145953E-003
   3.7640303754007835E-002
  0.19826776206203617     
 -0.13071131548528325     
   7.5649489338263515E-002
  -4.0010226523484620E-002
 -0.11533947037051999     
   7.6710387611444941E-002
   4.8716542726150787E-002
 -0.16949635951183115     
 -0.10769785788072617     
  -2.4616539536689633E-002
  -3.0990147278044299E-002
   6.4427921542555989E-003
  -1.3428186011576790E-002
   8.7167515839429097E-002
 -0.33667317720588114     
  -9.9104526389479433E-003
  -4.3225492135669598E-002
 -0.21636532857030172     
  -8.3266516186079359E-002
 -0.21443763216141726     
   4.6465827650314359E-002
  -2.6755091229675124E-002
  -5.5656127380335867E-003
  0.24601375075228799     
  -6.4092351278752790E-002
  -5.1022491234085886E-002
  0.18680516643877096     
  -2.8737483160810842E-002
   5.8163688585288517E-002
  -2.9229664052786196E-003
  0.15318975388227291     
  0.15237594904490950     
 -0.10918892384042971     
