  0.12057260424786198     
  0.10883379144272672     
  0.11011753980478094     
  0.12047298937611821     
   8.9994143101599144E-002
  0.10964501703598109     
   9.2418805670364285E-002
  0.10638417775046628     
   9.9187658862872272E-002
   9.6402505087452003E-002
  0.10027012015088121     
  0.10452210170220776     
  0.11548525976653974     
  0.11743676771754333     
  0.10547018083303905     
  0.10060663965434273     
  0.11048044527502832     
  0.10300016112615312     
   7.1704463270323412E-002
   9.6853755446212719E-002
   8.7004629560146984E-002
  0.11806175740741975     
  0.11551472725093732     
  0.11032296789135257     
   8.0669041046546375E-002
  0.10734122201076857     
   9.4187007772603665E-002
   9.0412825744515285E-002
  0.10468592173499444     
  0.11046140412122131     
  0.12422336105842714     
   9.7755756971435834E-002
  0.10463485779705921     
  0.11629076107866038     
   9.6145887821992265E-002
  0.10811564016187981     
  0.10627966619720211     
  0.12020314474910786     
  0.11924982411640744     
   9.9085003260532725E-002
  0.10920543636203506     
  0.11262267388853382     
  0.10375560828802100     
  0.12150774521246749     
  0.10686888630369334     
  0.11153309196562398     
   9.1005876833001681E-002
  0.11892910649402105     
   9.0259192612150374E-002
   8.8964554948525829E-002
   9.9534286417764059E-002
  0.10802676518090203     
   9.9084765110535239E-002
   9.6235198222011667E-002
  0.11551373917988332     
   7.7928163124715150E-002
   9.7063497285411804E-002
  0.11762360298301010     
  0.10676818595622786     
   9.2722254652283120E-002
  0.10377410727566323     
  0.12313245577558965     
   9.6482105122920367E-002
   8.2368747779334284E-002
  0.13472058139769830     
   9.8133940350134632E-002
  0.11776944072021210     
  0.11139926614500525     
  0.11073154110465000     
   9.6601245326207313E-002
  0.11178685454926883     
  0.10806546648290009     
   9.9294607328216475E-002
   9.6278488891291786E-002
   8.7454976666561851E-002
   9.7421193460397029E-002
  0.10571636262814578     
  0.11578923923007024     
  0.10171785999529065     
  0.11329115601778883     
   8.5308738652087046E-002
   9.2412201500420732E-002
   8.5305733097151878E-002
  0.10359589570873633     
   9.3854907116510913E-002
   9.6590781045502117E-002
   9.5492876223929338E-002
  0.11916191926017330     
  0.10160728559826486     
  0.10010621745178967     
  0.11152697662353971     
  0.12176711782701270     
  0.10027194376553113     
  0.10151509828577264     
   9.8118947727063865E-002
   9.6534556358273418E-002
  0.11248056743531366     
   8.4093746175285644E-002
   9.3783943547839727E-002
  0.10012080286805873     
