   1.0000000000000000     
  0.76590005316336718     
  0.61336619845484208     
  0.56408546217261057     
  0.53966531734822054     
  0.46576639186475244     
  0.38040128045372351     
  0.24513922240923294     
  0.16173345596232092     
   8.8536262640630761E-002
   5.8332306070942941E-003
 -0.10843048472654994     
 -0.20259766743986862     
 -0.24319132584878664     
 -0.28353150861282184     
 -0.35850340995270175     
 -0.46729864052951209     
 -0.51758995318402345     
 -0.53716443410885784     
 -0.50204857973598926     
 -0.44369259356245377     
 -0.43925360528025792     
 -0.42085881575270717     
 -0.36545798256281292     
 -0.33106387552261252     
 -0.27021866792654597     
 -0.28456209509291125     
 -0.22691950180078724     
 -0.19184399963006357     
 -0.17994983963763536     
 -0.20262017665596063     
 -0.13549510479642113     
  -6.2884399154193735E-002
  -9.5775899338052580E-003
  -3.3703208857197464E-002
  -7.5000275674100732E-003
   1.1482737101572472E-002
   6.6914361375990716E-002
   8.7190389660797493E-002
   5.6087603562831816E-002
   8.2468242996849350E-002
  0.11709714433660995     
  0.18870053360344213     
  0.19445671660388927     
  0.17865624614407549     
  0.20885452214637462     
  0.25507765800147481     
  0.29231993060927364     
  0.33217983655039846     
  0.29543303289754852     
  0.25722331440992735     
  0.29543303289754858     
  0.33217983655039840     
  0.29231993060927364     
  0.25507765800147481     
  0.20885452214637457     
  0.17865624614407535     
  0.19445671660388916     
  0.18870053360344216     
  0.11709714433661003     
   8.2468242996849433E-002
   5.6087603562831843E-002
   8.7190389660797590E-002
   6.6914361375990744E-002
   1.1482737101572509E-002
  -7.5000275674100636E-003
  -3.3703208857197527E-002
  -9.5775899338052545E-003
  -6.2884399154193749E-002
 -0.13549510479642116     
 -0.20262017665596063     
 -0.17994983963763536     
 -0.19184399963006354     
 -0.22691950180078715     
 -0.28456209509291130     
 -0.27021866792654592     
 -0.33106387552261241     
 -0.36545798256281287     
 -0.42085881575270728     
 -0.43925360528025792     
 -0.44369259356245372     
 -0.50204857973598938     
 -0.53716443410885784     
 -0.51758995318402368     
 -0.46729864052951231     
 -0.35850340995270180     
 -0.28353150861282173     
 -0.24319132584878664     
 -0.20259766743986860     
 -0.10843048472654997     
   5.8332306070942828E-003
   8.8536262640630789E-002
  0.16173345596232094     
  0.24513922240923292     
  0.38040128045372340     
  0.46576639186475255     
  0.53966531734822054     
  0.56408546217261069     
  0.61336619845484208     
  0.76590005316336718     
