  0.40347594809027465     
  0.39878254069016200     
  0.43458195522369497     
  0.44731200452892178     
  0.46493037753122829     
  0.42905032639906227     
  0.43926665650468671     
  0.44277192454914671     
  0.43128940572510849     
  0.42526245923842754     
  0.43685980848762945     
  0.42985139679306189     
  0.45976295249800481     
  0.41354455437488863     
  0.42456382678158738     
  0.43768103717767542     
  0.47083297167645610     
  0.45606542188717458     
  0.43455107304379376     
  0.43096684907901395     
  0.43640696143925056     
  0.43305087867915615     
  0.48233679637995436     
  0.45555528051550120     
  0.44793681668900781     
  0.45753469028673971     
  0.45722595467291000     
  0.45182915464777534     
  0.41938299441988131     
  0.43482263690692841     
  0.41931857817908247     
  0.43832462232873820     
  0.46761329219075276     
  0.47105941320035449     
  0.45087386763557147     
  0.47128781901274669     
  0.45648196544827935     
  0.43999757801900213     
  0.44108491385783810     
  0.44261255557246865     
  0.45017688741713646     
  0.47280218856575046     
  0.43141028304388568     
  0.49909823372185125     
  0.47683134410995320     
  0.46857432761822676     
  0.42521983196788593     
  0.41818913886678694     
  0.42540572145565542     
  0.42352099943192062     
  0.43629824890688496     
  0.44047980945815579     
  0.44209866675535636     
  0.39518794438140931     
  0.43325721715263638     
  0.43465476497091954     
  0.43558249311013303     
  0.44678395964359352     
  0.44647994787816592     
  0.44324204639604675     
  0.43475974890233671     
  0.44153581160616084     
  0.43207061304231953     
  0.44004848897257043     
  0.41904824573871552     
  0.43088323768782122     
  0.40182016058116343     
  0.41498336396902058     
  0.46053679417318794     
  0.43268984266635629     
  0.41773917699828217     
  0.45226554746057912     
  0.43264637971708941     
  0.45444996976758834     
  0.43233637421872190     
  0.45823878859970651     
  0.44626015881872000     
  0.40469024020750755     
  0.43915974062195878     
  0.43616179166919511     
  0.46369193049028329     
  0.44327049047788181     
  0.48628474682642581     
  0.48957357354226899     
  0.44155009444265647     
  0.50777311939286163     
  0.48455447747980324     
  0.46651727427453243     
  0.45254426837846462     
  0.46923431618829747     
  0.42905844253514536     
  0.42657031141925805     
  0.43793507396110876     
  0.42589650778825855     
  0.44162900074723166     
  0.44116068433273836     
  0.43888112609229457     
  0.44226031600598054     
  0.42637835288406989     
  0.41506187332984296     
