   1.0000000000000000     
  0.60054722364733359     
  0.35939950973246532     
  0.30020005810070233     
  0.27882592168052428     
  0.22305437190018704     
  0.14258711611875557     
  0.17670764780692014     
  0.22714470352968411     
  0.16475814261509147     
   4.8166886498023677E-002
   9.9251413614603132E-003
  -4.7714331093742117E-002
 -0.14611830786180596     
  -5.3866282316551627E-002
  -5.0548789477729970E-002
   2.9771422156187485E-002
   3.0421617226529647E-002
  -2.2506979633177735E-003
  -2.3297384970191043E-002
  -8.8144320788044656E-002
 -0.14711388348146254     
  -9.3015461359427301E-002
  -6.5700601566263298E-002
  -3.2320737204908065E-002
   6.2525771991943896E-002
   2.5896245995831593E-002
  -4.8015471377383524E-002
  -2.9311833144370424E-002
 -0.10042339444495198     
 -0.11893146834148059     
  -4.2344513951093413E-002
   2.5365943252746416E-002
   9.6614502729567578E-002
   4.1329940595720871E-002
   3.9410600339165353E-002
   2.3146815971133473E-002
 -0.10208179410056419     
 -0.18522600121467217     
 -0.11179443568317909     
 -0.12092408547041851     
 -0.10046520836789037     
 -0.14757376361798943     
 -0.18451174825062061     
 -0.21054917982202251     
 -0.26463921571598270     
 -0.31545843882122115     
 -0.21581622668659944     
 -0.17346540782544026     
 -0.12197621757281955     
 -0.12440076151565964     
 -0.12197621757281955     
 -0.17346540782544034     
 -0.21581622668659942     
 -0.31545843882122127     
 -0.26463921571598259     
 -0.21054917982202259     
 -0.18451174825062039     
 -0.14757376361798938     
 -0.10046520836789032     
 -0.12092408547041854     
 -0.11179443568317915     
 -0.18522600121467214     
 -0.10208179410056416     
   2.3146815971133491E-002
   3.9410600339165325E-002
   4.1329940595720878E-002
   9.6614502729567633E-002
   2.5365943252746367E-002
  -4.2344513951093399E-002
 -0.11893146834148059     
 -0.10042339444495206     
  -2.9311833144370532E-002
  -4.8015471377383448E-002
   2.5896245995831572E-002
   6.2525771991943924E-002
  -3.2320737204908148E-002
  -6.5700601566263311E-002
  -9.3015461359427412E-002
 -0.14711388348146240     
  -8.8144320788044600E-002
  -2.3297384970191012E-002
  -2.2506979633177770E-003
   3.0421617226529661E-002
   2.9771422156187423E-002
  -5.0548789477729963E-002
  -5.3866282316551779E-002
 -0.14611830786180585     
  -4.7714331093742089E-002
   9.9251413614603948E-003
   4.8166886498023649E-002
  0.16475814261509153     
  0.22714470352968394     
  0.17670764780692014     
  0.14258711611875555     
  0.22305437190018707     
  0.27882592168052428     
  0.30020005810070244     
  0.35939950973246532     
  0.60054722364733348     
