  0.38492898667646436     
  0.37182721986989548     
  0.37133256226749428     
  0.38039913467404285     
  0.38138042095282004     
  0.38441312780428882     
  0.40169062530547661     
  0.36542378700843725     
  0.36432735776920105     
  0.36737070318196119     
  0.37257119001930084     
  0.37615308459681945     
  0.37822028382870915     
  0.37240720239887537     
  0.40268245299786509     
  0.38762111525710663     
  0.38826640934281215     
  0.36895826812203086     
  0.35759202257135730     
  0.36877406285336456     
  0.37348745807421430     
  0.36440603459436860     
  0.37849479399911584     
  0.37953399168955115     
  0.38781984213040555     
  0.36667883299507342     
  0.37298737491139833     
  0.35789386575022880     
  0.38700143676308324     
  0.37132527635662088     
  0.38339460043191642     
  0.38188664574457731     
  0.39587487027725521     
  0.38481748768296614     
  0.39601536709233942     
  0.38286194239988652     
  0.37687107741620707     
  0.34676958140094633     
  0.39031647674905706     
  0.38572962875355571     
  0.39243002806143901     
  0.36687112345120643     
  0.39078737775043926     
  0.40798337014942682     
  0.39616689462671945     
  0.38963435569416882     
  0.36682521543201607     
  0.38303141359012660     
  0.40680852080367141     
  0.40488816229890473     
  0.42119378962490628     
  0.39706329569193421     
  0.40006585747236439     
  0.37820954105098281     
  0.38294083677421081     
  0.39539310708800424     
  0.37619411370239986     
  0.38410968958113212     
  0.36906845354189649     
  0.38064350272946434     
  0.37277670130329132     
  0.39970996121177754     
  0.40839081173408670     
  0.37576674056621973     
  0.38578512598516096     
  0.38983226200785664     
  0.36643214369987681     
  0.37013163986321362     
  0.39053569259096460     
  0.38511026205661258     
  0.36094509808925312     
  0.37000711183882912     
  0.40534625765367832     
  0.38238978533592005     
  0.39491649612354995     
  0.39478819187244607     
  0.38667684191195822     
  0.38862103343118587     
  0.38288642308986653     
  0.36129572378774549     
  0.37171779197907756     
  0.39541905602453536     
  0.39730385422495462     
  0.38272956419032156     
  0.36526480514533349     
  0.37634624798763194     
  0.36175881924887204     
  0.35429192609951943     
  0.36687628185434312     
  0.39277915890517923     
  0.36443338403259967     
  0.36809449621316853     
  0.37684055596843208     
  0.36089605356072918     
  0.36675635901400200     
  0.38970705830767777     
  0.36542225809644069     
  0.39643845626931479     
  0.38822892606575687     
  0.38426249720939842     
  0.37203662750789734     
  0.38318606731334359     
  0.37200241870010992     
  0.38508443820002247     
  0.36983123063482232     
  0.37255988612606572     
  0.38127105354539959     
  0.38797401669688036     
  0.35472165779010328     
  0.37441732772593195     
  0.36828310195877617     
  0.37066476535861470     
  0.36680340871212352     
  0.36801612031343184     
  0.39462715513350644     
  0.39271277849788022     
  0.38185135564859074     
  0.36243193947354957     
  0.37418326100555938     
  0.37690461782679718     
  0.35965707706260464     
  0.36752298931524763     
  0.37996057449535947     
  0.37833193277118954     
  0.38772980901621873     
  0.38160620885655377     
  0.38696234016164938     
  0.38672169946072099     
  0.39904796122551683     
  0.36628384561439475     
  0.35090551835798794     
  0.37130813530448492     
  0.38355442378340737     
  0.36996892159077627     
  0.34213705384108722     
  0.37587425127805230     
  0.37516960349674938     
  0.38462174520850884     
  0.38348734254017602     
  0.37071958334340011     
  0.40224954620268616     
  0.38020852974037017     
  0.37994144310585537     
  0.37622962415873451     
  0.34302462915362703     
  0.35684256131068398     
  0.37306340288368395     
  0.37851102548336946     
  0.38184966633290512     
  0.40525942938906151     
  0.40012823599415620     
  0.41438243061636071     
  0.40117905380296337     
  0.38085878183810712     
  0.40585094325936572     
  0.37480804975265286     
  0.37966688911513796     
  0.38027788733279927     
  0.38401155469009884     
  0.37464918611333198     
  0.36841049843984924     
  0.39597309257658192     
  0.36116127430202727     
  0.38402317689907678     
  0.37829279777302049     
  0.38355904189731349     
  0.37878622162659348     
  0.39674439566310099     
  0.38069549042604200     
  0.39197920471917119     
  0.39892778007990171     
  0.37936696766467931     
  0.37998109283211295     
  0.36711689405675219     
  0.38315707956675243     
  0.41323404952777626     
  0.40301739899677286     
  0.36752456521217108     
  0.37645327648315724     
  0.37329922288523709     
  0.36953379586853241     
  0.37158677906254467     
  0.37639259349857412     
  0.38428227169277285     
  0.39073677334402851     
  0.40620388620618514     
  0.39958959235612801     
  0.38361703791815110     
  0.38963312991848209     
  0.39065770023564561     
  0.39823144177606168     
  0.37456346697949999     
  0.37245491292532168     
  0.36683810906695175     
  0.34179893631985431     
  0.36237170254039830     
  0.37023532322861530     
  0.36762140338463400     
  0.38136882216436369     
  0.36774608919422236     
  0.37592908894972554     
  0.38928330889170254     
  0.38921660525027751     
  0.38902423535251540     
  0.37053733676800993     
  0.38173547042368661     
  0.38532555796621026     
  0.38197231124072445     
  0.37657394020532009     
  0.40007145989249937     
  0.40511809752362649     
  0.39438024594562515     
  0.36963998463377618     
  0.36567567118953975     
  0.39229228175265779     
  0.39330499860529156     
  0.37421094893709111     
  0.37180568085965782     
  0.34935560000763571     
  0.38708984602911850     
  0.38112177881938530     
  0.39758796700555654     
  0.39255181172545017     
  0.38477886607692313     
  0.39558783802847464     
  0.38601255490565256     
  0.39561383363780545     
  0.39915607157162591     
  0.42437819166713109     
  0.41080649769761785     
  0.39956383833838133     
  0.38977227853149110     
  0.36804994796230256     
  0.36874567066947345     
  0.35199599157550066     
  0.37217585956562904     
  0.37410587958022612     
  0.38448180028450546     
  0.38251146068205416     
  0.36540822631592640     
  0.35470558000647057     
  0.37240732367416857     
  0.39241076990244006     
  0.37501151988212311     
  0.35954836710721644     
  0.36069312585913793     
  0.37424308792591232     
  0.36556935699868259     
  0.38355441173687388     
  0.38831874540056988     
  0.39870432275936712     
  0.39275827582763767     
  0.38887073392906268     
  0.39919209762312968     
  0.39058807050076610     
  0.38203563465908902     
  0.38476224304357354     
  0.39492462084150604     
  0.37025159417597681     
  0.38040227602428767     
  0.39148989707706933     
  0.37818892056218001     
  0.37643389626838741     
  0.37607812595432621     
  0.36280102285548260     
  0.35538205121717431     
  0.37466124544926610     
  0.39484474034860212     
  0.37390947917349027     
  0.37141491928399567     
  0.37814396641115355     
  0.37427791970141167     
  0.39365483717467881     
  0.40341509157664923     
  0.41335441164959097     
  0.39673554909685715     
  0.38612531924689947     
  0.40376832175481497     
  0.39409354508470845     
  0.39419242960176143     
  0.39103774221294313     
  0.40763365794696726     
  0.37805459471723257     
  0.38598934470932955     
  0.37752218717310371     
  0.38590524148394550     
  0.37204676694045302     
  0.36322390126357779     
  0.39961442687812626     
  0.40860180913739452     
  0.38782549274605282     
  0.41286942881789518     
  0.38393380921255965     
  0.37605216220913640     
  0.37297150830181319     
  0.39818254762538519     
  0.37643341990953127     
  0.39255690863591092     
  0.37192560082057086     
  0.37433436972789180     
  0.38241862028112078     
  0.37769569133030301     
  0.38125394357709141     
  0.36305992453392133     
  0.39848476799622429     
  0.38698366246414961     
  0.36835307907156228     
  0.38968964730243555     
  0.37189120555069444     
  0.38067503641975092     
  0.39600369745336245     
  0.39660314253423301     
  0.38086624644872513     
  0.38579912652517173     
  0.37695185848525237     
  0.38027610658543615     
  0.38298991655047937     
  0.39392696315479642     
  0.37284725757211007     
  0.38642607568130932     
  0.39395635623158570     
  0.36065897654929086     
  0.37618256276202422     
  0.38429497469258250     
  0.38214660433684278     
  0.38173430276171783     
  0.36622771709542984     
  0.37776617081734659     
  0.35544384628399411     
  0.35597523006090942     
  0.35756580650164593     
  0.35156232162125062     
  0.36741946795126151     
  0.34901317529097386     
  0.37341577944032767     
  0.36500227011638797     
  0.38813387400284471     
  0.36861695468473232     
  0.36438663976608787     
  0.38797974267391561     
  0.38083821685860980     
  0.35685089946582083     
  0.37507999468902053     
  0.36490863096486592     
  0.35965057600374606     
  0.37693257562517773     
  0.37679961341216800     
  0.38692435489374050     
  0.40123107415919645     
  0.40394362328236100     
  0.40852615092771011     
  0.40788683449376384     
  0.37142551168497195     
  0.39057600874366821     
  0.37634533643126650     
  0.38551030175734313     
  0.39073021136347857     
  0.38638380167777425     
  0.36561503469964973     
  0.38398929364015033     
  0.39602984411173059     
  0.37546888814155782     
  0.39062512341965894     
  0.39287014404309639     
  0.39102585213192631     
  0.38241857899936965     
  0.37334072222371584     
  0.39627751772957998     
  0.37538500143845316     
  0.37901998461908648     
  0.39577274479298230     
  0.42087812388461798     
  0.39425526753739487     
  0.39845873281289296     
  0.39709011018618023     
  0.38441510158109421     
  0.36137667102615173     
  0.35628063650482711     
  0.37346664777084837     
  0.38895321407330291     
  0.38300918068964751     
  0.38427608157623133     
  0.38195179035265109     
  0.37775799512476266     
  0.36003175098127910     
  0.38075740438359407     
  0.37438683384726018     
  0.38254810839749803     
  0.40917730834378380     
  0.38916737735649731     
  0.37359440166641061     
  0.35434728206935501     
  0.37767546224442494     
  0.36081690754884121     
  0.36749287753213927     
  0.37102891823557738     
  0.36886899757982300     
  0.36056566841637100     
  0.34628644396142871     
  0.35497290469795628     
  0.36359115340780795     
  0.39357262943642379     
  0.38898494921592164     
  0.37126462289991652     
  0.38561771223970154     
  0.40898894265080599     
  0.39369599232952907     
  0.38575379499044760     
  0.37205661948648050     
  0.38640861444474467     
  0.40353675810716466     
  0.39663721424678350     
  0.37011861045240785     
  0.38826700570110007     
  0.37899293966525932     
  0.38910878674523536     
  0.37571971838382556     
  0.38266664826313923     
  0.36177501156383091     
  0.35206972711956691     
  0.35820196240953406     
  0.36427978701831121     
  0.37118595279930527     
  0.37720682578474940     
  0.37445073661357031     
  0.38897738056217246     
  0.37971629562589382     
  0.34202872458462497     
  0.36366507597122788     
  0.36730702321759950     
  0.38531429533751516     
  0.38496486610854469     
  0.38329603653058192     
  0.40226615393498333     
  0.39007005091204594     
  0.40039480655545734     
  0.38410608707402860     
  0.38374150053756628     
  0.37080739101076543     
  0.39009642326421762     
  0.38595586881187371     
  0.36997080807158855     
  0.38533324085893705     
  0.37895458374823249     
  0.36259336927530422     
  0.37472087936498577     
  0.37628162069605131     
  0.36494440775550413     
  0.37064192540714469     
  0.35440596806087160     
  0.34160986199568333     
  0.36000836039470202     
  0.37997637714078392     
  0.37147304937750003     
  0.37902645937239748     
  0.37250899742180943     
  0.38550784632166685     
  0.37254809199274180     
  0.37661586808361186     
  0.37266215425711641     
  0.36530555066801973     
  0.36402901610576910     
  0.36656753589493618     
  0.38937184312983436     
  0.36773292517246253     
  0.36415254422342036     
  0.38892986160356285     
  0.39882445943452016     
  0.37603426078369839     
  0.36566738051015185     
  0.39770778811232604     
  0.38440898694610887     
  0.41464998650266471     
  0.39483630878895393     
  0.39081843606451949     
  0.38399889068412330     
  0.37800033532802485     
  0.35290445840050555     
  0.35063224766227374     
  0.36092352738247802     
  0.37336195094013186     
  0.36377714462053723     
  0.37468432668916840     
  0.35248252456612111     
  0.37308925780834401     
  0.39415477283997497     
  0.39068584547274171     
  0.39590346837353491     
  0.37610330195775982     
  0.37476594857684759     
  0.39885415513193140     
  0.38174999878851934     
  0.38976439942059332     
  0.39216245441046338     
  0.37809703774746406     
  0.38014846457672391     
  0.36309218247636244     
  0.36755392352846222     
  0.38007327457073148     
  0.36614873094349198     
  0.33999749351880870     
  0.37503923838097331     
  0.37505434163102236     
  0.38096944177290187     
  0.39800642726981428     
  0.37867913026000727     
  0.40479033224993999     
  0.37815658946800040     
  0.36556467858895020     
  0.38735132724863702     
  0.37493014900391408     
  0.37042931185753591     
  0.38183606355323529     
  0.37281438182384979     
  0.36628200730575022     
  0.39082659978726975     
  0.37282042249695863     
  0.37051578479621411     
  0.38738841546395120     
  0.36439272118955479     
  0.38372413457589549     
  0.37350413974845181     
  0.37167571884179529     
  0.36982724605219353     
  0.38056579989278760     
  0.40837583647245618     
  0.39986866016501649     
  0.38958190378825741     
  0.39342524008242752     
  0.40467434663883844     
  0.39520721148087112     
  0.39644331303859559     
  0.39657516777384488     
  0.37066121205710900     
  0.36986199015085741     
  0.37924033416789321     
  0.37807614572491188     
  0.37876084099102847     
  0.35964610152699722     
  0.35728112359743291     
  0.35661730736115882     
  0.36257878490620549     
  0.39850377571610551     
  0.36141691790937452     
  0.37783764095700567     
  0.38798823948865940     
  0.36680918717815492     
  0.37041630900269445     
  0.39561016577699909     
  0.40300502459295046     
  0.43111874077145051     
  0.41733460201597328     
  0.39307877791941848     
  0.38840063264277269     
  0.38160296325086085     
  0.35875869173158026     
  0.38657279832554187     
  0.39253570990080494     
  0.37745945606311232     
  0.37099847176088563     
  0.38380676055568036     
  0.38171926644155413     
  0.38078394921914860     
  0.38697338659916386     
  0.36506410694612318     
  0.36608383280863116     
  0.37682040322121957     
  0.39227855769670383     
  0.39768475030663730     
  0.41142594454892967     
  0.39692298226417799     
  0.37974100965695490     
  0.37459443627345823     
  0.35815232239593953     
  0.37144667285932975     
  0.35682610479982535     
  0.39521055067369254     
  0.38044057792906161     
  0.38140188673581626     
  0.35683376537359973     
  0.36422860697860326     
  0.36401695934039180     
  0.37769159198322422     
  0.39098490822159743     
  0.36929433275723200     
  0.36869846465159406     
  0.38315985715045220     
  0.39782949969251441     
  0.41121907609080666     
  0.40711894041131103     
  0.39959948554954405     
  0.39122239576709616     
  0.41841809433767546     
  0.40026092797321577     
  0.38350720246220787     
  0.41446321421155408     
  0.38874417893939112     
  0.39652230472803196     
  0.39133633271463492     
  0.38956842355164817     
  0.39668027869063771     
  0.36860423543012633     
  0.37221175256507960     
  0.37205812943329791     
  0.38663768782731439     
  0.39131724173150556     
  0.36625585099268060     
  0.37449952298046435     
  0.37969649249164983     
  0.37143134035828090     
  0.40172702891685175     
  0.38546306256943352     
  0.38737464159789747     
  0.40222952505118409     
  0.37425213457496731     
  0.35961079841067578     
  0.38120252959071027     
  0.38356173587850972     
  0.38574452866959541     
  0.37049908660356445     
  0.38722839789851421     
  0.40249802330353357     
  0.39481523774840910     
  0.39486299398761660     
  0.38539190178843974     
  0.36638694847974285     
  0.36735447569127933     
  0.39730789087326362     
  0.38071079856245699     
  0.35457795992161711     
  0.33563363512280459     
  0.36396641828672516     
  0.35793423437299587     
  0.36455688042477186     
  0.37168489412621114     
  0.35583750867214675     
  0.37158724702820772     
  0.36458910164480973     
  0.36678933128795776     
  0.37630259245395742     
  0.39149975676161319     
  0.39310496766864234     
  0.40583005301817038     
  0.39589568791559576     
  0.39441660968528353     
  0.37012989054122403     
  0.37133919601283283     
  0.38449256279134203     
  0.40406328276038400     
  0.39329842184071490     
  0.39447367031828051     
  0.36302677189172600     
  0.37691743503228436     
  0.38486381984376000     
  0.38085791079524572     
  0.37314635602904422     
  0.36176484682261473     
  0.36848718555497767     
  0.38141279880779894     
  0.36269205840168067     
  0.36860104369638846     
  0.38028849795561093     
  0.38423580116834349     
  0.37351898631750691     
  0.37738698589657549     
  0.38124338321548190     
  0.36174147893815545     
  0.36259063667865493     
  0.37801721186610571     
  0.36295707462468196     
  0.36021722216784247     
  0.38037606023234777     
  0.37138361770880562     
  0.37129612426373843     
  0.36802251244365358     
  0.36631486416975195     
  0.38906874844779271     
  0.36968026372545315     
  0.34519161292573797     
  0.36287576546751293     
  0.37312677302759556     
  0.35614342247674474     
  0.37020744446672871     
  0.36729037456086527     
  0.37206172923035502     
  0.36267800406842371     
  0.37318451890083110     
  0.39185519909570898     
  0.41487988544199284     
  0.36716065348342031     
  0.39126452735044148     
  0.37697142137372525     
  0.36734501127593289     
  0.36532257461216622     
  0.38821223820237510     
  0.40994583847458865     
  0.40269386955223541     
  0.35931847605024125     
  0.39851347511254609     
  0.38937140486168109     
  0.38525434221238719     
  0.36450786253703588     
  0.38298945557157027     
  0.40291347548824274     
  0.39058734504192288     
  0.38809427232679772     
  0.38406418905421352     
  0.39269956408577195     
  0.41009369917814642     
  0.38723397314997593     
  0.39308251197390642     
  0.39026532035504619     
  0.40213400128432975     
  0.38502040995544579     
  0.39177427565851475     
  0.38993959190806232     
  0.40206602700866828     
  0.39579167806747945     
  0.37686710735834472     
  0.40035249960031577     
  0.39202520730693313     
  0.36584381203264082     
  0.34538895894118232     
  0.33949162369756486     
  0.37794252429032404     
  0.36603461549501465     
  0.37064305408474901     
  0.37507366635112999     
  0.38999395704486972     
  0.38899770376332488     
  0.34457868622147048     
  0.38368646396373357     
  0.39529628631191255     
  0.39530866478268906     
  0.44672988947315129     
  0.41667443145351651     
  0.40177477286020352     
  0.38927583615165018     
  0.41413060386086170     
  0.40932572184811100     
  0.38815193609209425     
  0.40699207421997580     
  0.38468912268586680     
  0.41111808191119803     
  0.40744506398448344     
  0.39565147798552902     
  0.40251423603821657     
  0.38088921741291465     
  0.38957964336317419     
  0.39789307037576788     
  0.36393984858129302     
  0.34712366337682365     
  0.39247087576643747     
  0.39736516149158341     
  0.39543726501730381     
  0.40867510890871239     
  0.40443426911406977     
  0.41396428490247461     
  0.39210796620869326     
  0.39051228913259051     
  0.39586011585561970     
  0.39435920286371495     
  0.39512190475173481     
  0.37046917165580012     
  0.37453833356217137     
  0.36177173994412881     
  0.36577442921599496     
  0.36253972153957065     
  0.36094625315895662     
  0.37313278721543602     
  0.39060473173481558     
  0.38846999127131987     
  0.37683208599388301     
  0.37955233881638689     
  0.38855126803318002     
  0.37970173769937859     
  0.36143641160250728     
  0.36328162203407049     
  0.36476119462924333     
  0.38202436453917105     
  0.38095183852995967     
  0.36647416796494570     
  0.38236474240799234     
  0.35593894306697849     
  0.37210258610177965     
  0.36099606119645195     
  0.36339288374259432     
  0.37370314997428611     
  0.38011615634712148     
  0.38205069089474997     
  0.38382756400972368     
  0.40306878047986933     
  0.39669957519917209     
  0.39081275291543005     
  0.37608891429428787     
  0.38608145420680717     
  0.35164721623883832     
  0.36422839164332960     
  0.36671055891392418     
  0.39472860229967743     
  0.39279756674540650     
  0.39801237154254632     
  0.38839475336769802     
  0.37772728516046811     
  0.37769024431829873     
  0.38797301627377384     
  0.36934970121230781     
  0.38679870526059579     
  0.36448357195299796     
  0.40493877381656046     
  0.38386108506443173     
  0.37809934298540693     
  0.36046348321554011     
  0.36505204598755653     
  0.37187695693822975     
  0.37881063346621990     
  0.38483414258126125     
  0.39669007806937329     
  0.39198508545769289     
  0.38616255027551327     
  0.40695509099728672     
  0.41059974593455251     
  0.38772236977998470     
  0.36696304714865796     
  0.39715237933192737     
  0.40133073251858092     
  0.37319585260694738     
  0.37610686184713499     
  0.39232683136977992     
  0.39369219920900028     
  0.39323279065237143     
  0.36148237403531125     
  0.34862138180004398     
  0.34989888057497676     
  0.38028065403012823     
  0.39147140065063296     
  0.38621933693754312     
  0.36864097246915956     
  0.36200738133118543     
  0.38026899603001346     
  0.35232815887201396     
  0.34753108467299859     
  0.37046980915528066     
  0.36099408052982573     
  0.38221844683571865     
  0.38097087137492791     
  0.37686625128949086     
  0.35654732739350653     
  0.36138165391581856     
  0.34660208672122050     
  0.35914443931908918     
  0.38070995967230609     
  0.36380220812271141     
  0.36886061943474535     
  0.35131306315478306     
  0.35175272471037733     
  0.37112510706731500     
  0.35454980336347441     
  0.37712845233978359     
  0.35292551060393351     
  0.36323019073595375     
  0.36189569020999096     
  0.38568187744027194     
  0.38651189666203706     
  0.39350199314177492     
  0.39211153904888896     
  0.36088238304673181     
  0.36083223461621727     
  0.37383803249748199     
  0.38342409182925180     
  0.39323193808955897     
  0.38836174141414193     
  0.36613077615457845     
  0.38855629394245961     
  0.38159435982315904     
  0.38318962282135904     
  0.41407236545870996     
  0.39709795252613089     
  0.40413783623783295     
  0.41097344741267050     
  0.41321676529598250     
  0.38380744445763154     
  0.40031238924596441     
  0.38357643647736250     
  0.39442158526290483     
  0.39727082329165880     
  0.40107102717295318     
  0.40569515092398811     
  0.38656063294909065     
  0.39457847776207222     
  0.39267324495573136     
  0.39874738391233844     
  0.38710771051556259     
  0.35584348029912372     
  0.37082828302917836     
  0.36621104173090763     
  0.35907091937266905     
  0.35459383760365248     
  0.37960886859604831     
  0.38128240560187060     
  0.38961490564003493     
  0.37740223006852569     
  0.37334140610015537     
  0.36008378704051874     
  0.36780876835216769     
  0.38869130577390704     
  0.39258182216562004     
  0.37735948093008892     
  0.37567555402434721     
  0.35330299247210362     
  0.38482475581374354     
  0.35927785605406676     
  0.36428313960993036     
  0.37825037021127383     
  0.35831627536652350     
  0.38505245411229427     
  0.40474176959987063     
  0.40019534695329712     
  0.40897578119658701     
  0.40616901327396221     
  0.39477063721454042     
  0.38150848253689551     
  0.40935664467741856     
  0.39617402588575340     
  0.38384113560863242     
  0.39323022436698996     
  0.39936475545588090     
  0.39463693404955297     
  0.42563129943486672     
  0.40894685339240755     
  0.39883264933617157     
  0.39075962234727640     
  0.37868289596104865     
  0.40207754529007422     
  0.40358847094695149     
  0.39952872801485029     
  0.39584258428049063     
  0.36741041998922963     
  0.37765374745376962     
  0.37637797944888030     
  0.38822805962694074     
  0.35118956573656818     
  0.37790634197027867     
  0.37939005864049402     
  0.37274961773253001     
  0.39269696694593775     
  0.39193350580252362     
  0.39140199452339969     
  0.40504260484849935     
  0.36297218405762866     
  0.36510925589113857     
  0.37354644546166149     
  0.37638030316944643     
  0.38374013350173908     
  0.39654239710256950     
  0.41190510912703421     
  0.41319562095953927     
  0.40224450293199032     
  0.38208957046631131     
  0.39754260064627200     
  0.36596980862228023     
  0.39130854861586661     
  0.39267751017580077     
  0.37030141948706613     
  0.37610335634907704     
  0.35829737600531264     
  0.36028393182029700     
  0.37129946665817776     
  0.36801094441808141     
  0.37095733899599170     
  0.38991865149489935     
  0.36125437943769895     
  0.37226138875574399     
  0.36906126420526064     
  0.38406180712657217     
  0.39478057766273300     
  0.40005450606897264     
  0.39889726601638359     
  0.37418086003778855     
  0.37057110045171127     
  0.39040887530664958     
  0.40301843259104397     
  0.39769024071148534     
  0.37923054161298464     
  0.38440961578371630     
  0.37773050268103026     
  0.39321870126389791     
  0.38013041578138207     
  0.38905884079015296     
  0.38631738159306483     
  0.40204306102483850     
  0.41615116993136281     
  0.41617588024426022     
  0.37476680463738288     
  0.37952119096530823     
  0.37770204722589490     
  0.37449799723933574     
  0.36723902928729202     
  0.36897546246351820     
  0.37780533040590958     
