   1.0000000000000000     
  0.17230661366303965     
  -7.2701855269872426E-002
 -0.27920756523677326     
 -0.13452425169291005     
  0.14453068214163464     
   6.4635942988551520E-002
   4.8953548298958462E-002
  -9.0276366219917192E-002
  -2.3556551888673744E-002
   6.6011814673078623E-002
  -5.7141517354188341E-003
  -9.7207616179230197E-002
 -0.13721655915815281     
   1.3903253652933007E-002
   1.0732754893790794E-002
  0.11106976200677984     
  -2.2780306435436437E-002
  -1.9107547439651630E-002
 -0.16848010626071200     
  -4.3524141725175949E-002
 -0.18848490764379661     
  -6.7673305964164945E-002
   5.7340321201824293E-002
  -1.1797608670838925E-002
  0.11469144822613180     
   3.9156881677868988E-002
   6.3182658350050880E-002
  -8.1417129297417009E-003
 -0.11675187204457210     
   2.3545636927040488E-002
 -0.11169212345061896     
   7.8912883965982200E-002
   3.8677517283734503E-002
   3.9418829199314352E-002
  0.10221553694846724     
   4.5233137559318064E-002
   2.9690281406825642E-002
  -8.9942725486220051E-002
 -0.11186420814445246     
   8.3308413235909616E-003
  0.12201320101955727     
  0.24680938730052632     
  0.18885004805666950     
 -0.14868945841182962     
 -0.27570151399293302     
 -0.11868800678764262     
   5.8284664416628329E-002
  0.11849635246800730     
  -9.0749002678697815E-002
 -0.14504106840574257     
  -9.0749002678697760E-002
  0.11849635246800726     
   5.8284664416628350E-002
 -0.11868800678764262     
 -0.27570151399293286     
 -0.14868945841182951     
  0.18885004805666947     
  0.24680938730052621     
  0.12201320101955725     
   8.3308413235909581E-003
 -0.11186420814445254     
  -8.9942725486219996E-002
   2.9690281406825635E-002
   4.5233137559318029E-002
  0.10221553694846722     
   3.9418829199314380E-002
   3.8677517283734530E-002
   7.8912883965982172E-002
 -0.11169212345061905     
   2.3545636927040526E-002
 -0.11675187204457210     
  -8.1417129297417026E-003
   6.3182658350050949E-002
   3.9156881677869008E-002
  0.11469144822613185     
  -1.1797608670838950E-002
   5.7340321201824244E-002
  -6.7673305964164987E-002
 -0.18848490764379658     
  -4.3524141725175949E-002
 -0.16848010626071186     
  -1.9107547439651658E-002
  -2.2780306435436420E-002
  0.11106976200677977     
   1.0732754893790773E-002
   1.3903253652932991E-002
 -0.13721655915815281     
  -9.7207616179230127E-002
  -5.7141517354188220E-003
   6.6011814673078636E-002
  -2.3556551888673786E-002
  -9.0276366219917206E-002
   4.8953548298958482E-002
   6.4635942988551520E-002
  0.14453068214163461     
 -0.13452425169290994     
 -0.27920756523677331     
  -7.2701855269872440E-002
  0.17230661366303965     
