  0.30950415537807408     
  0.32433440336378405     
  0.29324979269130180     
  0.30183310063128976     
  0.30634390576949189     
  0.30639610593842076     
  0.30484161189218045     
  0.31291682909576968     
  0.31736914789511073     
  0.29251786802888585     
  0.32646059800961064     
  0.30629088999240650     
  0.30198266403275692     
  0.30326447220974939     
  0.30608453879034009     
  0.30734465797252997     
  0.31731130624363385     
  0.31352320970372433     
  0.31123764313374874     
  0.30911161701550732     
  0.29631630492969568     
  0.31209212101834460     
  0.29641672169756600     
  0.31001754708455703     
  0.29933798817881879     
  0.28822765261514210     
  0.30884604441782804     
  0.29518363781831075     
  0.33282962273031819     
  0.31616782634440149     
  0.31156895479601682     
  0.30169459300443069     
  0.29688358595972553     
  0.30763687864863209     
  0.32389637477579170     
  0.30197491433777812     
  0.30875128293740883     
  0.31855139297488272     
  0.31008967193815229     
  0.28555978357621248     
  0.30299582508258482     
  0.30493455095409688     
  0.30803011635563216     
  0.32739925390735158     
  0.33616587362265410     
  0.30175712165540963     
  0.29245233264728737     
  0.30292328255815759     
  0.28996250138777541     
  0.29653494365616273     
  0.28711958509219154     
  0.30969941430632508     
  0.31414644002004283     
  0.31436751941921176     
  0.31486941837451721     
  0.30989718485579809     
  0.29727976454687061     
  0.30928168057203187     
  0.29060693289812456     
  0.29307671748529285     
  0.31878627440487411     
  0.29984594542787257     
  0.31024790409549241     
  0.31109690290840947     
  0.32823109054312666     
  0.32703177725393850     
  0.31512379187312511     
  0.29951919588896203     
  0.30404984099353977     
  0.31995279787622344     
  0.28724211847996350     
  0.31601946858588170     
  0.30047224071649331     
  0.31046777390141012     
  0.29535889576420332     
  0.29776559685544951     
  0.30781609247773573     
  0.29771894134071514     
  0.29934529575765079     
  0.31250513927193901     
  0.32193722923772311     
  0.31748759930875270     
  0.30949259950101576     
  0.29350083600551224     
  0.29001221078099798     
  0.28733957642291469     
  0.33739287565305698     
  0.31135514741990178     
  0.32480534003444078     
  0.32579211229409161     
  0.31835586416760059     
  0.31825878544656061     
  0.31842070376241316     
  0.31449367010384754     
  0.28690852823771129     
  0.30098570542077346     
  0.30824336021382814     
  0.30619333739622495     
  0.33199895163244336     
  0.31421560634969253     
  0.30380852848697809     
  0.31019860111297509     
  0.31886060189650212     
  0.31442228925345228     
  0.31138590287885937     
  0.31620563629874493     
  0.31361093741888046     
  0.30574268605142502     
  0.28721715668556547     
  0.31397779848079627     
  0.27597733496135668     
  0.31895907711299809     
  0.31610893484939773     
  0.29734809534130602     
  0.30161537405732353     
  0.30856005288279442     
  0.28498688002696332     
  0.26849281848920709     
  0.29962680647933398     
  0.27577705359265320     
  0.29053460130773834     
  0.29705141329217155     
  0.30343948839883517     
  0.29612441901208131     
  0.31020341444244259     
  0.29747200960069775     
  0.28713754504266853     
  0.29646748662464528     
  0.29898107350979658     
  0.29873738440917247     
  0.30402054327479011     
  0.33248602760496121     
  0.31332263435192503     
  0.33615321361358236     
  0.32370291574981863     
  0.31859357402185418     
  0.30097846063475991     
  0.30931059448378312     
  0.30507222394961064     
  0.31662853155622023     
  0.29896416340911453     
  0.29507347568183068     
  0.30284264549924333     
  0.28355028951749278     
  0.29322217203918644     
  0.30395149647746550     
  0.30652142030643770     
  0.30646625614627199     
  0.31675286509469441     
  0.31391509571934212     
  0.30924390921272404     
  0.28931299178616909     
  0.31518688808373352     
  0.32051300714127828     
  0.32853654820485717     
  0.31852908065579383     
  0.31187600014688283     
  0.31839916933859236     
  0.30372492073925017     
  0.29838826789260037     
  0.32591889155051174     
  0.33600938596021790     
  0.31626635298397698     
  0.31308869827533847     
  0.33040743002925255     
  0.31713125745031667     
  0.29274485388126842     
  0.29503984328653904     
  0.30668153324338893     
  0.32070383556364407     
  0.31997524987551601     
  0.33924445723478958     
  0.31606078675289689     
  0.29762184220700727     
  0.31423991729158324     
  0.32720548308965103     
  0.29465013319813121     
  0.29607849181296714     
  0.30823780849351495     
  0.32783666437564174     
  0.31550527239257703     
  0.30609548887909671     
  0.30333888546989307     
  0.30335888812869705     
  0.29615429172704116     
  0.31822302903671057     
  0.30613002473766571     
  0.30693906940716237     
  0.30899218798040501     
  0.31859029730060651     
  0.29902126832460635     
  0.28710131955504559     
  0.31267241309714144     
  0.30626765914055754     
  0.30323125571498388     
  0.28833845864464980     
  0.28560566622562850     
  0.30045897646923975     
  0.29435693325041584     
  0.31792972822398397     
  0.31663953176296533     
  0.32321838400394831     
  0.32733773043711711     
  0.31249223043681362     
  0.29997767912965262     
  0.29998304017524308     
  0.28844840827341295     
  0.29534400549472722     
  0.31188257193006336     
  0.30007278773323282     
  0.30827544909923821     
  0.30986521978576687     
  0.31420085221833932     
  0.32754358389767158     
  0.33334674717559154     
  0.32370674845787356     
  0.31513228553025086     
  0.31560027629132903     
  0.32776441155167585     
  0.32903538551302314     
  0.33472034031205194     
  0.31647030768974810     
  0.31505639599307894     
  0.32595547801081465     
  0.31241839317279935     
  0.30699733730317597     
  0.30717876454288279     
  0.29817034682718940     
  0.31019129773875809     
  0.30851542270155069     
  0.31776132620664643     
  0.33433939419086706     
  0.30345516442412401     
  0.31080488643241855     
  0.30691018181141738     
  0.30935625922198029     
  0.28217909263091745     
  0.26199605669144566     
  0.28744497250855877     
  0.29977080724155730     
  0.30032131534356532     
  0.30587606514457061     
  0.30919862897814976     
  0.32704766297969051     
  0.29044819411456763     
  0.30220600403855835     
  0.31054958328210547     
  0.31392936792156489     
  0.33174969651603409     
  0.34015248324631492     
  0.32554305091317248     
  0.29927250291701590     
  0.29619798879217846     
  0.32840523890106121     
  0.30065403613702107     
  0.30758687996933931     
  0.28595875078217325     
  0.27731944676897291     
  0.30585856368792397     
  0.30942814298100579     
  0.31427347091075758     
  0.30295578860072508     
  0.29929008256779843     
  0.31070372369144827     
  0.30899975549756098     
  0.31710914037445914     
  0.30005797384216504     
  0.30212271965478277     
  0.33105841178784318     
  0.30442945473080857     
  0.30310276256115720     
  0.30598967898212970     
  0.31683729532389959     
  0.29325622802680140     
  0.29903742579475784     
  0.28611270473827660     
  0.29971351187255418     
  0.29993752074053742     
  0.31244892393293888     
  0.31036038630633522     
  0.30407883506492761     
  0.30622827412854009     
  0.32018220736037406     
  0.29837413003490865     
  0.33363757286063317     
  0.32083443914649756     
  0.30181125022592087     
  0.30641829788408032     
  0.29943007664741733     
  0.29085329227048101     
  0.32507621216518429     
  0.31877712050487517     
  0.30564810108754376     
  0.29665156233247575     
  0.29253644334026430     
  0.32206843290491205     
  0.30553908325583046     
  0.30480458886266026     
  0.29941478376171937     
  0.32093745526822420     
  0.33074889209898928     
  0.30019726956319215     
  0.30015979476579102     
  0.30054870440777653     
  0.29810967590818854     
  0.30222336551475865     
  0.30295282097378462     
  0.30949997687540604     
  0.30448685672426606     
  0.30286508751304658     
  0.31856300536825605     
  0.32809024301563383     
  0.30662331871464654     
  0.29892588069315179     
  0.29134531907870082     
  0.31065699281080261     
  0.29212243634211166     
  0.30745347824411029     
  0.32028405957784839     
  0.30022780643430169     
  0.30318804726627951     
  0.30518654221005492     
  0.32326471613133306     
  0.30308968516076462     
  0.29288473082356759     
  0.28560077632548786     
  0.30134504141689361     
  0.31264015411292834     
  0.30331055897583098     
  0.32097449907697440     
  0.31894920583956127     
  0.30974781316076888     
  0.30469424946833157     
  0.28424998748579616     
  0.29166354178398479     
  0.31272954877057568     
  0.30048524787893338     
  0.32127673776516347     
  0.30562523215117909     
  0.32512647164029002     
  0.30467241463578981     
  0.31784236029045831     
  0.29761528023461858     
  0.31532244550718175     
  0.32463768170443641     
  0.33751817508019089     
  0.32676973396551318     
  0.31678652862613099     
  0.30733052311314457     
  0.31723544939448373     
  0.30180943678752437     
  0.30356482489881637     
  0.30125451342477505     
  0.30633013497239020     
  0.30841874434076422     
  0.29625075555028291     
  0.31042667425643683     
  0.28380623851180398     
  0.29640637694200289     
  0.29607556391004614     
  0.32201096566447068     
  0.31554967299469611     
  0.29363409753497383     
  0.29057254193998194     
  0.30072143541147406     
  0.30061333098813409     
  0.30984179376728410     
  0.30398135062215959     
  0.28607423493064810     
  0.30437283084682737     
  0.32568564979175235     
  0.30090740002611133     
  0.31116675848889641     
  0.30608983333617557     
  0.29759110581591652     
  0.31318935016629895     
  0.31282688006469300     
  0.30848483458459475     
  0.31475735497647650     
  0.29357029502518012     
  0.32624108457951145     
  0.32055328375560466     
  0.31466429443389132     
  0.28699847982300486     
  0.28444877726175821     
  0.29559777669593945     
  0.29158939665553441     
  0.28558682430567250     
  0.28600188313873598     
  0.30258051902425459     
  0.32193082136613571     
  0.29679297260027071     
  0.32087196961216402     
  0.30369477608267004     
  0.32618768654280961     
  0.31917798318641138     
  0.32312109993769828     
  0.31285222236449606     
  0.30398460967904545     
  0.32984368974926770     
  0.33372074890962494     
  0.31097856756479220     
  0.31484291338462528     
  0.30830292448137014     
  0.32365915945944801     
  0.31301713952328702     
  0.29706480285706732     
  0.29734876949081573     
  0.31009164685278312     
  0.32519796681143370     
  0.31747248975981146     
  0.32480941648278627     
  0.29867894321046684     
  0.33655655870789930     
  0.31803431687924533     
  0.29510602009800413     
  0.31125882877446398     
  0.31579661525230296     
  0.32108996516623800     
  0.30709566768802804     
  0.29970992629251503     
  0.28864751030907987     
  0.31933340459395804     
  0.31413254713676697     
  0.31093186069097645     
  0.32967538894498138     
  0.30855823061539239     
  0.31314120690137404     
  0.29496840610817010     
  0.29790801585572474     
  0.27098351869171883     
  0.29253452546060771     
  0.33618004350901615     
  0.30031448751583978     
  0.29533739639676793     
  0.30513770241027405     
  0.30882478000704328     
  0.30553694958168592     
  0.32549928758199104     
  0.33814712254334234     
  0.30013384207591598     
  0.30439219414184165     
  0.31726916289871882     
  0.30436505756286775     
  0.29118448346890230     
  0.29627069264814482     
  0.29151146752762375     
  0.29911110669605562     
  0.30406432483837992     
  0.30156694910422416     
  0.31219169762349747     
  0.33279066230782989     
  0.31193425998537383     
  0.30712786070232589     
  0.29881308303333265     
  0.28017705765461237     
  0.28535074897142249     
  0.30767869632954314     
  0.30494302268713847     
  0.30504373534708795     
  0.32198889447581547     
  0.31072748666431999     
  0.32182804082847211     
  0.30542179878391496     
  0.30317429067881507     
  0.32571322245415507     
  0.31138741321065999     
  0.31082651212506668     
  0.31485206933511772     
  0.30594151665652541     
  0.30017095395261817     
  0.28755440968518414     
  0.30668955226547961     
  0.31613794408941209     
  0.31661432374068510     
  0.29151365262854900     
  0.32951502911258568     
  0.33849998179539958     
  0.31785129325663680     
  0.27235641686255979     
  0.31751116222080839     
  0.31219331297122893     
  0.28620707494894865     
  0.30432510011318031     
  0.28666286622958104     
  0.27703549310643033     
  0.29868038493845062     
  0.32344735118290713     
  0.30323155972116683     
  0.29614889193402788     
  0.28927207768462082     
  0.31283131906516076     
  0.30872689781689111     
  0.29878202983024849     
  0.32943685450312915     
  0.31270956419740026     
  0.30830739491900150     
  0.28390430847697595     
  0.30480953952242124     
  0.32446166236170149     
  0.34910515925383290     
  0.32110784478584542     
  0.30016540979048745     
  0.27752423899593859     
  0.29916812325223635     
  0.30261671448958388     
  0.30667380244301501     
  0.31919935027595819     
  0.31722396410916182     
  0.32134507829992653     
  0.32627463689719083     
  0.31456160487404622     
  0.33111995610503026     
  0.29718800575499721     
  0.29934168396084937     
  0.32680461090651591     
  0.29960885801622095     
  0.31361793169487873     
  0.31112475181769411     
  0.28584041662513682     
  0.27258012255288683     
  0.27521886418261576     
  0.28316349221743531     
  0.29940506822459173     
  0.31393642838355407     
  0.30995804230699264     
  0.29304890902437036     
  0.30961963215977228     
  0.31303224761420007     
  0.29771908925276996     
  0.30136357637422112     
  0.30903073350070931     
  0.31447921963147196     
  0.30011954453792206     
  0.30863764263470028     
  0.28928661825383295     
  0.33542457271336557     
  0.31398785995071093     
  0.29618549945526629     
  0.30170484554624627     
  0.31292179393892861     
  0.30747767379829416     
  0.33154682477296016     
  0.31565682933642880     
  0.31942702719796473     
  0.31468358274868691     
  0.29550293587215154     
  0.30127168503162877     
  0.31400083259788714     
  0.31489818476296411     
  0.31704377430229036     
  0.30130648416911354     
  0.32444478970487628     
  0.33081353714256073     
  0.29699435209533581     
  0.29160063034208050     
  0.29265781170648170     
  0.30075348162212368     
  0.28124333808693497     
  0.30480217297548329     
  0.31931850175540466     
  0.31303961277368397     
  0.33629895072117344     
  0.31073920665792459     
  0.30520110245831095     
  0.31087534369169856     
  0.29129464816251932     
  0.28698651373238571     
  0.30928830574962191     
  0.29145216392540713     
  0.31148592419658266     
  0.32742362223720539     
  0.32279826791891925     
  0.31006590252163457     
  0.28752513133968138     
  0.28399200093955301     
  0.29054430596257519     
  0.28796380238135127     
  0.30525629342559801     
  0.30256526368291270     
  0.28673221608100796     
  0.29478304026222851     
  0.33354868128341653     
  0.30524958440461625     
  0.31955808741888597     
  0.31964167721153264     
  0.31348223412609344     
  0.32175707018507343     
  0.31519265125017937     
  0.32525119618512965     
  0.30797867572486642     
  0.31402689066653772     
  0.32123123342399157     
  0.33047128826073474     
  0.30753457652675803     
  0.32997377869782740     
  0.32505036553060646     
  0.30095799227757269     
  0.31737711954700926     
  0.30679636855901327     
  0.29668129468941085     
  0.28058989938992623     
  0.29057616643663314     
  0.29536540927093768     
  0.30089041697865859     
  0.28411197336702337     
  0.27509364652189539     
  0.28347649656041107     
  0.29158032942875706     
  0.31558399076627691     
  0.30168635272700839     
  0.31229799895074684     
  0.31163494818347287     
  0.30959955162014596     
  0.29989874471205363     
  0.30797533805205757     
  0.28885285100741581     
  0.31259915538314820     
  0.29564107187529926     
  0.29807087176188662     
  0.28856036717755451     
  0.30381740398373630     
  0.29121054394332185     
  0.28989964207749463     
  0.29656661727783640     
  0.30823021270295214     
  0.32147185373533954     
  0.32955704168770639     
  0.31878464328611716     
  0.34755736872677306     
  0.33384487530843898     
  0.31045733963688549     
  0.32738880403381088     
  0.33656504913692903     
  0.31087697629304484     
  0.29288397461218424     
  0.28775509547657807     
  0.29738687601490360     
  0.31092935776953623     
  0.32183758855676381     
  0.29677713601726713     
  0.29202356691134418     
  0.31714786527622207     
  0.31878339855395732     
  0.29822110799335505     
  0.30884963346316657     
  0.31899090579255301     
  0.29564364806624410     
  0.29206945026682102     
  0.30577776068735396     
  0.33430297722449998     
  0.29564347350651415     
  0.30218481450163326     
  0.29691722430954948     
  0.31464913648512560     
  0.30983321672860359     
  0.31799623930891413     
  0.31531611810376114     
  0.31586227367428338     
  0.30433594450404161     
  0.33457689172963934     
  0.32268253829747340     
  0.32102424405288005     
  0.32746196169886083     
  0.30211583523458502     
  0.30232701095407866     
  0.27950791197857972     
  0.28343405148022172     
  0.29019423323761384     
  0.30289258295847032     
  0.31109406013943336     
  0.32206158098400572     
  0.34210591935459256     
  0.32130429811644584     
  0.30220822319787521     
  0.29266900180696059     
  0.32134762684985346     
  0.29549200956621202     
  0.31808238945658712     
  0.29224294363045805     
  0.28789134530274585     
  0.30538028495194480     
  0.30602730606350043     
  0.29880362519008624     
  0.30946360542152457     
  0.29386714029863581     
  0.30743290831051034     
  0.31445344491601301     
  0.30325287996054906     
  0.31344979328993433     
  0.30399719335129427     
  0.28387515546007069     
  0.31370220382359587     
  0.32348534291251724     
  0.28425513787398504     
  0.30567541908227713     
  0.29898268887739271     
  0.29953619204426946     
  0.30593924974187592     
  0.29688144039905384     
  0.29506203940600456     
  0.29782024801871015     
  0.31163523318363828     
  0.31752900851019228     
  0.31119244128048501     
  0.28135527222557405     
  0.29035389770297187     
  0.30822138793437898     
  0.29595922703900629     
  0.28870139013638979     
  0.30749445355351690     
  0.32773495085389920     
  0.31156765643803747     
  0.32059816516856798     
  0.30009918572643968     
  0.29860089552871161     
  0.31692787988052884     
  0.29932845737835490     
  0.31738837656984958     
  0.31458694503873719     
  0.30347241233849437     
  0.30250262472889639     
  0.29530086130957622     
  0.31430801850417245     
  0.30054672307224117     
  0.31757414820724567     
  0.30686478140952944     
  0.30398278769386161     
  0.29203136513005001     
  0.29835767920867867     
  0.29293109107958554     
  0.29091805259573689     
  0.31965599773167291     
  0.31813472813653992     
  0.31401095900680276     
  0.33439919983257432     
  0.30306395914942341     
  0.29672989012875173     
  0.32188549541339934     
  0.27124783481069886     
  0.33314962024914752     
  0.31316466943800819     
  0.31301861216073390     
  0.30766143679675495     
  0.29936903645715135     
  0.32039106761471031     
  0.32453896609742239     
  0.32622193018373241     
  0.31157176075902726     
  0.30590484696264175     
  0.30624590883999753     
  0.29222085461442904     
  0.31371247356716447     
  0.30919128140535906     
  0.31294777839120308     
  0.30978234220798706     
  0.30297386643269875     
  0.31363805096801839     
  0.30266232418735423     
  0.32926917074570455     
  0.32024452534359854     
  0.30958867938446999     
  0.31112505057141027     
  0.30608508081841396     
  0.30848037179995808     
  0.31125497824247639     
  0.32801662771012219     
  0.33339012903721482     
  0.31394033209656313     
  0.31437182884092418     
  0.29560510514295496     
  0.29882063269061893     
  0.30031510275836781     
  0.31134181336730510     
  0.31202811882324594     
  0.29393846383753136     
  0.28023889240744398     
  0.29882377700029217     
  0.28322940250980683     
  0.29327053212314319     
  0.31090760029741360     
  0.32041481874178301     
  0.31390097390142213     
  0.32477708025611834     
  0.29855785469180879     
  0.31019306945971309     
  0.29277916482276184     
  0.31457777507791523     
  0.28956795569207078     
  0.30858891770331054     
  0.32352215760936537     
  0.31155943772258654     
  0.30822135522177768     
  0.32292891968539555     
  0.31274259221750678     
  0.32359386242595578     
  0.31509183316336314     
  0.27883396723244641     
  0.30093536429577578     
  0.33017022746629948     
  0.31728390761313074     
  0.32629821915445334     
  0.33825902510591915     
  0.30004731806691975     
  0.29176925444332141     
  0.31840139606339013     
  0.29196929205370836     
  0.30273110593465358     
  0.29973274479225731     
  0.30489093972661829     
  0.31151574604027549     
  0.30791029432902334     
  0.29455377229364549     
  0.31203769166285328     
  0.30239967145114754     
  0.30192052291105692     
  0.30868590000975815     
  0.30129686730062022     
  0.31416307047584091     
  0.29696414319332715     
  0.30528226007716169     
  0.31036525215683175     
  0.31457995815845891     
  0.29074083450479554     
  0.31660344979924088     
  0.28521274172512590     
  0.32327260578266548     
  0.32035060939716842     
  0.31842312397750583     
  0.31584378016525289     
  0.29026042367113963     
  0.31809179779914787     
  0.30335819591326657     
  0.31018012505965431     
  0.32059350929124902     
  0.30930010069707925     
  0.32801331637034314     
  0.31148719613266718     
  0.30280015245430614     
  0.29631931117197463     
  0.31440998687909877     
  0.30515175545705331     
  0.30759574480370167     
  0.28318363906180416     
  0.28580994400130100     
  0.26544218174021045     
  0.29843765221844415     
  0.30256441423066405     
  0.30565007983708231     
  0.31228993912454078     
  0.30176575928590715     
  0.31443932583082307     
  0.30660201105302237     
  0.30278363451883561     
  0.29543121966314534     
  0.30190822789303684     
  0.30152790306078586     
  0.29433665182841035     
  0.30210871576623227     
  0.30431592274569036     
  0.30457985941319710     
  0.33757489390846007     
  0.30530967993551889     
  0.33451689036789728     
  0.29821057376059845     
  0.30359996274713646     
  0.27685299093587440     
  0.29902156505496635     
  0.30580473264911001     
  0.33165704826590109     
  0.31777918217870949     
  0.32453233054905367     
  0.33526417481864051     
  0.34382724530793402     
  0.32325787759731855     
  0.30007981839907921     
  0.29164897088352759     
  0.31867732786274194     
  0.31118782674840401     
  0.33650798175155883     
  0.31091317813134506     
  0.31618675461114404     
  0.29231597813891919     
  0.30756109948564470     
  0.31146075523445294     
  0.29184263346458394     
  0.30639005288876864     
  0.30120303030349843     
  0.32185721406697365     
  0.29682487837946325     
  0.29017845943044818     
  0.27566048442447083     
  0.30338636779117395     
  0.31096758220163218     
  0.32498556610179152     
  0.32281596755590880     
  0.31929730137071910     
  0.30010561776107003     
  0.30767861177319639     
  0.28417569776845447     
  0.30822136141213774     
  0.29747445670420913     
  0.33156924600859722     
  0.32744233540462070     
  0.31885486495530735     
  0.30042790036516287     
  0.31193584727977486     
  0.30114736433190870     
  0.30258449351011207     
  0.29569710097269786     
  0.30749030206575922     
  0.30995552338886062     
  0.30441780747045627     
  0.30241884019471699     
  0.30396975047337582     
  0.31064096515409223     
  0.32645102687635658     
  0.31379319507543690     
  0.30139257096496685     
  0.32563613023947158     
  0.33116818727898534     
  0.30742462462008729     
  0.30346247864135600     
  0.30785817309868213     
  0.32156468357795998     
  0.28889095057779335     
  0.30836270926638393     
  0.29667411815099376     
  0.30299204537608759     
  0.29704964823483676     
  0.32643612799422028     
  0.32378649592517977     
  0.30222618793354677     
  0.31791595794532457     
  0.29415391812977215     
  0.32693454985900977     
  0.33068417761951246     
  0.30321429481189549     
  0.31327669460761309     
  0.30494709233768708     
  0.30059062290146088     
  0.32421384083228189     
  0.33417043764738924     
  0.31241118228656506     
  0.30882910135483738     
  0.31774919123818335     
  0.32236522695364778     
  0.30127928023559053     
  0.27654011376198628     
  0.31077026666801910     
  0.30085739582447857     
  0.29316418393962235     
  0.31685140898223407     
  0.31993755439090438     
  0.29774015530655423     
  0.26670270499897292     
  0.27946487093305866     
  0.29900126181182818     
  0.28977087354818309     
  0.33088078599839388     
  0.29898502768338486     
  0.28449815162179415     
  0.29449079851528148     
  0.30634576785847628     
  0.30128810998621719     
  0.30370754853328702     
  0.30631867001696045     
  0.31503545476797495     
  0.31189155986849859     
  0.32119177158612305     
  0.32511023628475577     
  0.32873903789229419     
  0.34082686717916028     
  0.32365008754643537     
  0.31369356107267860     
  0.32035283554892091     
  0.31051020511878780     
  0.30735420462111407     
  0.29084819493356007     
  0.30731020577292645     
  0.30908114357214883     
  0.31405736394509143     
  0.28888461628332385     
  0.29457539630445295     
  0.29766344978723291     
  0.28042029866331009     
  0.31487949916476193     
  0.28986960496013359     
  0.30140062291757780     
  0.30968256206501238     
  0.34405806111765708     
  0.31874522382991033     
  0.31951409452208240     
  0.30045668729155289     
  0.29660463455773439     
  0.31501301209548865     
  0.31077213842886059     
  0.31531049333775180     
  0.30958012528598489     
  0.30789822005884643     
