   1.0000000000000000     
  0.43077513788956223     
  0.24263485493637710     
   4.4783868332453807E-003
 -0.10748620258507577     
 -0.32555931410298267     
 -0.34328395563742337     
 -0.17853651471367588     
  -7.2592277702956759E-002
  0.15879773907369157     
  0.27915171483633133     
  0.27985635774296247     
  0.10470069336304438     
   8.9741591526923903E-002
 -0.10644765975696703     
 -0.13950943596164905     
 -0.36898199714174307     
 -0.24421823800245909     
 -0.17632275831452637     
  -3.6607699306216109E-002
   5.8934675914653241E-002
  0.11322021032420333     
  0.17562177569463305     
  0.17891647922053550     
  0.15686106017514292     
  -4.6329392632624491E-002
 -0.18640139545933662     
 -0.22220165746386833     
 -0.14524414648239825     
 -0.11570821096935191     
  -8.5695042159298823E-002
  -9.2155380316240085E-002
  -4.6651213699689395E-003
  -5.1200479654435832E-002
  -3.5480512235092035E-002
  -1.5046653253253538E-002
  -1.6443705012483038E-002
  -3.7097018618770989E-003
   6.6171859584165993E-002
   8.1919719609984745E-002
   1.3811548342442467E-002
  -4.1842193004921355E-002
   2.3040418860148664E-002
   2.6613751827364657E-002
  -5.7309117722569122E-002
   4.3424713445003246E-002
   5.8002587210710214E-002
   9.3188394806199282E-002
   2.9293271424431510E-002
  -7.3551054794644887E-003
   3.4353851322203581E-002
  -7.3551054794644766E-003
   2.9293271424431555E-002
   9.3188394806199254E-002
   5.8002587210710228E-002
   4.3424713445003253E-002
  -5.7309117722569143E-002
   2.6613751827364640E-002
   2.3040418860148709E-002
  -4.1842193004921362E-002
   1.3811548342442444E-002
   8.1919719609984745E-002
   6.6171859584165951E-002
  -3.7097018618771015E-003
  -1.6443705012483052E-002
  -1.5046653253253515E-002
  -3.5480512235092063E-002
  -5.1200479654435853E-002
  -4.6651213699689179E-003
  -9.2155380316240099E-002
  -8.5695042159298837E-002
 -0.11570821096935195     
 -0.14524414648239833     
 -0.22220165746386833     
 -0.18640139545933662     
  -4.6329392632624450E-002
  0.15686106017514301     
  0.17891647922053561     
  0.17562177569463303     
  0.11322021032420325     
   5.8934675914653220E-002
  -3.6607699306216122E-002
 -0.17632275831452637     
 -0.24421823800245904     
 -0.36898199714174301     
 -0.13950943596164905     
 -0.10644765975696706     
   8.9741591526923931E-002
  0.10470069336304438     
  0.27985635774296247     
  0.27915171483633133     
  0.15879773907369155     
  -7.2592277702956773E-002
 -0.17853651471367582     
 -0.34328395563742348     
 -0.32555931410298267     
 -0.10748620258507580     
   4.4783868332453894E-003
  0.24263485493637710     
  0.43077513788956234     
