   1.0000000000000000     
  0.20495390511372452     
  -9.9013053046621474E-002
  0.15045153020481428     
  0.24263462313777651     
  -4.3113926591205831E-002
  -8.1563055784534100E-002
   8.5333652765132925E-002
   6.7753910004597018E-002
   3.1114099360609825E-003
  0.25885800378168167     
  0.11505034316497090     
 -0.15536328585843490     
   4.7954196259674939E-002
  0.20790093476306404     
  -1.0459078633211048E-002
  -8.1047076514922198E-002
   8.4406395588914451E-003
   9.9508356717368532E-002
  -9.7092196989162077E-002
   2.3429236849861522E-003
   7.5148278799210266E-002
  -7.9359577131238285E-002
 -0.12070639900959368     
   9.3823984894838577E-002
   9.1021347923199505E-003
 -0.13442559315399585     
  -2.6679151318635798E-003
  -1.5870392934285618E-002
  -6.6616164828017771E-002
 -0.11278164118327616     
   5.8556067751016370E-002
  -6.9855763667759682E-002
 -0.16732517957740325     
   7.0170911077135582E-003
  0.16720920658595398     
  -2.7290022648921986E-002
  -3.9071106170267836E-002
   2.0371815649961045E-002
  -2.6930116198444886E-003
 -0.17262289743439946     
 -0.18323268840561907     
 -0.15979518178284191     
 -0.17292399738006492     
  -8.2822756482657772E-002
   5.6536191483298096E-002
 -0.10006963726093110     
  -9.4571338008147529E-002
   4.0403174177825150E-003
  -1.3083385468349785E-002
 -0.20132638975453426     
  -1.3083385468349831E-002
   4.0403174177824942E-003
  -9.4571338008147529E-002
 -0.10006963726093106     
   5.6536191483298123E-002
  -8.2822756482657703E-002
 -0.17292399738006511     
 -0.15979518178284191     
 -0.18323268840561929     
 -0.17262289743439946     
  -2.6930116198444977E-003
   2.0371815649961020E-002
  -3.9071106170267877E-002
  -2.7290022648921969E-002
  0.16720920658595398     
   7.0170911077135408E-003
 -0.16732517957740314     
  -6.9855763667759654E-002
   5.8556067751016377E-002
 -0.11278164118327617     
  -6.6616164828017799E-002
  -1.5870392934285597E-002
  -2.6679151318635668E-003
 -0.13442559315399588     
   9.1021347923199488E-003
   9.3823984894838577E-002
 -0.12070639900959365     
  -7.9359577131238312E-002
   7.5148278799210266E-002
   2.3429236849861843E-003
  -9.7092196989162091E-002
   9.9508356717368546E-002
   8.4406395588914138E-003
  -8.1047076514922226E-002
  -1.0459078633211069E-002
  0.20790093476306398     
   4.7954196259674897E-002
 -0.15536328585843490     
  0.11505034316497093     
  0.25885800378168172     
   3.1114099360610146E-003
   6.7753910004597018E-002
   8.5333652765132925E-002
  -8.1563055784534114E-002
  -4.3113926591205727E-002
  0.24263462313777640     
  0.15045153020481433     
  -9.9013053046621446E-002
  0.20495390511372452     
