   1.0000000000000000     
  0.20313611971766646     
   1.2953108620518844E-002
   1.0250590838561441E-003
  -2.5588319066532847E-002
  -6.5040691942184967E-002
 -0.17241969206540417     
  -7.5715280730899490E-002
   8.5508521416811895E-002
   5.9468290820607943E-002
  -3.9006488633259784E-002
   1.1518688657456432E-002
   1.2205123144789139E-002
  -6.1520404433200955E-002
   1.2191691828402107E-002
  -8.6593303145574174E-002
   9.5050406114663574E-002
   1.8509284353556851E-002
   4.0886222796251488E-002
   6.4431452776886708E-002
  0.19222164355489119     
  -4.8688061598343768E-002
  -4.4106140023161856E-002
 -0.11607255217756901     
  -3.2965485046726722E-002
   2.7337333961075041E-002
  -9.7833505631075401E-002
   1.0223602020937146E-002
  -5.3947270137074781E-002
 -0.14830711243813327     
   2.6678008833114181E-002
  -1.4432178326371897E-002
   2.7951674062985040E-002
  -1.5608614866688348E-002
  0.10008756679130872     
   6.0621240696444638E-002
  -6.4455169250390201E-002
 -0.16828622004954230     
   2.9742606729486726E-002
   4.3022319589175713E-003
   4.3779118334464913E-002
   1.4336171539738379E-002
   6.1176373543561043E-002
 -0.14268818463805744     
 -0.10380083967490374     
  -7.7762856675485784E-002
   7.1783496095095337E-003
  -6.2925178613095073E-002
  -3.5728160417890467E-002
  -1.2169341457170055E-002
   8.6282320141669019E-002
  -1.2169341457170052E-002
  -3.5728160417890467E-002
  -6.2925178613095059E-002
   7.1783496095095180E-003
  -7.7762856675485811E-002
 -0.10380083967490372     
 -0.14268818463805732     
   6.1176373543561050E-002
   1.4336171539738388E-002
   4.3779118334464885E-002
   4.3022319589175800E-003
   2.9742606729486726E-002
 -0.16828622004954230     
  -6.4455169250390132E-002
   6.0621240696444548E-002
  0.10008756679130872     
  -1.5608614866688339E-002
   2.7951674062985050E-002
  -1.4432178326371906E-002
   2.6678008833114164E-002
 -0.14830711243813319     
  -5.3947270137074815E-002
   1.0223602020937163E-002
  -9.7833505631075388E-002
   2.7337333961075010E-002
  -3.2965485046726681E-002
 -0.11607255217756897     
  -4.4106140023161891E-002
  -4.8688061598343733E-002
  0.19222164355489119     
   6.4431452776886722E-002
   4.0886222796251467E-002
   1.8509284353556862E-002
   9.5050406114663602E-002
  -8.6593303145574160E-002
   1.2191691828402114E-002
  -6.1520404433200948E-002
   1.2205123144789153E-002
   1.1518688657456404E-002
  -3.9006488633259784E-002
   5.9468290820607943E-002
   8.5508521416811853E-002
  -7.5715280730899462E-002
 -0.17241969206540414     
  -6.5040691942184994E-002
  -2.5588319066532847E-002
   1.0250590838561102E-003
   1.2953108620518810E-002
  0.20313611971766649     
