  0.24918762272220701     
  0.24138636805156102     
  0.25710503941525337     
  0.23933386815439042     
  0.21930896107931072     
  0.22426782248838831     
  0.24272567190654207     
  0.23900243618674813     
  0.22428547576601590     
  0.21475688147388516     
  0.23253333254351277     
  0.20821026131666276     
  0.24684203598181745     
  0.21820563520426137     
  0.23456273305794750     
  0.23611949079978187     
  0.25074790654233547     
  0.21703437901167139     
  0.22296298607693787     
  0.25095130171111130     
  0.21921656428345876     
  0.21914324934776688     
  0.22438739375236669     
  0.23389351396550165     
  0.24417908374166905     
  0.25696787680189381     
  0.23641850271525233     
  0.22375005947327206     
  0.22506086120915733     
  0.21687039479661022     
  0.22576789066555686     
  0.23390848077850332     
  0.22497773008216271     
  0.23841375819140895     
  0.25583422205017425     
  0.25066545975917109     
  0.26091611907961743     
  0.24515276087441637     
  0.23765104192693237     
  0.24959059299029424     
  0.25557132880938965     
  0.22683419157511328     
  0.23653318307801754     
  0.22547036486873848     
  0.20156566133775164     
  0.21351215899830864     
  0.22550651371094491     
  0.25038907302058033     
  0.24134671531789692     
  0.22047924465083621     
  0.23633804790793503     
  0.23511849863160389     
  0.23434912436592203     
  0.23184162641624992     
  0.23099824295354399     
  0.22658788996296841     
  0.21402445154049815     
  0.24221634325336347     
  0.22800374876416873     
  0.22007160748742066     
  0.23428332176390665     
  0.23250595817198014     
  0.23566417473042875     
  0.22947854186240138     
  0.21994277299851822     
  0.21898879950034714     
  0.21984426629214943     
  0.22810555528070570     
  0.22941375323203311     
  0.23638833750832408     
  0.24431966948110465     
  0.24648165653636131     
  0.22717987710875659     
  0.22846451467039813     
  0.24090823867423550     
  0.21408935260378509     
  0.21529694623148116     
  0.21897762866856957     
  0.20942200389904436     
  0.22468915759366256     
  0.21603299538347806     
  0.22610835212760017     
  0.23768654282273813     
  0.24111197363555442     
  0.23475159841484530     
  0.25765618875423224     
  0.22489434481426701     
  0.23097522353074071     
  0.23157888128822815     
  0.23112694178680773     
  0.22837029019623772     
  0.22189273219777933     
  0.21693379266228194     
  0.24527480845199851     
  0.23694447114475767     
  0.23449216097375089     
  0.24152788926855659     
  0.22318552099642694     
  0.21962539627349228     
  0.24401633560180749     
  0.21688911496712104     
  0.21139837439635603     
  0.21822987281357206     
  0.24261011481888758     
  0.23838719172243669     
  0.25392264344994186     
  0.23575547961534607     
  0.22043075087367003     
  0.24137101527481006     
  0.22374347802956199     
  0.22317032645097559     
  0.25571862902326170     
  0.25923488281676277     
  0.24664903881158468     
  0.24357222317954602     
  0.23082734552856246     
  0.22236959667071951     
  0.23823739800256949     
  0.23350810406100705     
  0.21917006058984723     
  0.21180783654557775     
  0.22094273940738579     
  0.23626762595018164     
  0.25171522599186430     
  0.25420994574587763     
  0.25227968261553102     
  0.22943862546590460     
  0.21186605520063370     
  0.22819444545792067     
  0.23404712940240935     
  0.21118241662833073     
  0.23387315513581380     
  0.23660883534347499     
  0.23706803342983154     
  0.23744899293358368     
  0.23303075903837958     
  0.21873719540245115     
  0.23208145960281396     
  0.25238037968852628     
  0.21842065920615253     
  0.23032798300068510     
  0.23817376980331501     
  0.23932896807117870     
  0.25479660741334875     
  0.22868163420441445     
  0.24184491931265814     
  0.22424260488889750     
  0.24139795143225762     
  0.23296255402330796     
  0.25428216491170930     
  0.22373216447312408     
  0.23868567062234003     
  0.23838415239669181     
  0.23133826665450385     
  0.22197785309150872     
  0.21820943332553641     
  0.21676913134051096     
  0.22756947596732208     
  0.23170185479971686     
  0.23461820100607442     
  0.20832388540448804     
  0.25103150949531455     
  0.22594429976488919     
  0.22942324689324467     
  0.23099547633023790     
  0.24832055389605884     
  0.24960702859078582     
  0.24687807766191905     
  0.21675991612414730     
  0.21770793330886110     
  0.21223819802213698     
  0.23406474214275791     
  0.24074791461324382     
  0.23345689179427262     
  0.22983295556753153     
  0.23768905249018019     
  0.22422686697036842     
  0.24056974570985343     
  0.23184211342250585     
  0.24064547028208563     
  0.21730147072523867     
  0.20788611638780943     
  0.22815276844095525     
  0.25159475590610614     
  0.23353687604013956     
  0.22683383456682457     
  0.24591115678251518     
  0.25018635614322082     
  0.24880090659593340     
  0.23453446480838658     
  0.23899197229897104     
  0.23518267287972086     
  0.23539259316312477     
  0.25414939230958161     
  0.22240057323123444     
  0.25037608782980919     
  0.26268007991335918     
  0.22536392660404908     
  0.22600169842980380     
  0.21793892374871776     
  0.23539119433313063     
  0.21319737896209057     
  0.22083296805754249     
  0.23458382677995396     
  0.22184405533028770     
  0.23640024577411037     
  0.24766368902155378     
  0.22515125883899975     
  0.22102139883373653     
  0.23693513404222599     
  0.22659506423112719     
  0.20453485620053632     
  0.21883244577293681     
  0.21918592175999385     
  0.23799081197407748     
  0.22027404961123415     
  0.20217159130264076     
  0.22707507572049943     
  0.24651730478083650     
  0.22857385243616571     
  0.21879802803238876     
  0.22011825718289976     
  0.22095723489456465     
  0.25708358948554660     
  0.22344297646427783     
  0.23554066079638591     
  0.25532958818792612     
  0.23323404400447376     
  0.21763662459960445     
  0.25138531582951962     
  0.24530188662504987     
  0.21490680884058302     
  0.21167017885611303     
  0.24300267835449302     
  0.22403261651061648     
  0.21135314432205968     
  0.23942666599286669     
  0.24014052822661031     
  0.22338167796764552     
  0.22865018525555489     
  0.23423391109704358     
  0.23770617380097059     
  0.23047478813515584     
  0.23210553235818485     
  0.22881565096298354     
  0.22893172773232545     
  0.25150859940490744     
  0.24562564291173061     
  0.23516228724279567     
  0.22946138999614105     
  0.22789102472504705     
  0.22767688128821628     
  0.22633905845600957     
  0.20984732627821934     
  0.23132087980440191     
  0.20773746898761983     
  0.22849658850994745     
  0.22776418294395231     
  0.23682166610999394     
  0.23109473955573695     
  0.21854440269465839     
  0.23574111052230279     
  0.23456127424223494     
  0.23269931350577713     
  0.23778612587714640     
  0.22513744194274082     
  0.21472495332427174     
  0.22011891104766690     
  0.24142026931152716     
  0.21450887071351196     
  0.21998866724670663     
  0.24842120892051722     
  0.24262157834408496     
  0.22878418744464060     
  0.24755901400109157     
  0.21356963677604107     
  0.23089736881353476     
  0.23170044544393950     
  0.24252762953004811     
  0.22153142677555571     
  0.25552251633604023     
  0.23918931527399298     
  0.24112341125222572     
  0.25767961036316744     
  0.20814432107272673     
  0.25572185942979109     
  0.24328667241513932     
  0.24372309337747702     
  0.24502334212190593     
  0.22393872152042127     
  0.24422761797471501     
  0.22953697189260727     
  0.21094172054305535     
  0.20741753212959763     
  0.21550143334490926     
  0.23405133093263797     
  0.23947919818879401     
  0.24206340626518155     
  0.23572762329709887     
  0.25340098661393506     
  0.22113916817604476     
  0.21928245625414200     
  0.23043192222118947     
  0.23399231538349530     
  0.23118117902107493     
  0.24608927930809080     
  0.23580163043766758     
  0.21389063527655422     
  0.23198604595455549     
  0.21260433126085021     
  0.21559864232865975     
  0.23101057107581935     
  0.22879302843946495     
  0.20812954038137682     
  0.19896263591603083     
  0.23932027045245527     
  0.25574009311386298     
  0.23163385204329531     
  0.20941932220194240     
  0.20930413749890800     
  0.21484776266077993     
  0.21742218669342786     
  0.24857732137165459     
  0.21777984128561903     
  0.23276895494340166     
  0.22352815157529243     
  0.24753847463389914     
  0.23176423421270237     
  0.23280643317152788     
  0.22813031239317827     
  0.22503158667910897     
  0.23469119661834112     
  0.22683212534876102     
  0.22035518444966609     
  0.23872689356764915     
  0.25145798593304353     
  0.25958954062890810     
  0.23434178521002863     
  0.23619546352793117     
  0.21832831145288095     
  0.26041465448829987     
  0.22213090290461496     
  0.20388934655198435     
  0.23372106982506347     
  0.21957596156184786     
  0.25669742537669105     
  0.27526655544649858     
  0.22971593313747801     
  0.23121636775065429     
  0.21351447235725587     
  0.22670146036869221     
  0.23139409228032531     
  0.23806082271173529     
  0.22708624208554440     
  0.21077688969753824     
  0.21545426433880968     
  0.23171198650737002     
  0.21867038674241099     
  0.21512791647591364     
  0.22794941175838379     
  0.21551065010414955     
  0.23500859557360501     
  0.23342618149839037     
  0.21845920321872109     
  0.22433744992728805     
  0.21042040441552626     
  0.22780655823512577     
  0.25762131223208412     
  0.25436291804401812     
  0.24723493378241707     
  0.23388121001938353     
  0.20881481021953127     
  0.24024417316169994     
  0.23962511188497948     
  0.22375627222235886     
  0.23715763181858526     
  0.23009151092252722     
  0.24831666636095745     
  0.25097942227691378     
  0.20239509019774335     
  0.23932026382051372     
  0.23527718729306260     
  0.22732778808585805     
  0.22650143743320161     
  0.21908428204604793     
  0.23203443990883282     
  0.20696137826775352     
  0.22971392514064898     
  0.23648080226487705     
  0.22527876667778154     
  0.23890124893416886     
  0.22177587920125752     
  0.23238560794118951     
  0.22057696048345235     
  0.23286885907313187     
  0.22221295069520675     
  0.21477329951682816     
  0.24778939841747916     
  0.24174633202374277     
  0.24004173063604090     
  0.22312067681796829     
  0.21229813002284745     
  0.22550704899209401     
  0.21887694142182151     
  0.23411366077656626     
  0.22367121733547593     
  0.22691095312194845     
  0.21182951881887035     
  0.25015074873288984     
  0.23985925590791535     
  0.22957526018700705     
  0.22170869048767386     
  0.24096733953378607     
  0.23357197358668805     
  0.20919005888072451     
  0.20889143906716476     
  0.23114373091350418     
  0.21364051873378884     
  0.23628271225555084     
  0.22796794109061222     
  0.22863650851821912     
  0.24244879706937578     
  0.22599678239181809     
  0.22460267563976030     
  0.21636710654689861     
  0.20389852578292977     
  0.20988514842022504     
  0.21563974758752261     
  0.21033371703354181     
  0.23089237717404817     
  0.21520015711205237     
  0.21613604948989634     
  0.21056348091000707     
  0.23610224422981058     
  0.22498142799029927     
  0.21478686051930954     
  0.22351743253385603     
  0.22489568681729846     
  0.23165105038236675     
  0.19683640695246241     
  0.23106540947058735     
  0.22244878683148595     
  0.22251651477787868     
  0.22396189095158281     
  0.23125888240329096     
  0.26506975824898182     
  0.21761686510518349     
  0.23167093031921446     
  0.21822339541320582     
  0.21617589991429556     
  0.22411544513537784     
  0.22967499983420722     
  0.24944038883049643     
  0.25233802866755661     
  0.25072576683277359     
  0.22776773592288996     
  0.25258518586056466     
  0.22983718475408407     
  0.23707778414690525     
  0.23272147577247054     
  0.23552023035439579     
  0.22813346193789882     
  0.24461379397418526     
  0.23842289494057484     
  0.21729434145552759     
  0.22990879751493717     
  0.23499045728548146     
  0.22143361089398764     
  0.22819573778849889     
  0.22854233969767770     
  0.23436212513132426     
  0.24622808131767721     
  0.24376937146469985     
  0.22421346631527864     
  0.22732739328395646     
  0.24653706766116815     
  0.22933536635768673     
  0.23388172079099037     
  0.25029682702540318     
  0.24205298298320307     
  0.24045900304224235     
  0.21354626539704324     
  0.23768055719610254     
  0.25270759643596474     
  0.23793858572496834     
  0.22758082407193692     
  0.21155751839842210     
  0.22818731866016190     
  0.22563058500665048     
  0.23928048454930650     
  0.22813995045721236     
  0.25191353491863733     
  0.20440861424239190     
  0.24173098094781739     
  0.21082569465539933     
  0.26676397525307927     
  0.23238844795472405     
  0.25588243274100647     
  0.21880727814272002     
  0.22177009737920536     
  0.22566116452932064     
  0.23811333991980951     
  0.23071489601711939     
  0.21948295037506538     
  0.24878862514360664     
  0.26014318270562797     
  0.26572500148539413     
  0.23133925515118975     
  0.21478107173974187     
  0.22586172796218693     
  0.24932971515489849     
  0.21781085003679063     
  0.24283381073477206     
  0.23654544690951038     
  0.22729257072391559     
  0.23509917210484443     
  0.24148615484804911     
  0.24737140859005960     
  0.23366548808196291     
  0.25530607058400595     
  0.22453284810150570     
  0.24153493318901181     
  0.24512965022384645     
  0.21423443483169294     
  0.22722450131104799     
  0.23469443914351523     
  0.22390243617773489     
  0.25171705566275576     
  0.23679320192568160     
  0.23102912096747577     
  0.22690734625580947     
  0.23220246251927859     
  0.23087927005626868     
  0.23952709553974358     
  0.23164804574292666     
  0.24084967812837657     
  0.22949013451032862     
  0.21542351658933315     
  0.19973621864576438     
  0.22753177911892983     
  0.24326434975699923     
  0.22456865248418073     
  0.25543350341031817     
  0.22111461329643989     
  0.24343589582191485     
  0.26625833761335715     
  0.21538735879795892     
  0.23188780147094801     
  0.23114599749310988     
  0.23661995073477046     
  0.24422289584336002     
  0.22270061307519717     
  0.22656878119890789     
  0.20748131013366217     
  0.22761960865454076     
  0.25875750565964262     
  0.23587672383018291     
  0.22705216873236539     
  0.21833319523774880     
  0.24978507235227931     
  0.22287645626606101     
  0.21980921433173439     
  0.22657272831133804     
  0.21973226255959882     
  0.19799286386313172     
  0.23243567324711875     
  0.23260588672497781     
  0.25835338957423298     
  0.24868307393411604     
  0.25023186256567503     
  0.22246346350715271     
  0.23151963578056831     
  0.22009557027721111     
  0.21622115799963057     
  0.23038455290923460     
  0.23781073879598746     
  0.22081090324592539     
  0.22576798255035749     
  0.21230109937477101     
  0.20370935971329651     
  0.22086481914442824     
  0.22149476461904752     
  0.22669991844740137     
  0.20065819253049152     
  0.22992962069165451     
  0.22962321014726061     
  0.23166668115684932     
  0.26038173336080384     
  0.24273354158425428     
  0.21344027546320171     
  0.21411732651773477     
  0.23227651690487194     
  0.23152086000028871     
  0.24563749430117190     
  0.23606637492051760     
  0.24231044186017822     
  0.23882420086389211     
  0.23881160012103989     
  0.23885777788104939     
  0.25238124028267156     
  0.22426542362402188     
  0.24129518012048909     
  0.24049110914960550     
  0.25453866528330504     
  0.21748228376812684     
  0.22118562490770000     
  0.24070674151378163     
  0.24102079926965378     
  0.23759126337761446     
  0.22677105626865993     
  0.21830298467096979     
  0.21710681017733774     
  0.23162203277453389     
  0.24215392090462382     
  0.22088821181532164     
  0.21662463459582182     
  0.23106791302370613     
  0.22626145988055626     
  0.23332020620029900     
  0.24363787722176078     
  0.21968636959204813     
  0.23602165198995226     
  0.22461249508119457     
  0.22314229848701089     
  0.24106309114384511     
  0.21293047641210155     
  0.21239284042875053     
  0.23198450214704100     
  0.24070549505954655     
  0.22796765242421249     
  0.23977462856843657     
  0.24065494058750608     
  0.23557911610599055     
  0.23812187882107799     
  0.23144312476860224     
  0.22767582963812111     
  0.25830776906985869     
  0.24249726223871976     
  0.23134755982249999     
  0.23109330962305485     
  0.24255056935967642     
  0.22409667769993150     
  0.20744536802886368     
  0.23156343565814166     
  0.22681939025942949     
  0.21740350847573534     
  0.23324959006921037     
  0.23021961453604831     
  0.21207041882696070     
  0.23789534628720788     
  0.24482555420794846     
  0.24141553116987399     
  0.24615310956567768     
  0.21408753254883081     
  0.22098103470437833     
  0.24177311198481874     
  0.23140975833366101     
  0.22575628413603521     
  0.21922380586949497     
  0.22531267918678877     
  0.23904938307134815     
  0.22976501373680092     
  0.23705257507091437     
  0.23604884609296906     
  0.24055649852417610     
  0.22475131371482621     
  0.22155211051136597     
  0.23809281289932871     
  0.24126450081650694     
  0.24423669125498829     
  0.23290621478061513     
  0.23325857619812412     
  0.23642081233343124     
  0.24118112220474694     
  0.23896428305905099     
  0.22737382999708897     
  0.20581745799605794     
  0.22885648567607922     
  0.22087763348287057     
  0.20844405903254795     
  0.22634811037918665     
  0.23907785528318870     
  0.22110484080334303     
  0.24137889772430240     
  0.22317508075337789     
  0.22806820651585710     
  0.25767387875849412     
  0.23333108920196399     
  0.19749511124770175     
  0.24308891530600779     
  0.22016099443009898     
  0.22715164913589728     
  0.22199096236921542     
  0.23472978388627508     
  0.23378807750229674     
  0.22091125737731704     
  0.24834605222917677     
  0.23071178356982139     
  0.23502956453009394     
  0.22400302924870635     
  0.24127129235202496     
  0.22639591586498445     
  0.23162480603424349     
  0.22974045717026048     
  0.23953804080140614     
  0.24634566280094719     
  0.21156366671898283     
  0.22937368741086953     
  0.24411067645969445     
  0.23555815420808313     
  0.22456561595405194     
  0.23324852674780258     
  0.22437391078713012     
  0.22584987897169406     
  0.23524738466311104     
  0.23639992144413532     
  0.22371821471192474     
  0.22149222491797857     
  0.23145753096777183     
  0.24581421286246222     
  0.22694219152859718     
  0.21771490076626798     
  0.22942729207856691     
  0.21980357700145983     
  0.20889354091884052     
  0.21773229762729066     
  0.23950457935513975     
  0.24249712257406622     
  0.22115602106077337     
  0.24362267668121837     
  0.24969718733928559     
  0.21760308772239625     
  0.22002988809874718     
  0.23780639739304588     
  0.26192011406968296     
  0.23344801751074623     
  0.23029962640401005     
  0.23928651089480413     
  0.23389804034460776     
  0.22211810514942432     
  0.22884568092731064     
  0.21429941975730443     
  0.23839503559548975     
  0.21767752373810534     
  0.22965971991048720     
  0.21910674632974891     
  0.23439287258231079     
  0.21717927214449931     
  0.19512742985542639     
  0.22200124682472122     
  0.23105087505498034     
  0.22546739351481934     
  0.22779755064473442     
  0.24185823784308277     
  0.22394994254645531     
  0.20910005991597883     
  0.21536609463896109     
  0.20853916978998527     
  0.23208249938044806     
  0.23198274288152113     
  0.23302102675709410     
  0.22945665961485084     
  0.22320426350669881     
  0.23259005915588324     
  0.24166358229249066     
  0.21789596102523245     
  0.24918548780368519     
  0.24176755027941074     
  0.21309644911891376     
  0.24234607276135792     
  0.23218560572201150     
  0.24481891228622779     
  0.22887439996867753     
  0.23089917302579388     
  0.23749034241065015     
  0.24065254936744260     
  0.23239698637230652     
  0.20786089717261805     
  0.23662839815765710     
  0.23852384601886772     
  0.22194723122653806     
  0.25347906154723704     
  0.22613601884478232     
  0.22300286714122944     
  0.24096938286006028     
  0.21401260470573660     
  0.24198591584114026     
  0.23205565094359915     
  0.20704193999998707     
  0.23751736186697367     
  0.23305322720656635     
  0.21700579004106213     
  0.22877962477073363     
  0.24457359283855706     
  0.25898985467264402     
  0.24856508061675192     
  0.23721037772862760     
  0.24054447090250936     
  0.22015366489607530     
  0.24022475421326620     
  0.22745991594660503     
  0.22183179498990191     
  0.23135867652318645     
  0.20100163293821094     
  0.20621787297932381     
  0.20902798600019734     
  0.22989811871830201     
  0.24414167338306297     
  0.25038104086689411     
  0.24333439499871515     
  0.24833249598615020     
  0.23557683575496743     
  0.20915287639839128     
  0.23192276196368034     
  0.24043108979673133     
  0.23281129734664471     
  0.22879689309835330     
  0.23709411166636080     
  0.22935987685398176     
  0.23370572594624853     
  0.23051267394592945     
  0.21150275279556308     
  0.22853229727274751     
  0.22727188452529465     
  0.21575345790830497     
  0.21755457968174846     
  0.20746570733650008     
  0.26228333697369338     
  0.23587776003788188     
  0.21349692539531509     
  0.22016859503210012     
  0.24694114986355467     
  0.24810969463134827     
  0.23923911584730370     
  0.23603099866256450     
  0.22560073277530601     
  0.24428986072962749     
  0.25596815813045759     
  0.21801308498894950     
  0.22426869615051637     
  0.23423362788168475     
  0.21676361285865492     
  0.22378572521758025     
  0.21871647450820006     
  0.22549251944705312     
  0.23055506582834071     
  0.22737618657679312     
  0.23731917889921109     
  0.22443213270659379     
  0.22347472081865494     
  0.22498335227696448     
  0.22871103047543867     
  0.23138326441860738     
  0.22267762249925935     
  0.25788507137257660     
  0.21089242716269904     
  0.22020306156989150     
  0.23110580736016859     
  0.24123481756128226     
  0.24449402616384810     
  0.24009275120040055     
  0.24334204419420699     
  0.22394957541108115     
  0.21956384284432892     
  0.22613211105378486     
  0.23230863353080775     
  0.22778585419309424     
  0.22695176927310642     
  0.21233973756153487     
  0.24678010906301601     
  0.23726478161268896     
  0.24517776110396181     
  0.24702829949754482     
  0.23268633119443372     
  0.23514076825134747     
  0.23251646199147991     
  0.22693024912128137     
  0.22337261655688467     
  0.22373082218689783     
  0.23152275719980794     
  0.23011520075078276     
  0.22707509056929559     
  0.23099291009699841     
  0.23169375993800803     
  0.21998558223794656     
  0.23938976921057947     
  0.21609694120983272     
  0.24083533377536934     
  0.24482013329034447     
  0.24056799377279858     
  0.23322601904975970     
  0.21374534057930619     
  0.25305318853628600     
  0.24557977945726872     
  0.21638854578246880     
  0.21208460254043027     
  0.22240384090230794     
  0.22571315236915782     
  0.22240698598888553     
  0.22680280419332804     
  0.24065400150663538     
  0.22949173336149956     
  0.22763420768141968     
  0.19616078247716606     
  0.21466812049954195     
  0.23580769195704462     
  0.24847222579180567     
  0.22816887981454043     
  0.23763243895345659     
  0.22086834882358783     
  0.21701903110392359     
  0.23485770359975003     
  0.23612075063748184     
  0.24193143572849299     
  0.24040364071986697     
  0.21475079502625571     
  0.23066898241501749     
  0.22585402573435368     
  0.20060060027451090     
  0.21676134796048796     
  0.22992557537796815     
  0.21598449854061716     
  0.23598886338819874     
  0.21855640880977700     
  0.21355447285987986     
  0.22844370058358990     
  0.20387043685844058     
  0.21853124841273375     
  0.21809399540084015     
  0.21440150506482275     
  0.23870222064058985     
  0.23610079795041464     
  0.20429426458465802     
  0.22983586054905428     
  0.23572403726194255     
  0.23616961443826034     
  0.21411960933764354     
  0.21849340964017910     
  0.23699473514477448     
  0.22772295016664679     
  0.21596852376971890     
  0.22987526355772683     
  0.21772579850614737     
  0.23185278778683663     
  0.23097864355079953     
  0.23028706427591522     
  0.21077634971345552     
  0.23804310277273802     
  0.21805739619617484     
  0.23178750134819145     
  0.21010741468605357     
  0.22077006388608833     
  0.24064754552266590     
  0.23401240366205805     
  0.22315496769831097     
  0.22940383927775443     
  0.21615061195305185     
  0.23443207494764270     
  0.21411660017120995     
  0.24780220620096632     
  0.24719479469924238     
  0.23691957737079067     
  0.23067948024662491     
  0.25450117286092083     
  0.24084474873443942     
  0.23952869825962603     
  0.23128050337131142     
  0.22422379241972865     
  0.21950140312636560     
  0.23964342590361826     
  0.23721733907700038     
  0.21785601202201152     
  0.22702085291348142     
  0.23763407516094201     
  0.23550069061110510     
  0.25013114475826131     
  0.21841551448498403     
  0.23446403533353968     
  0.23023944264088744     
  0.18630741405419152     
  0.22720709249448859     
  0.21638317886713471     
  0.23573611005696571     
  0.26145898992161198     
  0.25268213749213175     
  0.23865500556213967     
  0.22577306546643194     
  0.24505117993256881     
  0.21969526745065487     
  0.21884315423559861     
  0.23897450895334754     
  0.21743296013040683     
  0.21043202551163270     
  0.22905669526316080     
  0.23475698246884663     
  0.23998897772000319     
  0.21924711384715703     
  0.24016157122998058     
  0.22826685526171053     
  0.21544863176628012     
