   1.0000000000000000     
  0.16950492743540982     
  0.10705519574220008     
   2.6462787590313036E-002
   7.8475682630261070E-002
  -5.3016172538633893E-003
  -2.5786742883420723E-002
  -6.0683872144341221E-003
  -2.2865047297088121E-002
  -1.6096564749667579E-002
   8.9111191846311347E-002
  -1.0846584640534071E-002
  -6.8724804321157379E-002
  -3.9363981375942875E-004
   3.4894221840415518E-002
  -4.5838827769742758E-003
  -6.5015683793299014E-002
   1.3978075533166020E-002
  -1.7011621989248490E-002
  -1.8496239965552223E-002
  -9.7567487771265740E-002
  -8.0603038435657207E-002
   4.8713425010728034E-002
  -1.4855691306275500E-003
   5.8881851926291164E-003
  -5.1956479779803950E-002
  -6.0272564660947554E-002
  -1.8405793707469271E-002
   5.3320654213714361E-002
   2.1980217904302452E-002
   4.9309467495051709E-003
  -9.9393744359551586E-004
   4.1214445690051602E-002
   3.2384071097431083E-003
  -4.1437508332193916E-002
  -1.7837012800241948E-002
   1.1010721145604401E-002
 -0.12861888410663980     
  -5.9318830000402924E-002
  -7.6697574487700190E-002
   4.0017353213074174E-004
  -2.1590046848136854E-002
  -2.3854349019736258E-002
  -4.9311245170542313E-002
  -3.6792342164811795E-002
   2.7621931138000131E-002
   6.6637997271456251E-002
  -7.9825704961368510E-002
  -2.8766880021844327E-002
   7.6115566711142026E-003
   6.6645391854906699E-002
  -4.2193585500328021E-002
   4.8067659493889039E-002
   4.8555050191483533E-002
  -8.9406349194722391E-003
   5.8106244700283395E-003
  -3.6310046618368258E-002
  -4.8967419164206612E-002
  -3.9216553472594833E-002
   1.9205182810769807E-002
   5.1137433122493990E-002
  -3.8632606747802362E-002
  -4.8186196665715227E-002
   9.1683971434704123E-002
  -2.9099758900165286E-002
  -1.7191366342151768E-002
  -2.3845812404917521E-002
   4.7942450176718839E-003
   2.3798726989305772E-002
   5.8606729282600981E-002
  0.11518384290350489     
   5.8177304065103158E-002
  -2.6120561044546922E-004
   5.0411481091782014E-002
   7.2478240967603830E-002
   6.7847360273359081E-002
   5.5391678893808922E-002
   6.7551494975180981E-002
   1.8156231882599121E-002
  -1.3306812387490491E-002
  -2.2000407831251664E-002
   3.6793669979596410E-003
  -2.0536235343960967E-002
  -4.5363059205564368E-002
  -6.9423715923867840E-002
   1.5869416562156087E-004
  -7.1029938610321378E-002
  -6.0223100227053072E-002
   1.6565379058374789E-002
  -2.3712592388008508E-002
  -8.9736233670586044E-002
   4.3159648612843861E-002
  -4.6718745133926147E-002
  -6.8637046986442768E-002
  -4.3281668266186769E-002
  -1.7107318650451168E-002
  -3.6201815597344429E-002
  -7.3088754116071825E-002
   5.4375917277318886E-002
   8.3649277417285103E-002
   6.2012259070292383E-002
   5.1200555263543543E-002
   1.5713633002954360E-002
  -1.2658779835714711E-002
   4.9715231204680604E-002
  -4.0144908057519607E-002
   8.9305565213288127E-003
  -9.2446882410359334E-003
   1.9008281011856771E-002
   5.6710334962701003E-003
  -2.2651224545438043E-002
  -2.8826995668668538E-002
 -0.10695949108711679     
   4.5369368781495792E-002
  -5.4239180285644922E-002
   3.6900345526400945E-002
  -8.5934972971529341E-002
   1.1044276881506866E-002
   3.6813284559561288E-002
  -2.8807820216656999E-004
  -4.2032170270040449E-002
   3.5215018535286254E-002
  -1.5263237559826223E-002
   4.8130535456527998E-002
   4.2060084324319736E-004
   2.5712336483576795E-002
  -1.8881001994578648E-004
   3.2967496278794119E-002
   6.8873068532968054E-002
   2.6209634104623104E-002
   2.0538287514230699E-002
   2.3167295041868459E-003
  -3.1166749140824047E-003
  -6.2315440834298463E-002
  -2.6627690495014872E-002
  -2.5669023488240097E-002
  -3.8889481392982005E-002
  -1.2809474253603508E-003
  -8.9081131192292065E-002
  -8.7160330903437375E-003
   5.0765158474836272E-002
   7.6749124936968505E-002
  -4.0425343051317585E-002
   1.1243065838164817E-002
   3.2356510453799274E-002
  -1.7544764265464308E-002
   4.8072344245452415E-003
  -2.6900788049755472E-002
  -1.6656858600347751E-002
   1.1753153966125337E-002
   1.8437383653135981E-002
   5.0929771716021061E-002
  -1.6762686893454604E-002
   1.3867108333413921E-002
   8.2947889401839961E-002
  -2.2751156807542219E-002
  -6.1144238637878559E-002
  -1.6976782986381722E-002
  -2.5386669047485644E-003
   6.7590721928178235E-002
  -5.4248176253842227E-002
  -4.1655644203738497E-002
  -9.0693597787505797E-002
   1.2334416927639164E-003
  -6.6105353796595420E-002
 -0.11670715508931834     
 -0.14489304000536668     
  -8.9213361368788130E-002
   4.5519887273847755E-003
  -2.0375810501271085E-002
   6.8494267641495870E-003
   5.0906321941264945E-002
   6.8161897732635895E-002
   9.7700658286039591E-002
   7.6718725721919567E-002
  -1.2293283983900609E-002
   3.4527397830437422E-002
   4.8023685594608928E-002
   2.7359721623983368E-002
  -7.0254906083051273E-003
  -4.3003562176250218E-002
   1.8076399210458304E-002
   4.4861623776836716E-002
   2.2518385432894861E-002
   1.5823511536675286E-002
  -8.5148386373298714E-003
   4.7480703011431501E-002
  -1.4341460384903948E-002
  -7.1915847001659990E-003
   3.9676308420974520E-002
  -1.0108479122045577E-002
   8.4661206937688693E-003
   3.8270202687542831E-003
  -2.0436079225573878E-002
  -1.5725174085136108E-002
   4.0156864240455531E-002
   3.1090602819897555E-002
  -3.5539460127921890E-002
   2.8842405924094379E-002
   1.8755890784493648E-002
  -1.8455251538961270E-002
  -9.2014206644765748E-004
  -6.6444541701127767E-004
   3.4385316331319200E-003
   2.3473877132846051E-002
  -1.8692764178528960E-002
   3.0631789753613081E-002
   4.1238846512216144E-003
  -2.2307678634145327E-002
  -4.0361340961503414E-003
  -7.3097196333844400E-002
  -2.7819728733255618E-002
  -5.0694179354697909E-002
   4.0717469248792500E-002
  -2.2347799058911717E-002
  -5.1495965821881637E-002
  -1.8013775458973393E-002
   7.0885207429727787E-002
  -1.3434432009481948E-002
   1.8434476058954541E-002
   8.4483524744742959E-003
  -3.8340461425881600E-002
   4.7282995810076826E-002
   6.8254822706139195E-002
   2.7258908371704239E-002
  -1.9316532143462805E-003
   2.9010173380636002E-002
  -2.1015479366702106E-002
   4.9710185091508374E-002
  -4.3086455379613184E-002
  -4.6138167568045424E-002
  -1.8762092229592180E-002
  -1.1931914379568923E-002
  -6.5857410419276577E-002
  -3.3707030400407484E-002
  -3.1866562465856944E-002
  -3.9968773957276243E-002
 -0.11740427972271331     
  -6.6468961172758745E-002
  -3.2316377381346698E-002
  -9.3177000595089585E-002
  -5.3593520063722521E-003
   7.8656021860370323E-002
   2.5445474167392654E-003
  -3.9653174046294933E-002
   2.0038484965786696E-002
  -5.1668181431894902E-002
   5.7994204471446389E-002
   6.3510958790940250E-002
   9.6841203526705777E-002
   1.2113567831535374E-002
   9.6841203526705819E-002
   6.3510958790940361E-002
   5.7994204471446389E-002
  -5.1668181431894847E-002
   2.0038484965786668E-002
  -3.9653174046294877E-002
   2.5445474167392797E-003
   7.8656021860370323E-002
  -5.3593520063722564E-003
  -9.3177000595089404E-002
  -3.2316377381346732E-002
  -6.6468961172758703E-002
 -0.11740427972271344     
  -3.9968773957276250E-002
  -3.1866562465856993E-002
  -3.3707030400407484E-002
  -6.5857410419276660E-002
  -1.1931914379568951E-002
  -1.8762092229592214E-002
  -4.6138167568045417E-002
  -4.3086455379613184E-002
   4.9710185091508312E-002
  -2.1015479366702113E-002
   2.9010173380636047E-002
  -1.9316532143462671E-003
   2.7258908371704270E-002
   6.8254822706139320E-002
   4.7282995810076875E-002
  -3.8340461425881600E-002
   8.4483524744742890E-003
   1.8434476058954562E-002
  -1.3434432009481892E-002
   7.0885207429727787E-002
  -1.8013775458973397E-002
  -5.1495965821881651E-002
  -2.2347799058911724E-002
   4.0717469248792500E-002
  -5.0694179354697999E-002
  -2.7819728733255576E-002
  -7.3097196333844303E-002
  -4.0361340961503492E-003
  -2.2307678634145321E-002
   4.1238846512216378E-003
   3.0631789753613102E-002
  -1.8692764178528984E-002
   2.3473877132846044E-002
   3.4385316331319643E-003
  -6.6444541701129024E-004
  -9.2014206644768404E-004
  -1.8455251538961340E-002
   1.8755890784493658E-002
   2.8842405924094407E-002
  -3.5539460127921897E-002
   3.1090602819897551E-002
   4.0156864240455489E-002
  -1.5725174085136101E-002
  -2.0436079225573885E-002
   3.8270202687543144E-003
   8.4661206937688849E-003
  -1.0108479122045622E-002
   3.9676308420974478E-002
  -7.1915847001659556E-003
  -1.4341460384903963E-002
   4.7480703011431563E-002
  -8.5148386373298732E-003
   1.5823511536675276E-002
   2.2518385432894854E-002
   4.4861623776836758E-002
   1.8076399210458331E-002
  -4.3003562176250232E-002
  -7.0254906083051126E-003
   2.7359721623983379E-002
   4.8023685594608935E-002
   3.4527397830437422E-002
  -1.2293283983900642E-002
   7.6718725721919581E-002
   9.7700658286039799E-002
   6.8161897732635965E-002
   5.0906321941264883E-002
   6.8494267641495922E-003
  -2.0375810501271088E-002
   4.5519887273847816E-003
  -8.9213361368788158E-002
 -0.14489304000536657     
 -0.11670715508931825     
  -6.6105353796595392E-002
   1.2334416927639589E-003
  -9.0693597787505922E-002
  -4.1655644203738518E-002
  -5.4248176253842206E-002
   6.7590721928178180E-002
  -2.5386669047485970E-003
  -1.6976782986381743E-002
  -6.1144238637878587E-002
  -2.2751156807542222E-002
   8.2947889401839975E-002
   1.3867108333413952E-002
  -1.6762686893454615E-002
   5.0929771716020998E-002
   1.8437383653136009E-002
   1.1753153966125347E-002
  -1.6656858600347754E-002
  -2.6900788049755493E-002
   4.8072344245452319E-003
  -1.7544764265464273E-002
   3.2356510453799281E-002
   1.1243065838164836E-002
  -4.0425343051317571E-002
   7.6749124936968449E-002
   5.0765158474836272E-002
  -8.7160330903437548E-003
  -8.9081131192292107E-002
  -1.2809474253603610E-003
  -3.8889481392982005E-002
  -2.5669023488240107E-002
  -2.6627690495014875E-002
  -6.2315440834298533E-002
  -3.1166749140823964E-003
   2.3167295041868360E-003
   2.0538287514230705E-002
   2.6209634104623097E-002
   6.8873068532968054E-002
   3.2967496278794174E-002
  -1.8881001994579670E-004
   2.5712336483576844E-002
   4.2060084324319264E-004
   4.8130535456528040E-002
  -1.5263237559826191E-002
   3.5215018535286281E-002
  -4.2032170270040449E-002
  -2.8807820216655817E-004
   3.6813284559561260E-002
   1.1044276881506845E-002
  -8.5934972971529272E-002
   3.6900345526400910E-002
  -5.4239180285644971E-002
   4.5369368781495743E-002
 -0.10695949108711675     
  -2.8826995668668545E-002
  -2.2651224545438064E-002
   5.6710334962701073E-003
   1.9008281011856781E-002
  -9.2446882410359699E-003
   8.9305565213287780E-003
  -4.0144908057519586E-002
   4.9715231204680681E-002
  -1.2658779835714680E-002
   1.5713633002954350E-002
   5.1200555263543467E-002
   6.2012259070292446E-002
   8.3649277417285159E-002
   5.4375917277318879E-002
  -7.3088754116071880E-002
  -3.6201815597344457E-002
  -1.7107318650451127E-002
  -4.3281668266186762E-002
  -6.8637046986442810E-002
  -4.6718745133926112E-002
   4.3159648612843902E-002
  -8.9736233670586099E-002
  -2.3712592388008484E-002
   1.6565379058374775E-002
  -6.0223100227053142E-002
  -7.1029938610321530E-002
   1.5869416562164893E-004
  -6.9423715923867896E-002
  -4.5363059205564313E-002
  -2.0536235343960978E-002
   3.6793669979596480E-003
  -2.2000407831251702E-002
  -1.3306812387490501E-002
   1.8156231882599048E-002
   6.7551494975180953E-002
   5.5391678893808902E-002
   6.7847360273359081E-002
   7.2478240967603871E-002
   5.0411481091782007E-002
  -2.6120561044548038E-004
   5.8177304065103165E-002
  0.11518384290350481     
   5.8606729282600918E-002
   2.3798726989305786E-002
   4.7942450176718197E-003
  -2.3845812404917573E-002
  -1.7191366342151765E-002
  -2.9099758900165314E-002
   9.1683971434704165E-002
  -4.8186196665715227E-002
  -3.8632606747802362E-002
   5.1137433122494032E-002
   1.9205182810769827E-002
  -3.9216553472594839E-002
  -4.8967419164206605E-002
  -3.6310046618368251E-002
   5.8106244700283482E-003
  -8.9406349194722321E-003
   4.8555050191483547E-002
   4.8067659493888991E-002
  -4.2193585500328021E-002
   6.6645391854906713E-002
   7.6115566711142070E-003
  -2.8766880021844337E-002
  -7.9825704961368496E-002
   6.6637997271456278E-002
   2.7621931138000138E-002
  -3.6792342164811795E-002
  -4.9311245170542375E-002
  -2.3854349019736227E-002
  -2.1590046848136868E-002
   4.0017353213075030E-004
  -7.6697574487700121E-002
  -5.9318830000402951E-002
 -0.12861888410663982     
   1.1010721145604445E-002
  -1.7837012800241941E-002
  -4.1437508332193930E-002
   3.2384071097431182E-003
   4.1214445690051588E-002
  -9.9393744359551239E-004
   4.9309467495051718E-003
   2.1980217904302456E-002
   5.3320654213714340E-002
  -1.8405793707469226E-002
  -6.0272564660947561E-002
  -5.1956479779803930E-002
   5.8881851926291303E-003
  -1.4855691306275597E-003
   4.8713425010727979E-002
  -8.0603038435657276E-002
  -9.7567487771265740E-002
  -1.8496239965552237E-002
  -1.7011621989248511E-002
   1.3978075533166021E-002
  -6.5015683793299098E-002
  -4.5838827769742428E-003
   3.4894221840415546E-002
  -3.9363981375943287E-004
  -6.8724804321157365E-002
  -1.0846584640534035E-002
   8.9111191846311374E-002
  -1.6096564749667558E-002
  -2.2865047297088149E-002
  -6.0683872144341490E-003
  -2.5786742883420671E-002
  -5.3016172538633615E-003
   7.8475682630261084E-002
   2.6462787590313029E-002
  0.10705519574220007     
  0.16950492743540985     
