   1.0000000000000000     
  0.43710563327510848     
  0.11894178395664448     
  0.13529717627147261     
  0.12975236646597904     
  0.10193973601248102     
   8.6670542926100561E-002
  0.14182219406515154     
  0.19377478738278500     
   9.8906851566063742E-002
  0.11076079947193537     
   9.1508689605587779E-002
  0.17965050332910085     
  0.13827283819361180     
   5.2461702968622043E-002
   9.1026734026980610E-002
   1.6220651294546421E-002
   4.3597276601086608E-002
   6.5407357873233124E-002
  0.16321897640638033     
   8.4671648109280365E-002
 -0.12302557604125380     
  -2.8603226921694095E-002
   5.9858218813072107E-002
  -5.1603601094481887E-002
  -1.0477231744035161E-003
  -2.5461557563065448E-003
  -7.1479748433838815E-003
 -0.10276643988813988     
  -5.9548050355230059E-002
  -5.3574819510850014E-003
  -7.2609910573651598E-002
 -0.11986576859260099     
 -0.21569731004541687     
 -0.20998050445783648     
  -3.5391710453776787E-002
  -9.7026221615603717E-002
 -0.16357034577574911     
 -0.11709235562902463     
  -8.6767178064348027E-002
 -0.19752138190606777     
 -0.22431094876098318     
  -8.8392225259156326E-002
 -0.22654560543122126     
 -0.23747846087082436     
 -0.13596559144659159     
 -0.11073131579711369     
 -0.16135748345929318     
 -0.11538491073174995     
  -7.6972021933236143E-002
   6.6882024430001782E-002
  -7.6972021933236129E-002
 -0.11538491073174995     
 -0.16135748345929302     
 -0.11073131579711366     
 -0.13596559144659165     
 -0.23747846087082450     
 -0.22654560543122121     
  -8.8392225259156340E-002
 -0.22431094876098326     
 -0.19752138190606777     
  -8.6767178064348041E-002
 -0.11709235562902458     
 -0.16357034577574908     
  -9.7026221615603730E-002
  -3.5391710453776815E-002
 -0.20998050445783639     
 -0.21569731004541695     
 -0.11986576859260108     
  -7.2609910573651612E-002
  -5.3574819510850344E-003
  -5.9548050355230080E-002
 -0.10276643988813988     
  -7.1479748433838520E-003
  -2.5461557563065647E-003
  -1.0477231744034960E-003
  -5.1603601094481866E-002
   5.9858218813072128E-002
  -2.8603226921694085E-002
 -0.12302557604125383     
   8.4671648109280406E-002
  0.16321897640638042     
   6.5407357873233068E-002
   4.3597276601086643E-002
   1.6220651294546390E-002
   9.1026734026980582E-002
   5.2461702968622008E-002
  0.13827283819361183     
  0.17965050332910093     
   9.1508689605587792E-002
  0.11076079947193537     
   9.8906851566063714E-002
  0.19377478738278500     
  0.14182219406515154     
   8.6670542926100561E-002
  0.10193973601248105     
  0.12975236646597904     
  0.13529717627147264     
  0.11894178395664451     
  0.43710563327510832     
