   1.0000000000000000     
  -9.2751550801400975E-002
   1.0998531807109529E-002
  -7.7551862904194135E-002
 -0.12800278960647890     
   6.5929692992478098E-002
   7.8038714283924962E-002
  -1.4792047119536690E-002
  -1.1395001750370948E-002
 -0.10624454078285150     
  -4.5684404088198113E-002
  -8.3029792629952890E-003
  -2.9790337127719949E-002
   6.0144826594249003E-002
   1.1077304121677384E-003
  -1.6972149443074042E-002
   1.2701270759179529E-002
   3.8828128632685643E-002
   2.7645559916258448E-002
  -8.6940403202616950E-002
  -4.1806229751392997E-002
 -0.12841556619475386     
  -5.5463043025499044E-002
   3.6978159940948070E-003
  -5.5954243841180855E-002
   4.8581162807140851E-002
  -2.8590333036906442E-002
  0.13336856093711175     
  -7.0198879150238313E-004
 -0.15235145513545301     
  0.19003418899846564     
  -5.8356709637551483E-002
  -3.4574409223248710E-003
  -4.2308719744953489E-002
  -8.6371556279105172E-002
  -2.5450715820751400E-002
  -3.6001528175400269E-002
  -5.8447408044530288E-002
  -1.0310707926849509E-003
  -3.6237905759236640E-002
   1.3201368680203220E-002
  -2.5723185827645829E-002
   2.7072640761304934E-002
  0.14267413493597111     
   7.8647611374554907E-002
  -7.8740971381419025E-004
   2.4463656708387040E-002
   2.8666463713809914E-002
   4.4970856788130696E-003
 -0.10859339329900072     
  0.14835764779043067     
 -0.10859339329900078     
   4.4970856788131104E-003
   2.8666463713809931E-002
   2.4463656708387058E-002
  -7.8740971381413452E-004
   7.8647611374554879E-002
  0.14267413493597109     
   2.7072640761304948E-002
  -2.5723185827645833E-002
   1.3201368680203149E-002
  -3.6237905759236674E-002
  -1.0310707926849084E-003
  -5.8447408044530316E-002
  -3.6001528175400227E-002
  -2.5450715820751403E-002
  -8.6371556279105172E-002
  -4.2308719744953496E-002
  -3.4574409223248493E-003
  -5.8356709637551490E-002
  0.19003418899846555     
 -0.15235145513545306     
  -7.0198879150237641E-004
  0.13336856093711175     
  -2.8590333036906439E-002
   4.8581162807140817E-002
  -5.5954243841180841E-002
   3.6978159940948226E-003
  -5.5463043025499030E-002
 -0.12841556619475386     
  -4.1806229751392976E-002
  -8.6940403202616937E-002
   2.7645559916258469E-002
   3.8828128632685630E-002
   1.2701270759179510E-002
  -1.6972149443073997E-002
   1.1077304121677063E-003
   6.0144826594249003E-002
  -2.9790337127719932E-002
  -8.3029792629952508E-003
  -4.5684404088198030E-002
 -0.10624454078285153     
  -1.1395001750370953E-002
  -1.4792047119536699E-002
   7.8038714283924893E-002
   6.5929692992478084E-002
 -0.12800278960647893     
  -7.7551862904194149E-002
   1.0998531807109522E-002
  -9.2751550801400975E-002
