   6.6657264014281223E-002
   9.4082732118963314E-002
   5.6538651446801785E-002
   5.5565821110230264E-002
   6.0649739404524533E-002
   7.7421529021956412E-002
   5.9538394939364130E-002
   5.3383607794064245E-002
   5.0985777019057106E-002
   6.9163576048698591E-002
   7.7472036488772142E-002
   7.8608091525135843E-002
   8.8707204825328720E-002
   6.4151838841739514E-002
   6.4530037219682285E-002
   6.6072759153518262E-002
   5.6896678017124509E-002
   6.8883578892218189E-002
   8.4163739221887371E-002
   7.3708404189368040E-002
   8.0162621794638164E-002
   6.0991856244183879E-002
   5.8231973069492231E-002
   6.4156181675014509E-002
   5.8577058819734899E-002
   6.2666943275983683E-002
   7.7654228469206596E-002
   7.4161031093206348E-002
   5.7717693302081083E-002
   4.5496935586030796E-002
   5.4711407338734266E-002
   6.1885388229444491E-002
   6.6559091336751100E-002
   9.4403484841419374E-002
   5.8203343747959130E-002
   6.7353831548661924E-002
   5.1273261727887182E-002
   5.9865075881702846E-002
   7.3367143506507637E-002
   5.9479130000803897E-002
   7.0505082366326466E-002
   6.8054743176044055E-002
   7.9997810995389787E-002
   8.6885563548167705E-002
   7.2461429799783386E-002
   5.7355399320739825E-002
   5.3862206763782616E-002
   5.6426159138070850E-002
   7.1800926103644316E-002
   6.9403174410610363E-002
   6.8200345286030792E-002
   7.1152859520592318E-002
   6.5814501150698299E-002
   6.1581009700077370E-002
   5.2413899802872296E-002
   6.2401361234715270E-002
   4.4644059973080373E-002
   7.8220392112637607E-002
   4.4241683526513934E-002
   4.5029572794788537E-002
   5.8223308368011040E-002
   6.1863082697814896E-002
   6.4640886178827683E-002
   6.6921756016445413E-002
   5.7250389324465099E-002
   7.8078625850890218E-002
   7.2251127918593477E-002
   5.9541139282562675E-002
   6.4852295453694711E-002
   7.0500253163325990E-002
   5.1573528242829673E-002
   4.6023620086332567E-002
   6.6565073732252650E-002
   7.8165038354559443E-002
   5.0531055486565023E-002
   5.3957247010581605E-002
   6.6313899966729511E-002
   6.3493453406893177E-002
   7.3246032847957221E-002
   6.3583643496180148E-002
   8.3571575104658999E-002
   5.2298243195068247E-002
   6.1038189999419963E-002
   5.5865425501276933E-002
   5.2691349555129670E-002
   5.8085574756264358E-002
   6.0016111174335661E-002
   7.2926393690280075E-002
   6.5590065644236348E-002
   5.8535923140559248E-002
   8.1567155631888016E-002
   8.0287267412138028E-002
   5.3918414369121495E-002
   7.0836168940003344E-002
   6.9363836694958436E-002
   6.2140975050655897E-002
   7.3342224660897071E-002
   5.9244887624064775E-002
   5.7859931611831214E-002
   5.8280966216101057E-002
