  0.99899999999475830     
  0.29305180668733399     
   7.5073104990031267E-002
   5.8139036361771817E-003
  -1.4486172865583343E-002
  -4.0325329346673012E-003
  -8.6316065730798995E-003
   4.1923275425500464E-002
  -2.5840794093993247E-002
   5.5555751505879224E-003
  -1.4245258223604994E-002
  -1.1074049975322721E-002
   2.5870944026320421E-002
  -1.5082835703205533E-002
   1.1173912778493054E-002
   1.1063916111468897E-002
   1.5350028515675991E-002
  -4.9359882697362903E-003
   2.0857611401918479E-002
   1.3222124943273690E-002
   5.2020517961507487E-002
   2.2825797950230785E-002
   2.1061167960606999E-002
   7.1490222167153158E-002
   2.4224662347265231E-002
  -3.0832120510051637E-002
  -1.8494881780685462E-002
   1.2862306357658566E-002
   1.7072625413307965E-002
   2.1375842431418973E-002
   2.2184938737506672E-002
  -4.3352644799222288E-002
  -1.3054928463135114E-002
   3.2158650354300006E-003
  -1.6301809866766930E-002
  -3.9135253074727122E-002
  -3.7071140120421326E-003
  -3.2413466029373200E-002
  -1.1245566741670579E-002
   3.3904996301232643E-002
  -2.2774840852559631E-003
   1.6437713013472185E-002
  -9.0163634736468348E-003
   4.0914111567145250E-002
   1.5919498455256698E-002
   2.0027593640655249E-003
   2.7369708790049487E-002
  -6.9105281358843940E-003
  -5.9277564762335200E-002
  -8.8074375391278478E-002
  -3.7600945706548712E-002
  -3.7149597278114878E-002
   7.3184780266917198E-003
  -2.5520650438210807E-002
  -1.7885593969832775E-002
   3.7136182853187039E-002
   1.9616835426841811E-002
  -2.0346916608855629E-002
  -1.5055167996936685E-002
   1.2933932326311182E-002
   6.4002306281311701E-003
   2.6816458979678309E-002
   2.9581322379819686E-002
   1.3677571250247674E-002
  -1.3067321124695287E-002
  -2.5992596532105290E-002
  -6.9294690850328342E-002
  -8.7432256385720927E-002
  -3.6088701885801100E-002
   4.2661726482960613E-003
  -1.6220663669598130E-002
  -5.8957873709637815E-002
   1.5151360331219343E-002
   4.2124183514643337E-002
   2.9213162931023509E-002
   5.9267694920252564E-002
  -5.8430719490970627E-004
   1.3406881478547255E-003
  -3.6935197210927959E-002
  -4.6631195941727634E-002
  -6.6052475305702102E-002
  -5.0560223266677126E-002
   7.3038117624762821E-003
  -3.9239491285009379E-002
   6.4469153099363562E-003
  0.10419454839830539     
   2.2852291065087786E-002
  -4.7021363655757056E-002
  -5.8837681747216104E-002
  -2.9439693726250143E-002
  -4.9355368622502650E-002
  -2.9265849632106277E-002
   1.0260356470241828E-002
  -2.9089579343938743E-002
  -5.8764905291612858E-002
  -3.5661132279402277E-002
  -3.9044294199553672E-002
   2.6928327461772861E-002
  -1.5362872758710391E-002
  -4.9226453143934562E-002
  -4.1781194867087951E-002
  -3.4862241722067908E-002
  -2.3037818440469534E-002
  -4.8861452678494774E-002
  -2.4633220316998779E-002
   1.7723154170481627E-002
   2.0609373966233482E-002
  -8.2360915727825081E-003
  -4.8613593316309128E-002
  -3.8104633787351946E-002
  -8.1545409645162270E-002
  -1.1776928138122497E-002
  -2.0833242585523770E-002
  -3.0128081944893116E-002
  -1.8546848542935986E-002
   3.2418508665667409E-002
   1.7002785463079966E-002
   4.1463435052023854E-003
   1.8039383721429977E-002
  -1.5857266077580031E-002
  -6.3604788970505213E-002
  -2.4685065299733987E-002
   6.6859132630069408E-005
   3.0252481040799237E-002
   6.8053647819802068E-002
   1.7921929867721446E-002
  -2.6957388413187894E-003
  -5.1427290325858049E-002
  -1.1024104822704425E-002
  -2.0239533126302327E-002
  -1.9568937754714027E-003
  -3.8249813943398416E-002
  -3.7749313517245343E-002
   3.9528282427995559E-003
   1.9596749531214312E-002
   5.7413827132217307E-002
   1.2013104912198921E-002
  -1.9010122927720211E-002
   6.0361864988437682E-003
  -2.4200640794371380E-002
   1.3495701023259261E-002
   3.0081004150207580E-002
  -4.4249053943185594E-003
  -5.4484587758876393E-002
   6.5889978297731661E-002
   8.2645647709010794E-003
   3.0632183454493728E-002
   3.7155982254175990E-002
   2.0374928341376216E-002
  -2.0770879976523705E-003
  -6.4655972696371789E-003
  -2.5288667889247340E-002
  -7.0958393194361369E-003
   5.7325171901298121E-002
   2.2628092348615528E-002
   2.1818329850314573E-002
  -5.9233952611536203E-002
  -2.9760637167838836E-002
   8.7748393435089656E-003
  -1.6260322430251307E-002
   6.4994116042878950E-003
   1.0629843090674744E-002
   3.5043136391551722E-003
   1.4859940738240093E-002
  -5.9356118682795458E-003
   5.4217811520575997E-003
   2.2229177923616950E-002
   2.4602924753854019E-002
  -7.5039420357625036E-002
  -1.8011562397250477E-002
   6.8079042642613274E-002
  -1.3926897537545221E-002
  -7.2004550174479320E-002
  -2.0218212595631651E-002
   7.3482891023093896E-002
   2.7434971173195339E-002
   4.3814338694691368E-002
   5.5105856195376585E-002
   2.5051221782183990E-002
   3.1455928086561835E-002
   5.7014353280392054E-002
   6.1659606402142658E-002
   1.8195606039740755E-002
  -1.8786592254820787E-002
  -3.8367713182772212E-002
  -2.2735709541560161E-002
  -8.7384080246042436E-003
  -1.8474156225148673E-002
  -2.2020522552888784E-002
   2.3013970128901223E-003
  -1.4430965420842681E-002
  -4.1231768490015627E-002
  -4.4204797488262393E-002
   1.7275680720991986E-002
   2.9968861684930959E-002
   2.5541425294806322E-003
   2.5702717743585377E-002
   1.9902936389154604E-002
   2.8891688395887277E-002
   1.9495931846208302E-002
   5.0588218394191859E-003
  -5.3021598955469096E-002
  -2.7853351216549332E-002
   1.6436035941204144E-002
   1.5994761852023386E-002
   2.1340108688794948E-003
  -3.3831816930674351E-002
   1.4077969120958307E-002
   1.7721223986628717E-002
   5.8178673527756485E-002
   4.1069804303331153E-002
  -2.8030059114110557E-002
  -5.8967451846882145E-002
   1.5021003087749294E-002
   3.2135309753446070E-002
   1.8269341188638562E-003
   1.2911784085372198E-002
   1.3282331082096857E-002
   5.3639137622391057E-003
   6.2125574498923308E-002
   8.8581904381156443E-002
  0.11085921726764776     
   4.9763708604869512E-002
   3.8726798722972591E-002
  -1.7375875731842089E-002
  -2.1464435153628839E-002
  -5.8703563058996279E-003
   7.2846503415758450E-003
   3.5642867472981385E-002
   2.4477739460049292E-002
  -2.3711560094561265E-002
  -6.5299431204331737E-002
  -5.4389957236831044E-002
   7.6490066867420450E-003
  -3.6846596936008183E-002
  -2.5165742656396749E-003
  -2.9094141089582078E-002
  -2.3046455966538877E-002
  -2.3144816031081154E-002
   9.2177004434157335E-003
   1.8335449838847939E-002
   2.1031737878452719E-002
   2.1606498196980562E-002
   1.1247063328348192E-003
  -2.1358422560992203E-002
  -5.4230037740428238E-003
  -5.0722764791845162E-002
  -4.0425231516646044E-002
  -2.2002205709137624E-002
   1.1797328377372655E-002
   2.4240654849862316E-002
  -6.1360007658159792E-003
  -8.8095882078006189E-003
  -7.3268079874771047E-002
  -9.8101748609275063E-002
  -3.3652503379837585E-002
   6.2259311621382261E-003
   5.9072787743752794E-003
  -1.7991896977422504E-002
  -7.3266429665883219E-003
  -4.4367480778539803E-002
  -2.3951574561587415E-002
  -1.2197932622833821E-003
  -4.0694370246760689E-003
  -1.6778450213791952E-004
   1.5287516508213408E-002
  -1.2930169704195011E-002
  -4.0622124876071919E-002
  -3.1848006338007828E-002
  -4.1939011752817522E-002
   4.6780974806843442E-002
   5.9915627850587072E-002
   1.0072605249987446E-002
  -7.4354740530306870E-002
  -8.6155283262671800E-002
  -6.6616457622283437E-002
  -5.2013240870150822E-002
  -5.3298236210445500E-002
   5.4580227179067272E-004
  -4.6632864357303315E-004
   3.2280172055105673E-002
   8.5093418847763877E-002
   6.5901070078657309E-002
  -1.7488370366121983E-002
 -0.10650465579390697     
  -5.2459998114390935E-002
  -7.3668934908121375E-002
  -5.7777466201052077E-002
   2.7552004276779583E-002
  -3.2676910850510700E-002
  -4.3172316189087769E-002
  -7.2979162258472161E-002
  -8.1671466413483690E-002
  -3.3209141774852756E-002
   1.3582970944652405E-002
   3.7528920838694163E-002
   4.5609584788071651E-002
   4.0984518009459327E-002
   4.9932027862138413E-002
   5.5250071634733285E-002
   6.4811486366368021E-002
   7.5711281309101914E-003
  -2.3566553645260120E-002
  -2.1174977845702655E-002
   2.6693397880245686E-002
   3.4215522466232114E-002
   1.6933109116133677E-002
  -2.9878180632590970E-002
  -4.9727610348800501E-002
  -4.3941236268177940E-002
  -3.4717773584226633E-002
  -1.8727433646998668E-002
  -3.7953276316686838E-002
   9.5393336064585384E-003
   1.9890120447095924E-002
   4.4576596184533773E-002
  -5.2671668156236973E-002
  -2.5617599817967712E-002
  -1.9050802084411862E-002
  -3.6869848817197903E-002
  -1.5829055506568639E-002
   5.0328376369046229E-003
  -5.8756458986702786E-002
  -5.4505562846557921E-002
   3.0903185285387252E-002
   1.1417735823391978E-002
   2.4843014472244088E-002
   2.1771155984032887E-002
  -5.1361099083487530E-002
  -9.7046641136335376E-002
  -8.0164207773509216E-002
  -2.7381239395228709E-002
  -2.7480629716245250E-002
   7.2607694806289938E-002
   6.9424023597661061E-002
   3.0238109139541537E-002
  -1.5689237340736486E-002
  -3.1874226270239232E-002
  -1.1743546921947559E-002
   1.8267854170179103E-002
   9.4541165922565423E-002
   2.8356792328985695E-002
   2.0049871424227744E-002
   4.8381305103712115E-002
   1.7284847342824518E-002
  -1.0513133236080708E-002
  -2.5303078113060047E-002
  -9.6780356943627927E-003
  -5.9203018126915849E-002
   3.8137293895024817E-004
  -3.9461436976518218E-003
   3.8042637119697995E-003
  -4.6596286728479548E-002
  -4.7213779362597740E-004
   7.1982545475881496E-002
   7.5672790721637059E-002
   7.4402462526536151E-002
   5.7901410967937439E-002
   6.1914739136774560E-002
   4.2197834846923417E-002
   8.9354795759699918E-003
   2.0869116391304121E-003
   3.1187809224244658E-002
   8.5968520411995986E-002
   2.7522434759696155E-002
  -1.2490579739761963E-002
  -8.2906748539954611E-002
   2.8267366705730310E-002
   4.5319017101834350E-002
   7.9453883828266930E-002
   4.8765271158181564E-002
  -2.2717305805686008E-002
   6.3391004043250676E-003
   5.5519417115929288E-002
   5.4257960892960630E-002
  -3.1367431636470294E-002
  -5.0298184587923185E-002
  -3.2457800032629318E-002
  -3.3916892568439348E-002
   3.7928612814612003E-002
  -5.1507848885535515E-002
  -4.8308020825673231E-002
  -4.0352961157541604E-002
  -5.0885531325318900E-003
  -1.0990423511950056E-002
   5.1517261029044817E-002
   2.5181368309598232E-002
   1.8108865962759089E-002
   4.0163376212604088E-002
  -1.8897225643737671E-002
   1.0371138598633863E-002
   3.0445882751429572E-002
  -1.1156338547042640E-002
  -3.6234811469584074E-004
   3.7812983194722115E-002
   3.9068407133565033E-002
   5.1847110338901471E-002
   5.3840343875932513E-002
  -8.8284187692193802E-003
   1.6339315561237737E-002
  -1.2985248708042522E-002
  -9.3188656639135073E-002
  -6.1057035720004503E-002
   1.5932846546466341E-002
  -2.2730460708202338E-002
   1.6024408738071171E-002
  -9.0895013206402590E-003
  -6.4367622901156676E-002
  -5.3399465265285453E-002
   1.9463496742740692E-002
   5.3502180945260699E-002
   3.7334058132453669E-002
   3.9428129671828502E-002
  -1.2193379358912409E-002
  -4.8562264391480058E-002
   2.8242651238953857E-002
  -1.2689041649869115E-002
   4.6680617941126795E-003
   6.1625733039171779E-002
   8.8382675260854360E-002
   6.3878205562658177E-002
  -1.0079539009324666E-002
   1.1164055861636983E-002
   4.9989037617429011E-002
   4.9689816713578090E-002
  -2.2526276591822991E-002
  -1.4874685428245507E-002
  -4.1166383045479954E-002
   3.7760837801812733E-002
   2.8699878591223981E-002
   6.4296506304846388E-002
   3.3984842731993807E-002
   1.0058012777029534E-002
  -1.6400308868543479E-002
  -4.8841746413194512E-002
  -4.0821395060563717E-002
   2.7347201323445581E-002
   1.8954354514641555E-002
  -1.5658109364048784E-002
  -9.0169721795294491E-002
  -3.6253239851332802E-002
  -3.0752204367337065E-002
  -1.9209636737833057E-002
   2.7863404695525441E-002
   1.3816994132218022E-002
  -4.2495097344302235E-002
   2.1118155586505618E-002
  -2.0402804432078862E-002
   4.6446604675329510E-002
   2.6767000728372816E-002
  -2.4397233347843710E-002
  -2.9502827907802461E-002
  -5.3655523693349590E-002
  -8.4453309964293150E-002
 -0.10242979649231579     
  -5.6279856525347206E-002
  -1.1248222372695540E-002
  -4.3288267803228149E-002
  -3.7078969712148364E-002
   1.1762013078782097E-002
  -2.4072973231864195E-002
  -3.5805291228208520E-004
   2.6097992531805584E-003
  -2.3429285202190051E-002
   6.6406283315481431E-003
   5.6773890891987583E-003
  -2.2015213648381184E-002
  -8.5791256288091214E-002
  -4.4217178531558737E-002
  -4.2652859102884556E-002
   1.1405741006634548E-002
  -6.4067782018784422E-002
  -8.9182624081258960E-002
  -6.9072198295076423E-002
   2.2317909114453430E-002
   1.9978261534981445E-002
   4.3848789388526495E-002
  -1.4460396922221893E-002
   2.1065793703786563E-002
   2.2852409139738360E-002
   5.6110067610405469E-002
   9.9754315363378525E-003
  -6.4227429619142282E-002
  -5.9426393127933817E-002
   3.4434113398531863E-002
   2.0401938823053863E-002
  -7.6257301244490247E-002
  -9.7180964405578246E-002
  -4.0646267798722983E-002
  -1.5775328533361506E-002
  -3.4862176506958220E-002
   3.1140055486737663E-004
   6.0756806132864688E-002
   1.6501606301606277E-002
   1.9273789073659443E-002
  -2.7237834198809759E-002
  -3.7710457318858907E-002
  -4.6717549404766211E-002
  -3.2633650067019820E-002
  -7.2862968724902749E-002
   3.2265647450406467E-003
   8.3654161930348022E-003
   7.1641123643360763E-003
   7.6418619911316543E-002
   7.8756068948737129E-002
   6.1104492893718762E-002
  -1.5247750427151109E-002
   3.1578526706962304E-002
  -2.9171134851467707E-002
   8.3717401092127698E-003
  -2.1550838890392877E-002
  -7.4511551911306470E-002
  -3.6433181669364878E-002
  -2.6983429169385936E-002
   1.0254572564972924E-002
  -4.2833972303452400E-002
   3.5414825560150915E-003
   1.2586841020562315E-002
   2.8761181281375968E-002
   5.6585054836704375E-002
   2.0279299560101112E-002
   9.9404515921785702E-002
   2.2035764913273352E-003
   1.9048411544951571E-002
  -8.4338283438332759E-002
  -3.5950917685895270E-002
  -1.0272958631361993E-002
  -2.5201731233032588E-002
   3.2267772464360758E-002
  -1.2394122340063072E-002
  -3.7184944698756835E-002
  -4.9848787463160259E-002
   2.0458140558763039E-002
   8.4814026594826897E-002
   8.0427104804097829E-002
   5.5944218610278415E-002
   1.7331865030124374E-002
   6.0902891164444729E-002
   9.2965057648478330E-002
   4.9568777940480264E-002
  -2.2500936603382805E-002
  -5.0677780985391935E-003
  -6.8948656409748024E-002
  -1.5971534606751721E-002
  -3.3450899315263022E-003
  -4.2991724058850413E-003
   3.9451233458365348E-002
  -1.6665015959812481E-002
   4.8844190436340779E-002
   3.3465351926128491E-002
  -7.9962905995237837E-002
  -9.0114154809786309E-002
  -2.6638825839718256E-003
   5.9427338290527695E-002
  -3.3333900921711082E-002
  -1.5852515628484914E-002
  -5.5724788572579960E-003
  -3.2925959161669620E-002
   1.8118331673723377E-003
  -4.9661879856504896E-003
   1.3389773702398916E-002
   9.0221459281487476E-002
  0.10877236743613164     
   6.6352091816055142E-002
   4.8347102525727263E-002
   6.1001173653946673E-002
   9.4589323874651646E-002
  -1.7303468078863442E-002
   1.7183269288518252E-002
   3.6450100857471704E-002
   1.9284867317088478E-002
  -3.6008441696953275E-002
  -1.4771039665516184E-002
   2.9880249423303668E-002
   3.6960334452354415E-002
   4.7264575059710608E-002
  0.10502169159069871     
   7.3823988446129529E-002
  -2.7908250479089135E-002
  -1.6453250915908390E-002
   2.9205861522820089E-002
   4.7159785720001415E-002
   1.1841267202762545E-002
  -2.5643067731610340E-002
  -2.3357904432211675E-002
   3.3465806955326444E-002
  -1.9962607700836330E-002
  -4.0395297335634670E-002
  -3.1551306510343810E-002
   4.8565299408185145E-002
  -2.4534100245149498E-002
   6.5519920960253253E-003
   4.5775154730663896E-002
  -1.1609204330149761E-002
  -8.8026112999247730E-002
  -5.7215869908680717E-002
  -3.9647348098880257E-002
  -8.4572070629046037E-002
  -2.6421705949023273E-002
  -1.8124657928974403E-002
  -8.5991092852204132E-002
  -7.4754055090381938E-002
  -3.9496011266773406E-002
   2.4142244153290131E-002
   4.7444883863187570E-002
   9.7025710649231885E-003
   4.2952282064226958E-002
   2.6880725490096440E-002
  -2.2882415616998136E-002
   2.1832467020847394E-002
   1.1687648855661561E-002
   3.5682337709024924E-002
   2.1758748533423109E-002
   4.3753532691130706E-002
   4.0670700269609762E-002
  -3.8919159801912115E-002
  -2.5067457690247791E-002
 -0.17055198824574361     
   1.5743890706205139E-002
   3.3209489408267664E-002
   4.0875222435071959E-003
  -4.0650265041677035E-002
  -5.7239427282096605E-002
  -3.8470464433321624E-002
  -6.7591362299621691E-002
  -1.0647289577265875E-002
  -7.8844393715229756E-003
  -2.4505398074554988E-002
   1.7133193564886389E-002
  -2.2800154567724183E-002
   5.6149782068469767E-002
   4.2275253997918961E-002
   4.3716003010076276E-002
   9.4586305002522200E-002
   4.6818374655264401E-002
   8.3007247839745099E-002
   4.0393659778632900E-002
   1.2310690545826069E-002
   4.5446316134276979E-002
   6.7828891848966150E-002
   5.2334857174960350E-002
  -1.6033583721637955E-002
  -8.6354408147272139E-003
  -2.6935898485174244E-002
  -4.5041300889963394E-002
  -1.8047326373820578E-002
  -2.9721137564579159E-002
   2.0274891378473176E-002
  -4.0356541010459893E-002
   1.5288008434354430E-002
   8.4343533568828899E-002
  0.11263177321922238     
   6.0963589298221529E-003
  -8.0846119283382381E-003
   9.3433232857004778E-002
   8.0062427379460788E-002
  -1.9448287042428538E-002
   2.9558131964179519E-002
   4.0852604407430812E-002
   1.6952188492477028E-002
  -5.0875214509796769E-002
  -5.5412405070394993E-002
  -3.6073524302735104E-002
   2.1006246095936147E-002
  -4.4538320728137841E-002
   3.0537896644128484E-003
   3.6754085289293602E-002
   7.1651676413844609E-002
  -6.5240100291133848E-002
  -2.3349393570587556E-002
   1.4414944809389827E-002
   2.3765432438036641E-002
  -9.1845674930031030E-003
   2.0977627293008668E-002
  0.13869814366934424     
   4.7148144348085674E-002
   9.5317714985380421E-003
   3.7791535482777270E-003
   5.3813805185768414E-002
  -3.3619715310812350E-003
  -8.1233752148118316E-002
  -1.9888009797339332E-002
  -4.9609189768567555E-002
  -4.9632145274066092E-002
  -9.2609531588577043E-002
  -3.2910280392694717E-002
  -1.6999672798739429E-002
   3.8456772012523718E-002
   9.7484336321743234E-002
  -1.9440375056240563E-003
  -1.9317223849943832E-002
  -3.5879149073600142E-003
  -7.1291798354966546E-002
   4.9139488408604722E-002
   4.3524133790091131E-002
  -1.2129007211089900E-005
  -5.5588130260076389E-003
  -4.4997859602569981E-002
   6.2542346713817393E-002
   3.0052103292421084E-002
   6.5578722440329903E-002
   5.3828409849283384E-003
 -0.11998936253895143     
  -6.8172228275074798E-002
  -8.3840789228702403E-002
  -6.7010165287167541E-003
  -1.8284459075576905E-002
  -7.7216751315844046E-002
   3.1476593759648071E-002
  -4.5314299797760303E-004
   7.9611268948581171E-003
   1.7829175934737200E-002
  -4.7374236839555390E-004
   5.8244237829398896E-003
   2.9296886609133380E-002
   6.7907141463411771E-002
  -4.8736546410950224E-002
  -4.1138530937409754E-002
   7.1698568814378541E-002
   2.3619725242519929E-002
  -8.2483742012551767E-003
  -2.6147828946264527E-003
  -3.6779662482603080E-002
   2.8673042251855978E-003
   3.3008432169758115E-002
   5.1157611877352092E-002
   8.8852334569916397E-002
   4.8788999042262519E-002
   2.6161439326405807E-003
   1.7458947778524910E-002
  -5.7234670424932091E-002
  -5.6118008190504561E-002
   3.5979358267525359E-002
   1.9176747683074702E-002
  -2.0420487235822370E-002
  -3.8451458596843527E-002
  -4.4653548755814357E-002
   1.1347494800974389E-002
  -3.9183589031864315E-002
  -7.2208886542194803E-002
  -7.2562000562286913E-002
  -8.1375041051012675E-002
   5.1874574963108135E-002
   2.6189694488614551E-002
   5.7132933201183143E-002
  -4.6933046140197027E-002
   8.1748762756450738E-002
   7.9894260596015551E-002
  -5.2534324411124935E-003
  -1.8759837935549528E-002
   3.6017999535711956E-002
   5.5311321511741680E-002
  -3.6004596907226710E-002
  -6.6122761966097704E-002
  -8.7766692199689633E-002
  -1.0296382845926752E-002
   5.2732254563004941E-002
  -2.3469865605877282E-002
   7.7303863447697185E-002
   4.2944567470826048E-002
   6.6939475162761386E-002
   6.9212395906455088E-002
   5.5286166465026640E-002
   5.1366113936361452E-002
  -2.2219455469734647E-003
  -5.5558538528860163E-004
  -1.1975578494931432E-002
  -8.2942098358643662E-002
  -7.0130533726754277E-002
  -5.7378169344395963E-002
  -3.0817911487077784E-002
  -6.8772772924817649E-002
  -9.3747246436974782E-003
   4.8912561038793920E-002
   6.8031140868413630E-003
  -9.8615474405131187E-002
 -0.11829472045984543     
  -9.8914368942884093E-002
  -6.9971847985652688E-002
   4.8058864943113011E-002
   4.6109444120657466E-003
   6.7278103959583821E-002
   9.7467682008400933E-002
   8.5695029075964213E-002
   3.2407221138763272E-002
  0.13199462930315337     
  0.11714717169887112     
   2.8413690937524126E-002
   8.5690910583904149E-003
   3.5718382393616868E-002
   9.0940819581083535E-003
  -2.7194849075380122E-002
 -0.12106631305711155     
   1.3550871214766270E-002
  -6.9410895435796829E-002
  -1.4211502601839296E-002
  -3.5174550542456447E-002
  -1.0509741843069240E-003
  -1.2496644120053293E-002
   7.5840449165178681E-002
  0.12219500014785427     
   7.4986089857442886E-002
   7.7597543118393425E-002
   7.3755662436023897E-002
   4.2003479015943854E-002
   4.4358659678087720E-002
   8.9333063981913929E-002
   7.2350746208137945E-002
   3.6253657184822194E-002
   6.2498107044254729E-002
  -5.6360807382495305E-002
  -5.7391370185049327E-002
  -9.5157946780595415E-002
  -4.2223455394940955E-002
 -0.11594401681569676     
  -7.6539211046185496E-002
  -1.7334511875837066E-002
  -2.5727381338759635E-002
   4.1161505945028869E-002
   2.6144033882429120E-002
   6.5883304569234524E-002
  -5.8935723764881549E-002
  -8.6659535879470576E-002
  -8.2937099373858791E-002
  -8.7641065469800619E-002
  -2.8362448832293698E-003
  -1.6065273288976483E-002
   8.4501127206062260E-002
   1.1425549573622894E-002
   5.5190584724922082E-002
  -8.7251865548786764E-002
 -0.11501612857906772     
   6.6200758232784512E-002
  0.12105374365634516     
   8.9268226741901574E-002
  -1.6918468904925106E-002
   2.3895295313194891E-002
  -7.2817783149239687E-002
  -6.4964165660418058E-002
  -1.0018718748275722E-002
   8.9057022598053315E-003
  -2.5739685011222702E-003
  -9.3691011570420757E-002
   2.0017844763006980E-002
  -4.2722877806543748E-002
 -0.11869277847569637     
  -9.1795173817222353E-002
   1.8889657959965420E-002
  -3.4096401203531990E-003
  -8.4413133828949202E-002
 -0.13995583553186519     
 -0.11534480989021571     
  -6.3534919715278748E-002
  -1.1736104058878264E-002
  -3.6140908499465461E-002
  -4.6803222192542925E-002
  -3.0775229802833294E-002
 -0.11761737281940721     
 -0.11341991974721911     
  -1.2255808465816538E-002
 -0.13211233366808495     
   1.4482324759551917E-002
  -5.4117913854148256E-002
   8.3353798871433585E-002
   3.6001749707667945E-002
   5.7057378948488910E-003
  -4.9910739881546436E-002
  -1.0707035294254534E-002
  0.12119663955684076     
  -8.2929504877739188E-002
   1.0938997157546836E-002
   8.0659762834218024E-002
  0.10452479079113633     
   5.1946864130568121E-002
   2.4131172050991478E-002
   9.7337618576441107E-003
  -2.4724680574618869E-002
  -9.0498249905418049E-002
 -0.17950217267460725     
  -7.9158626057080878E-002
  -3.9900344340534057E-002
  -2.0572785809154594E-002
   4.7961997530904465E-002
  -7.5767672382870174E-002
 -0.11039192205712758     
  -4.6991535559487957E-002
   7.1874006541696622E-002
   4.5817153132448399E-002
   6.6143938210845465E-002
  -3.3393193318355670E-002
  -1.3802992643773066E-002
  -4.0699835508144808E-002
   6.9273550890129793E-002
 -0.10919609058526755     
   2.4553164280364310E-002
  0.21303328039885175     
  0.11551385616722927     
   2.7244726466647221E-003
  -5.1907587201956967E-003
   1.5371362867455380E-002
   6.2640201611166416E-002
  -5.4825423539200606E-002
  0.13626817726436066     
  -3.8822892237274427E-002
   5.1904864802798455E-002
 -0.20227650333740041     
 -0.16226286752104993     
  -5.7818890799644300E-002
  0.10556280812363582     
   1.3243748746416182E-002
   6.7214983756132093E-002
   2.4719873178475720E-002
  -2.6678669984788177E-002
   9.1520559836268389E-003
  -8.3392421019357219E-002
   1.3263313928823881E-003
   4.2851124135153046E-002
 -0.11318719166531882     
   6.8500113004959243E-002
   1.2511612324172838E-002
   9.1849225258480466E-002
 -0.17138902255228294     
   8.5360801908352393E-002
   4.0330409829571888E-002
   6.3423738838190111E-003
  -1.0841452372052689E-002
  0.11372936744024160     
   1.2636597705400611E-002
   8.9014219357708688E-002
   4.4848789763085185E-002
  -1.6990638119888060E-002
  0.13485182202371088     
  0.10495207989104997     
  -1.0757157647884393E-003
  -8.7030325691609747E-002
 -0.12808746000629043     
  -8.3450832553657914E-002
 -0.13415701356793702     
   7.2255561561847190E-002
  -4.2012916645056950E-002
  0.29184371930075842     
  0.11703191248780409     
   3.1795502559260017E-002
  0.16543565574482852     
   8.1363556109428525E-002
   5.6963906799753869E-002
  0.15625561148332021     
   5.0561870499720399E-002
  -4.0272712969782166E-002
 -0.23339814294006514     
  -4.7255271028264850E-002
  -6.5642752884157482E-002
  -6.1940974291753081E-003
  0.14315745984452355     
  0.25313587137169008     
  0.14626249014219950     
  0.22138020500828276     
 -0.16373032409832694     
  -9.6682991487141670E-002
   6.4155112760914568E-002
   7.8477364149529369E-002
  0.13653365363326014     
 -0.12722650367654967     
 -0.15380606042569367     
 -0.12855275386597301     
 -0.22922149128549854     
 -0.19283486786794363     
  -8.6647290895900606E-002
  0.11540977471384029     
 -0.17623228198721347     
 -0.11627013559155448     
  -7.1072957579286005E-003
  -4.7505409238012247E-002
  -6.5646144959820088E-002
  0.19411501569578743     
  0.13346181685944311     
  0.30512291874463449     
  0.25907462465494419     
   8.2415572287561092E-002
  0.10085762566719014     
  -2.2779422263432512E-003
   2.1767877881302043E-002
  0.16928737026926965     
  0.21982523424985664     
  0.15557391844765589     
  -2.7738857330939306E-002
 -0.11894329830821605     
 -0.19366630685821479     
   2.7064351680080770E-002
  0.10630557649220242     
 -0.39783484319362838     
 -0.49061540968118250     
 -0.42441605847724906     
 -0.52212523090803920     
 -0.51594712990115332     
 -0.15460057085709084     
  0.40631169765970870     
   3.0864511749614614E-002
 -0.19164245308644418     
   4.6631399295580453E-002
