  0.99899999999977007     
  0.16093220881026477     
  -1.6509896559713490E-002
  -1.8023809376484654E-002
   4.0036636531598675E-002
   4.3687871168693410E-002
   5.4115610062309194E-002
  -6.2002128165976637E-003
  -6.8250624989568930E-003
   3.2722605909983299E-002
   1.2099806993271801E-002
   2.9206633522268105E-004
  -4.6643954456385181E-002
  -1.2790406763118801E-002
  -1.6721901581922196E-003
   2.3126294477399952E-002
   1.9261670185972607E-002
  -3.3100404744637664E-002
  -7.3353392167640863E-002
  -2.1209411231497916E-002
   3.8264079749085605E-002
  -1.1393270899185166E-002
  -8.5577245700549538E-003
  -2.6708610159856622E-002
   3.7631655533340897E-003
   9.4788439107875901E-003
  -1.6727276132288407E-004
  -2.3797372539880950E-002
  -2.6524383358419140E-002
   7.2371126810904449E-002
   2.9746977102796879E-002
   3.8122805006924734E-002
  -6.0404397729100050E-002
  -2.1502491257645917E-002
  -7.8174238930747188E-003
   1.3909948944512936E-003
  -2.8451552452152480E-002
  -1.7447422149125882E-002
  -1.3901599202016059E-002
   9.6496346247335069E-003
   4.6683854235206886E-002
   4.8253937129834300E-002
  -4.2231391410135023E-004
  -1.0974050211837918E-002
  -1.8726153496561118E-003
  -9.2891566746846985E-003
   1.1323624731196621E-002
   1.4244047896752734E-002
  -3.9341341400445729E-003
   1.6505096315543685E-002
   2.3124461017743035E-002
   1.8317091017240914E-002
  -4.4570229753018276E-002
  -1.6140580694191865E-002
  -4.0723741977731313E-003
  -4.4056877707614383E-003
  -2.0458390893600138E-002
  -3.5844181189661282E-002
  -2.4450700428603447E-002
  -2.4033681733346850E-002
  -4.0156064035591306E-002
  -3.2998675720028674E-002
   4.5317848881645376E-002
  -2.8159361055732049E-003
  -2.3499931525209641E-002
  -1.6835001667908876E-003
   6.2491614041967894E-003
  -3.6043729943882663E-002
  -4.7181913414166984E-002
  -3.1682450926444124E-002
  -2.6810799567900639E-002
   1.6451756504063490E-002
  -8.3350318544699355E-003
   3.4073658923023152E-003
   4.3690354276701399E-002
   2.0636383312346285E-002
   3.9247834596991956E-003
  -1.5808328072042223E-002
  -1.9783580147920789E-002
   4.6935525179170760E-002
   3.4434532959713750E-002
   5.1825357527863047E-002
   3.8999667250016128E-002
   2.8574133717750513E-002
  -3.2699004408808449E-003
  -4.0268124177646865E-002
  -2.7226521491630466E-002
   1.4953177526244517E-002
   4.2508492803794352E-002
   3.3280383314210939E-002
  -2.4631162022838659E-003
   2.2020633845602607E-002
   3.8364441717047663E-002
  -2.7426532574982013E-002
  -6.8237168462369907E-002
  -1.9128548453890701E-002
   1.2089870937579909E-002
   5.1744654682919819E-002
  -1.0464780279035290E-002
   2.2340455952923759E-002
   4.4727004516481518E-002
   2.1747429232224853E-002
   8.2841038187734285E-003
   1.0470850561316665E-002
  -1.7827097496840711E-002
  -1.4963126124024311E-003
   1.2788471950434355E-002
  -3.1038181944918409E-002
   1.8674611741848569E-002
   2.0386723492673533E-002
   2.6754221556453451E-002
   2.2466801111572541E-002
   2.9260643429505715E-002
   3.1710691297165194E-002
  -3.5554323071234080E-002
  -2.6605662970173024E-002
  -7.7159804561866222E-003
   1.9858990901295788E-002
  -1.2089722064167523E-002
   1.2733604263727596E-002
   2.2853926922477060E-002
  -3.7361884578920979E-002
   3.6788411232289424E-002
  -2.6413010032234317E-002
  -4.3207709897827996E-002
  -3.0834691028377016E-004
  -1.5995507384717556E-002
   3.0120401369565916E-003
   4.8436576658598858E-002
   1.5942052526524628E-002
  -1.7936096944757580E-002
  -3.0346259252262866E-003
   5.5103570924097837E-002
   1.1599860022036624E-002
  -1.9917622451514367E-002
  -7.1803780541949538E-002
  -3.0317056136680939E-002
   2.8751411241081461E-002
   2.3699049694712017E-002
   2.0476215239377361E-002
  -3.6464957149116871E-002
  -2.1159640914502259E-002
  -1.3553090983706953E-002
  -2.2066622259695086E-002
  -4.0904845194769876E-002
  -3.7150872895413384E-002
  -5.7311245642121658E-002
  -6.5849232137585784E-002
   3.0499932790295704E-002
   4.3581780405450354E-002
  -4.5772672720357281E-002
   5.7840052747145940E-003
   2.3865889175110299E-002
   4.3253799287359278E-002
   6.4861902818842868E-002
   9.1177735117573631E-003
   3.5994812704232874E-002
   2.9401125209751425E-002
   4.3709124217706924E-002
   3.8930592903473629E-002
   1.6940251762596614E-002
   3.8120621248709914E-002
   3.4027930485717832E-002
   1.5539408625834659E-002
  -5.5073192134767232E-002
   6.8911548523367672E-002
  -9.7645464954193122E-003
  -3.8567595548930023E-002
  -2.2768286790450429E-002
   6.4461175150474278E-003
  -1.4536770520687553E-002
   3.1224275432088975E-002
   4.0309851471789483E-002
  -2.0123524169157022E-002
  -3.9202530557990979E-002
  -3.7384940647099164E-002
  -6.0051409496263947E-002
  -5.7165740106485535E-002
   5.9475951638573353E-002
   5.1033990083316064E-002
   1.2463891709230137E-003
   1.6169112815235476E-002
  -6.0666140589486460E-002
  -2.7157923571614877E-002
   3.6577760052345497E-002
   2.8313074563649732E-002
   8.1819694454719743E-003
  -1.5625365567419999E-002
  -3.2276090697073989E-002
   1.1884958770727285E-002
  -9.5147293420868168E-003
  -5.9271643516826747E-003
   5.4847751551166495E-002
  -1.7846390058564764E-002
   5.4572977317781754E-002
  -4.4426721999416476E-002
  -5.3431403810077605E-002
  -6.2504638630151944E-003
   6.9525375848851323E-002
   7.0788093340465999E-002
   6.2708180267854366E-002
   2.0680202012360045E-002
   2.2569569049681198E-002
   6.4114138886413902E-002
   2.0860698328077819E-002
   1.9851906629861103E-002
  -2.9702980899346120E-003
  -1.1001398926293475E-002
   1.6451126819877298E-002
  -1.9599690951264185E-002
  -3.4910893784758916E-002
   2.8793451955732310E-002
   3.0726089068180421E-002
   4.8148591204292109E-002
   1.3440493506271113E-002
   1.8367510694915930E-002
  -4.1996889053008836E-002
  -8.5591766094739279E-003
  -1.7406407070872473E-002
   2.7232954991699317E-002
   6.1781735018520745E-002
   1.2214642795832783E-002
  -2.1234926132560533E-002
  -3.8893736078246505E-002
  -4.4526181498169212E-002
  -7.3183602583536747E-003
  -4.6158312577351569E-003
   3.2760559697931138E-002
   6.7519652487024656E-002
   1.8580363861205085E-002
  -4.0085874688449881E-002
   6.6585042916853798E-003
  -2.2955073581937355E-003
   1.6640436254996411E-002
  -3.9771706912055727E-002
  -8.3986770117614282E-002
   1.7750508011453423E-004
  -4.1414056798949805E-003
  -2.0291276234134521E-002
  -2.3102215161206682E-002
   3.3436509016107147E-002
   4.1822082784291455E-002
   3.4851393193929867E-002
  -3.7569468426101936E-003
   2.4446769632059693E-002
  -1.6789179690366321E-002
  -1.5981608578555261E-002
   6.7301425306759616E-002
   4.0153705681319478E-002
  -1.8950457210625261E-002
  -2.7490537795152700E-002
  -2.2679070568784206E-002
  -2.4304226504315895E-004
   7.5229796747504477E-002
   6.8219582979384671E-002
  -9.2039419171329444E-003
  -2.8104183541893858E-002
   3.5253212671235191E-002
   1.8864130782570793E-002
  -1.8028498513984914E-002
  -2.0562351260920635E-002
  -1.5818815945304165E-003
   5.2846451654039492E-002
  -5.1626094577460167E-002
   1.8631783331694594E-002
   1.3317269444945226E-002
  -1.0996233691864582E-004
   2.0139509485006275E-002
   5.8025202232741477E-002
   2.7042781298244434E-002
   6.9798819657372231E-003
   1.3428338075417002E-002
  -6.4454544276466769E-002
   1.4725140661212220E-002
  -2.8031562864667722E-002
  -4.5511834519762762E-002
  -5.5237604202168424E-002
   1.0947992685296585E-002
   1.3130681097373111E-002
  -4.4669920790737797E-002
  -4.3162563296033671E-002
   2.6603692072855088E-002
   4.8621482237848748E-002
  -5.5430619219836354E-003
  -1.6711976859537018E-002
  -6.2218987803559452E-002
  -4.3897561786752394E-002
  -4.1566714426709256E-002
   1.8918553464392558E-003
  -3.0171067238917884E-003
  -2.4674078199793531E-002
   4.4207859442165091E-002
   4.5163517460529649E-002
   5.5170393627451214E-002
   6.1488725393193805E-002
  -7.0436283369976690E-003
  -8.1557245424205504E-002
  -3.3755423862286880E-003
   1.4566344579496824E-003
  -3.6585353111408578E-002
  -4.4257863011875800E-002
  -3.6289352223321282E-002
   1.8064017445339545E-002
   2.8102631405950616E-002
   1.6037888747863934E-002
  -4.9156442049895305E-002
  -1.8803202182389237E-002
  -2.0045989077550116E-002
  -9.3813320053290437E-003
  -9.6615967264054338E-003
   2.2087997646878570E-002
   3.4469570736048165E-002
  -3.5914007761355194E-003
  -8.6060413762635533E-003
  -8.1976729433354545E-003
  -7.4223849924559437E-002
  -5.2835051047224755E-003
   3.9070917157941407E-002
  -1.3804307558886345E-002
  -4.0549233755612125E-002
  -5.9877037130397014E-002
  -2.6470924366144333E-002
  -9.8903189926224738E-002
  -3.3116582588821275E-002
   8.5318584852792090E-003
  -5.8727076477034373E-002
  -2.7477403924709133E-002
   1.3270248924928261E-002
   2.7028227839830353E-002
  -2.7162986178002699E-002
   1.5861597727147760E-002
   2.0186490731092320E-002
   4.0914273323175050E-002
   3.4267757854083661E-002
  -4.2316228201989348E-003
   1.2507336316067758E-002
  -4.1507320572856457E-002
   1.8633814293961992E-002
   9.4661221588021403E-003
   1.6955299405405563E-002
  -3.5249289152009321E-003
   4.2793197006987423E-002
   7.6803190263694922E-003
  -1.1665220445439340E-002
  -2.9906878925399161E-002
  -3.0747564599644117E-002
   2.4986448251433712E-002
  -5.5960829178633639E-002
   3.3642325278802603E-003
  -1.6360023020611795E-002
  -4.6987459308810854E-002
  -5.0875584553719988E-002
  -2.4152432627021898E-002
   4.2040946183558282E-002
   4.6798312760673318E-002
   3.9731465836842776E-002
   5.6555084032653975E-002
  0.10800377483767305     
   3.8118721325545023E-002
   2.4294044536565553E-002
  -2.1379363685335124E-002
  -4.8788726769449897E-002
  -2.6742577592864001E-002
  -1.0990948452904239E-002
   4.1529154161408843E-002
   5.9802296198291867E-002
  -7.3950118357447234E-002
  -9.0240470417153842E-002
  -4.4006389897817706E-003
  -3.4355847435888674E-002
   1.8560189927647446E-002
  -4.0667751966764511E-002
  -6.9201532277823358E-002
  -3.5246327196810450E-003
  -9.8127197317781564E-002
  -6.3677136082274238E-002
  -3.3034676394243241E-002
  -3.8000011992469704E-002
  -2.6277579737303953E-002
   6.7516670225165290E-002
  -1.8281259190471497E-002
  -2.2513417607441095E-002
  -4.2243341120536425E-002
   4.8849778300599514E-002
   3.0184822381866264E-002
  -4.2776125187765961E-002
  -2.0540050162284627E-002
  -5.3000945906623666E-002
  -6.3111319721959838E-002
  -3.8950696685921861E-002
  -1.0870659898929196E-002
  -7.1496388477013242E-002
   2.6977734696172011E-003
   1.8095284401206849E-002
   7.4454632643083532E-003
  -2.8594054611821882E-002
  -4.0894299402289842E-002
  -7.3625877511546117E-002
   1.4422559170543737E-002
   3.6768844178900244E-002
   2.6773835887849425E-002
  -2.9498212138906552E-002
   4.5643216406593256E-003
   5.8900719848899802E-002
   4.3132603330079851E-002
   2.2265919600033695E-002
   2.3259714683810172E-002
   4.3900912596993372E-002
  -3.6412320978312074E-003
  -3.0760348141691159E-002
  -2.3396501415459483E-002
  -1.5593726622929368E-002
  -5.6319344607857090E-003
   4.0796768479332987E-002
   2.0282004970540401E-002
   4.8475037745686865E-002
  -1.0522289640753701E-002
  -5.8783740167108842E-002
  -2.7602899521852485E-002
   4.4629584739448717E-002
   2.2678319532225093E-002
  -3.6723938730805893E-002
   2.1199619790690148E-002
  -5.4993815668290397E-003
  -3.6135659701784062E-002
  -1.0316712836378261E-002
   4.4105288380951900E-003
   6.3104287956720045E-002
  -3.3519543226939362E-002
  -1.4614894508506043E-002
   8.2221556176108476E-002
   5.3847037203717495E-002
  -7.5841189499134595E-003
   8.1128812215377506E-003
   5.6894600942086121E-002
   1.1501597030030569E-002
   5.2869093381344691E-002
  -1.1333904854076914E-002
   2.5279401626182110E-002
   2.4355751086264907E-002
   1.9219063002251631E-002
  -2.1893280083721267E-002
   3.3808313500130950E-002
   3.2212522488997183E-002
   2.7497162800199773E-002
   1.1540320163989235E-002
   6.8364549926029070E-002
   8.4279874801769898E-003
   2.7036029180873291E-003
  -8.3800583300575864E-003
  -5.1103095994314132E-002
  -2.7448187914255767E-002
   6.1581757024619333E-003
   6.4670662716762818E-003
   1.0917447402998687E-002
  -3.9309762389355414E-002
  -4.4956186138627986E-002
  -8.1763910525651295E-002
  -2.4512882558023273E-002
  -1.4827243543690010E-002
   1.9030829081495927E-002
   8.1423509246326842E-003
   2.3220641528519024E-002
  -2.8480012679599789E-002
  -3.8811900657915420E-002
   3.9735833783041914E-002
   6.0149787379085613E-003
   4.8411389136092997E-002
  -1.1428261391728431E-002
   3.3401849841971441E-002
  -8.5454564736094751E-002
  -8.5361367318606676E-002
  -1.7910102117671106E-002
   3.3945504799338569E-002
  -7.7586876231254709E-002
  -1.8843291700985761E-002
  -1.5040207721148219E-002
  -3.4211662047201513E-004
  -5.8070445656802144E-003
  -8.1655425990755495E-002
  -8.8174318650899013E-003
   7.8785377330852727E-003
   2.1351745369793097E-002
  -1.4471093756565009E-002
  -1.5912750395600857E-002
  -2.1607802281597938E-002
  -2.8388452294014627E-002
  -2.3728561427089873E-002
 -0.10019009668110107     
   1.8056189415038384E-003
   1.9483863508189047E-002
  -7.6647875648252317E-002
  -3.5447711582141730E-002
  -8.9798075323843738E-003
   5.1471268201899484E-002
   7.7441982349017682E-002
   4.4604548364653503E-002
  -1.4077054814898489E-002
  -7.5727962395360171E-002
 -0.10574239663999085     
  -4.5166886579040111E-002
  -3.9474192889332377E-002
  -4.0043868328147542E-003
  -3.8667527177620202E-003
  -1.1690967998137090E-002
  -8.5670012904037765E-002
  -2.4670256785939704E-003
   1.4678511767405733E-002
  -3.4586377919758722E-002
   1.8984535802608431E-003
   1.9595897365785524E-002
   5.9952380759477938E-002
   2.8916329691909624E-002
  -1.7772395319331395E-002
  -2.5513222994158598E-002
  -9.5794108761159246E-003
  -1.0860339250903260E-002
  -4.2077223139724763E-002
  -2.0019520729638320E-003
  -6.6134873866387379E-003
  -3.0261369507778389E-002
  -4.6028428945961423E-002
  -1.4180028832364988E-002
  -6.0507175592599230E-002
   3.2283324366736421E-002
   1.5225954209498422E-002
   1.7460557395198924E-002
  -4.3287581200590869E-002
 -0.12854741949358800     
 -0.15365230875263250     
   3.1185028804445371E-002
   3.3220773169407553E-002
  -3.1594209313636309E-002
  -5.9552578234263034E-002
  -2.9029506802079975E-002
   6.4332143748530871E-002
   1.9303651729260036E-002
  -2.2982828227879875E-002
  -3.1373324449089475E-002
  -7.2490643350588566E-002
   8.4542508864478231E-003
  -1.2806362045343104E-003
  -7.9854660693514226E-002
  -3.2649609730772397E-002
  -5.4889160239595516E-002
  -2.1403861118199766E-002
   1.7517018220600308E-002
   2.7978213523658872E-002
   6.6280001942886607E-002
  -2.1591787074126557E-002
  -1.2225923014644882E-002
  -1.4951310175723136E-002
   5.4700689871360487E-002
 -0.10208681989494482     
   5.4568981669158335E-002
   3.6922634756153060E-002
  0.10933366927880750     
   8.0193286884155904E-002
   2.1927851923147369E-002
   2.2838633859364962E-002
   3.0667600542419675E-002
   7.5349825014684568E-002
  -6.1443883302437281E-002
   7.0849245416841633E-005
   6.6381503058452085E-002
   5.5944391769340428E-002
  -5.3151337379878490E-002
  -1.6512688226884558E-003
   1.8339095933532713E-002
  -1.0058946688594594E-002
  -2.2059841452233664E-002
   4.3556274725524889E-002
  -8.0504084229308270E-002
  -4.8619098455224843E-002
   2.8095419526343403E-002
  -1.9898686228035950E-002
  -5.4725797365506548E-002
  -2.0520012555093688E-003
  -1.3164102841538749E-002
  -4.6256646672408287E-002
  -8.4031218478008318E-002
   1.6849105608663715E-003
  -1.6205077008869397E-002
  -6.0996062047898002E-002
   1.8358473930298884E-003
   7.9441723174445464E-002
   5.9269613330994966E-002
  -1.5230056847437870E-002
 -0.12599612041777825     
  -8.8125674817763927E-002
  -3.8555967828387823E-003
  -2.5451097754860741E-003
   1.5227026260080002E-002
  -3.5520517870841609E-002
  -7.7253513011048235E-003
   9.2910547008635075E-002
   8.3575101044199143E-002
   3.7844261104908086E-002
  -3.3642736841748996E-002
   4.6011144157824688E-002
   2.0690327355897212E-002
   7.1277187555598129E-002
   5.2005385951623996E-002
   1.2420117460200084E-002
  -3.8350246352411306E-002
   5.4918223987955088E-002
   4.0096847374000745E-002
  -1.2228600226735626E-002
  -7.6116345625584073E-002
  -3.8608571777695451E-002
  -2.1124339119129872E-002
   2.9110550032856220E-002
   2.7452399655152646E-002
  -6.4029435795144571E-002
  -7.9850048306699117E-002
  -4.3530216883567847E-002
  -7.6597064879110721E-002
  -8.3074795884123989E-002
  -9.6214307826886822E-002
   4.8636127078990343E-003
  -6.6790223008912110E-003
   3.2865054013704112E-002
  -1.0641921422663700E-002
  -3.5201143675937753E-003
  -2.6915844492259141E-002
   3.9254511429471062E-002
   8.1463238035318158E-002
  -1.4025356642337439E-002
  -7.3247767425625703E-003
  -7.2057277071258891E-002
  -1.2656678706569746E-002
  -1.5265603481815007E-002
   9.8461057940817331E-002
   1.6797102065156493E-002
   8.8552255015269931E-003
  -8.5813079206453376E-003
   2.6036296574223520E-002
  -2.9089401076362743E-002
   5.7102705318779645E-002
   3.9820047160176730E-003
   6.6971681285210985E-002
  -3.3679779414388371E-002
 -0.11388294083653430     
  -1.7970867225132053E-002
  -3.5597751889296758E-002
  -3.2881128906020081E-003
   2.3102537076736353E-002
   8.3391218111602008E-002
   2.9609547150088632E-002
  -4.0927837389141769E-002
   5.0198799558374328E-002
   6.4510943017581590E-002
   4.4858400302768824E-002
   4.1700734513018228E-002
   1.2585365536835695E-002
   4.2440873923576004E-002
   4.0958893135443535E-002
   2.8605776276600957E-002
  -2.3489071869859997E-002
   6.5898446366215099E-003
   1.6702220030250507E-002
   3.4472212897772546E-002
   1.4914275781719006E-003
   8.6757324239012265E-002
   1.6630497487880706E-003
   5.1257421487462172E-002
  -3.0236877532856535E-002
  -3.1309810923688649E-003
   1.5772221567867763E-002
   4.0571694059949724E-002
  -4.4345581079803111E-002
  -1.7526317584703539E-002
  -3.3940502346586646E-002
  -1.0733863597595292E-002
   9.8699239004402042E-002
  -1.6287788627657260E-002
  -1.2420057762825685E-002
  -7.1952978566939205E-002
  -4.5998697577402561E-002
  -2.0290289058673094E-002
  -5.4001660638378385E-002
  -3.3966566854674418E-002
  -6.9453673272056454E-002
  -8.1151113103785366E-002
   4.6351006796213561E-002
  -6.9140477515307691E-002
  -9.9536999701116818E-003
   8.1020663556315611E-002
  -1.8400859325405233E-002
  -3.8853319015579590E-002
  -9.6442995926909525E-002
  -1.9343454724803106E-002
   7.0020450621710667E-002
  0.11380180397432901     
  0.10275070472195487     
  -1.3596001718051771E-002
   5.7086153758652468E-002
  -1.2714136413132354E-002
  -9.7058336983380136E-002
  -3.8053682206236727E-002
   2.0446669884848046E-002
  -2.5735071559992179E-002
  -4.0960832830790647E-002
  -3.6093608620813823E-002
  -3.6852049127633374E-002
  -4.2002819862382006E-003
   5.8169094419881009E-002
  -1.4043858732243845E-003
  -2.8302730023193486E-003
   4.3421678859409028E-002
  -2.7842834043507250E-002
   3.0166102207924039E-002
   2.1903979859497911E-002
  -2.0154407911911705E-002
  -2.0542521203580247E-002
   2.4574444924335789E-002
   7.9882210116766939E-002
  -4.3750971737676951E-005
  -3.1746328363838547E-002
   7.8007916538193361E-002
  -6.3236503351770015E-002
  -7.2816312762421483E-003
  -7.7104973024954962E-002
 -0.10492277157243957     
   2.0213209997819868E-002
   2.7050391978397394E-002
  -9.6807063395504558E-002
  -7.1276607821597615E-002
  -9.8036435872985758E-002
  -3.1518885381934633E-002
  -6.0570219363916662E-002
  -2.7276034877997350E-002
  -2.0548044039254104E-003
   6.5806056761165369E-002
   6.9526683589749587E-003
   7.2483730844577099E-002
  -4.8951361352622099E-003
   4.7886130169716287E-003
  -5.1727975832770771E-002
  -1.4618421715295678E-002
   1.4406244217429014E-002
  -4.0806350865948617E-002
  -8.9118783365828777E-002
  -3.7043628728320961E-002
   1.7948227771586237E-002
   9.7848787579389259E-004
   3.3006034771950701E-002
  -4.9288199927204651E-002
   8.1597182703945795E-002
   1.4614104003621719E-002
   8.7203530143696389E-002
   1.9864015936869137E-002
  -8.6980471994610620E-002
  -6.2533498932907050E-002
  0.10222795184099287     
   5.1963370847549026E-002
   2.9183581652668648E-002
  -2.0479491583282758E-002
   7.7645146004116469E-002
  -1.0376969095196547E-002
  0.10469542262760423     
   6.2674335714220902E-002
   5.6105101211649203E-002
   4.3673420821427424E-002
  -1.4549494058763601E-002
   1.0601441907498595E-002
   5.9219409393702870E-003
   1.0312063629010935E-003
   2.3872805115896595E-002
  -3.5651173554770488E-002
  -4.3140834400864948E-002
  -1.6316071645528962E-002
   2.7938257618086288E-002
  -4.2260384994345875E-002
  -1.4133410136937742E-003
  -1.9176247283991480E-002
 -0.12039333498105655     
  -4.9024774950126443E-002
  -7.7091739171601514E-003
  -2.3012288771104224E-002
  -1.8783752487519925E-002
  -5.9754862058696755E-002
  -6.0883033616445412E-002
   6.6483169629260172E-003
   6.5816355266064622E-002
  -4.6427446150092699E-002
   2.7671250205396330E-002
   2.6825137423222688E-002
   9.9533590640430991E-002
  0.12031863311463942     
   4.6277325402505218E-002
   3.9595716260486150E-002
   2.9947097108779828E-002
  -7.3822003388103255E-002
  -4.2540005775242196E-002
   2.1010362634234031E-002
  -9.7112081256053986E-002
  -6.6157434617563196E-002
  -6.6736895833977530E-002
   4.0219691028630881E-003
  -7.9302714267795532E-002
  -4.9365419301064889E-002
 -0.21092891080144346     
  -6.1268710962118639E-002
   3.5714521760521652E-002
 -0.13911882153428937     
  -3.2141455911829125E-002
   5.6695183234556558E-002
   7.0717035707630729E-002
  -9.0799884248352780E-002
   2.7114493235596004E-002
   2.2899080526001874E-003
  0.13350486155965299     
   5.0457028370266152E-002
   3.4652993767915571E-002
  -6.8327443547080799E-002
   3.7813332084976913E-002
   1.0429616798950702E-002
  0.10556681750494451     
   8.9933361964563016E-002
  -1.9823521349596911E-002
  -2.1511588179071083E-002
   4.5148033031459582E-002
   8.2951655983295070E-002
   3.5295230959995490E-002
  0.12658273709772574     
   6.5773418941020456E-002
  -2.1456788585122420E-002
   4.2934591481940884E-002
   1.4491145514495325E-002
  -3.4593991234382365E-002
 -0.14910138295465125     
  -8.3854747227594312E-002
  -6.2574381952511752E-003
  -1.3469938047677254E-002
 -0.11763867382737871     
  -4.6370151835412890E-002
  0.12823953719041317     
   9.7613060084200912E-002
   6.5268969517376738E-003
  -8.4049173561601288E-003
  -1.5043757428003511E-002
   3.8104114774333848E-002
  0.17667541842795431     
  -5.4919568875742460E-002
   2.7034485196356265E-002
  -1.9517419338593404E-002
  -5.1542404149848925E-002
   3.6354454609861975E-002
  0.19542117299730341     
   3.4330039506045275E-002
   1.2811107214419953E-002
   7.4751004904142618E-002
  0.12751665010785251     
  -3.8148919537300555E-002
   7.4628978204852356E-002
 -0.11976901052437043     
   4.1252802165306444E-003
   3.9695645979693717E-002
  0.22475890171115998     
   3.3411935159965683E-002
  -7.1599108020311109E-002
 -0.10382392398650037     
  0.11592626142312802     
   4.0951522001584396E-002
  0.28488386238839336     
  0.12530882476123623     
  0.10561144000249359     
  0.15990726536071395     
  -3.5221973567690232E-002
 -0.13360616295937250     
  -2.9867005190512830E-002
   5.6656530816382819E-002
  -3.4717272262917965E-003
  -3.0181979219934121E-002
 -0.11052248402368266     
 -0.19215569760968976     
 -0.17717775140719175     
  -6.0274448708310578E-002
 -0.12747608694737650     
  -6.0849833810939023E-002
  -9.6042382918365352E-002
 -0.18898988225625568     
  -2.1478323041672912E-002
  -3.6986018336194887E-002
 -0.15620051466490609     
 -0.23813348487631075     
  -2.0001317175611721E-002
  -2.9577327400844095E-002
   2.4462389212253011E-002
  0.13099243799945323     
   7.6821348939379003E-002
  -7.4293942103592164E-002
  -3.9344386386865021E-002
  0.23485143557763130     
   5.4185425155709255E-003
   4.1328085140410822E-002
  0.11180366884356596     
   3.1296266116414761E-003
  -1.3277916837805933E-002
  -3.2089763327555164E-003
 -0.15206007262564392     
  -1.1850138421810896E-003
   5.6405478447549784E-002
   1.2636171026615999E-002
  0.11073833226886806     
  -9.9375137323158377E-002
  0.11357562148632734     
  -6.5241631372322126E-002
  0.14512146825762182     
 -0.21678726078148561     
   2.7683382542644595E-002
   2.8934038398436352E-002
  0.21445502628669727     
  0.16995919683628480     
  -8.1794000053306656E-002
   8.0364144081315897E-002
  -2.4301233107193097E-002
   1.1076036116981384E-002
  0.24791534796998330     
  0.12301822542477886     
   2.4519566693608282E-002
  -7.1403563220196462E-002
  -1.2275491125497624E-002
   7.4511001490855627E-002
  0.15614267344069457     
  -2.4603139377222805E-002
  -7.4070842343334817E-002
 -0.14513353893121564     
   3.5964984406444134E-002
  -7.4141306501759111E-002
   3.8356461033493494E-002
  -6.7907698588813514E-002
  -5.5932705447429766E-002
  -1.9798395160017166E-002
 -0.16855373523349271     
   9.2543720272264124E-002
 -0.22361635402912286     
  0.18242367162723366     
  -6.0205256823964631E-002
  0.37053664955444671     
  -9.8388707798786029E-002
  0.14739250023723291     
 -0.22493463115011111     
  0.15499462190330371     
  -4.2493478108755298E-002
  -6.6729075902410576E-002
  -3.0732682094284841E-002
  0.16609994246301304     
 -0.10448380679389464     
  -2.7002781018169365E-002
 -0.27328182217508951     
  0.10408151101876149     
  -3.8073058977868453E-002
   6.6906796830308743E-002
 -0.32501622947522152     
  0.16076666567395242     
 -0.10526144505970042     
 -0.17816044740286166     
 -0.21600117825011006     
  0.14002615735009388     
   4.2418410884882317E-002
  -2.9922725666940663E-002
  -3.1304734920933629E-002
  -6.7990102210336370E-002
  0.13318664960544779     
 -0.21495624180872772     
  -8.4387260063499614E-002
 -0.19211522055014998     
  0.44218885397831165     
   8.3949105829508902E-002
  0.19130135855537903     
 -0.33868997325653738     
  0.35813128098027569     
  -8.8659621155472046E-002
   5.1929597125812757E-003
 -0.14171626238681689     
 -0.15951504797067392     
  0.32841266093552912     
 -0.19177341034113632     
  -8.1697512584694848E-002
  0.20163887573574768     
  0.33600667652096017     
 -0.21916731950317336     
 -0.22620383946247780     
  0.14779779254016165     
  -5.8073392863210171E-002
  0.17339051017029483     
 -0.33513950765322720     
  -8.8474450995668266E-002
  0.35690121295653987     
  0.29837825656760286     
 -0.41858247838734863     
  0.13372822816629215     
 -0.10359098751248887     
  0.21592080108560208     
  -1.0504193231742827     
  0.23855374723684514     
   1.2880667758986513     
 -0.82154444713761188     
