  0.22870646197583763     
  0.20478505209790346     
  0.21137443465947972     
  0.25683603685022621     
  0.21412999690226922     
  0.22744625630543325     
  0.22982812506021680     
  0.21667116114176457     
  0.22051927357620593     
  0.22246210744383216     
  0.22331163206744256     
  0.22313355535722082     
  0.23080358341759427     
  0.20757700298834247     
  0.21513518913305207     
  0.24097877773901100     
  0.21718352992330661     
  0.21053388540776322     
  0.21438940516842958     
  0.21101565420923454     
  0.21709092253145795     
  0.21505113284123040     
  0.20335964301734860     
  0.23111904813995759     
  0.23437808170228330     
  0.25320450556350727     
  0.20589093192394023     
  0.24762809414279330     
  0.21123647939977402     
  0.21565876481355381     
  0.20052259252852650     
  0.22526208461712893     
  0.24364464710343395     
  0.25406044555273410     
  0.22868798222219472     
  0.22276173755227804     
  0.22355936103221188     
  0.23060295180689191     
  0.23657842041313384     
  0.23600321661029700     
  0.25225542559662473     
  0.21800662908903187     
  0.20261317722931355     
  0.20171292898936144     
  0.22576429046338883     
  0.24646325927742929     
  0.22314751702836602     
  0.21209092860500509     
  0.23665467079204955     
  0.21157738189604716     
  0.24934731743654323     
  0.23043394899318703     
  0.22400495945045371     
  0.24177163088173170     
  0.26668977611761807     
  0.20947138144046312     
  0.23860587429820393     
  0.21828848958378211     
  0.20891433900980752     
  0.18827593603576104     
  0.23048600686949081     
  0.21113193006222250     
  0.22453212603597103     
  0.20921793050148443     
  0.21225067239808565     
  0.22177008514080412     
  0.20465131091109703     
  0.20066338817301291     
  0.20312357349653415     
  0.21762354485559085     
  0.20762244444290989     
  0.22256855210963780     
  0.22865419448647131     
  0.22716735836080612     
  0.23423268295164848     
  0.20668404785410216     
  0.22082902635230026     
  0.22550403182595011     
  0.20452666341706782     
  0.23270061290023031     
  0.23644105374171182     
  0.20745824627320408     
  0.22723856230493653     
  0.22082062604663469     
  0.21090385062858949     
  0.23976949483303853     
  0.23147322933179040     
  0.22588615164703818     
  0.20404867011802888     
  0.21758637674952380     
  0.22277039962506825     
  0.24182327697843622     
  0.23687118295549528     
  0.21961440298432805     
  0.20986557266882899     
  0.21981751374802710     
  0.20843334997309979     
  0.19733104085795189     
  0.21149137214271688     
  0.20981520796897199     
  0.22966858005218949     
  0.21289265792336820     
  0.21142758294641273     
  0.21990909466704422     
  0.22972802182756547     
  0.18831728678052445     
  0.22400009905386986     
  0.21979147074842184     
  0.22369340115449735     
  0.20821194062165838     
  0.22963886395150113     
  0.21887102854837087     
  0.21616141858953514     
  0.22367415572521920     
  0.23291602936714292     
  0.23665613629982971     
  0.23477595752607708     
  0.21528979144593005     
  0.21461383450453439     
  0.22451185524073555     
  0.21561763814683388     
  0.22082932225131610     
  0.22280893900198756     
  0.20703623965012460     
  0.24982654199302951     
  0.23745436621352015     
  0.22310356229944947     
  0.21791717862817872     
  0.23786941075759013     
  0.23164250894973823     
  0.23817726817145354     
  0.21408351630393385     
  0.22143953619113499     
  0.22395424644683420     
  0.22306021571222420     
  0.23969589801475996     
  0.22529686715977365     
  0.22118952119652219     
  0.21845289001874657     
  0.21028673981696241     
  0.21171472134063779     
  0.22447796784817461     
  0.20490792817493500     
  0.19609825173715173     
  0.22388243210516090     
  0.21394634636634519     
  0.21193915321965456     
  0.20974713807386205     
  0.20726511089207864     
  0.21679137152848577     
  0.22389354278633361     
  0.21615199394123175     
  0.22671925537646231     
  0.23177513223526860     
  0.23802084399329237     
  0.24385018313982751     
  0.24018914618889298     
  0.22078137716475840     
  0.21498345754795917     
  0.22645388459857232     
  0.22276033793770955     
  0.23237687439484142     
  0.22409037612975122     
  0.23821986570187842     
  0.23939528962652826     
  0.21837720401751895     
  0.20972270542780147     
  0.22949074147987308     
  0.21487473504464319     
  0.22131406701168846     
  0.20357645078868736     
  0.21976159898352488     
  0.21051955518107687     
  0.22569641103334642     
  0.23559633827595533     
  0.20678904873308598     
  0.19371901215017442     
  0.19184779492012008     
  0.20986503816405508     
  0.21319854409720662     
  0.19966260070670683     
  0.21235772443695633     
  0.21749684361353969     
  0.23133932176555616     
  0.25116971712960018     
  0.21424930862660621     
  0.23223211567551705     
  0.22433986870704178     
  0.21804754093467887     
  0.23831004434664455     
  0.21901374580460664     
  0.20364497780609045     
  0.21777427513944284     
  0.23436648038978833     
  0.20742592318873337     
  0.21792694188731157     
  0.21787755883485707     
  0.24548975978950904     
  0.21856056942662919     
  0.22051192960611263     
  0.19814280373364915     
  0.19669245233753999     
  0.23214945631138595     
  0.22880106155284913     
  0.21955093527915334     
  0.22623784660904278     
  0.23291478245009986     
  0.21646150904046016     
  0.22718035849513110     
  0.21517563925416472     
  0.21272069000193058     
  0.21491446481602536     
  0.23207814975034732     
  0.22903428547686788     
  0.19530004563849576     
  0.20496997060953673     
  0.21910686262306828     
  0.21585839053113870     
  0.21308131712922040     
  0.21248584163427753     
  0.19882174690919874     
  0.19019397318713971     
  0.22074480111166842     
  0.22612778288907265     
  0.22415374551020256     
  0.22469113398634247     
  0.23312230562887062     
  0.22656073393477716     
  0.20314576986604324     
  0.21577946701810344     
  0.22524294385810462     
  0.22053238520968707     
  0.22243593386136543     
  0.21814968953837735     
  0.21165229805521299     
  0.23195740872546367     
  0.23876756894337242     
  0.21812909870766867     
  0.21539519604869894     
  0.21658328944189673     
  0.25075758964680250     
  0.23403744884526678     
  0.22809411980298910     
  0.21831662865365725     
  0.22613077324759195     
  0.22598523453920785     
  0.23355602557498273     
  0.23458507350337612     
  0.22834093469584399     
  0.21561698919638939     
  0.22074901741596104     
  0.21695008567260773     
  0.25101282225789523     
  0.24797867314345404     
  0.22485654204337119     
  0.23188712289959976     
  0.23008496801613487     
  0.23997829419583055     
  0.22443731690188407     
  0.22179731039514233     
  0.23282273656873526     
  0.22256973618850681     
  0.21453000145484893     
  0.20484307530112253     
  0.20283465743262852     
  0.22864303254707968     
  0.23182026445393947     
  0.23665103712516158     
  0.20541301212235336     
  0.21071238538864270     
  0.21444852782124174     
  0.23423151339889842     
  0.22348614466063793     
  0.21857993583615784     
  0.21156132550497475     
  0.19940548698310209     
  0.21925610844910343     
  0.20890229874255992     
  0.22293892371270238     
  0.22031591732151501     
  0.21155387719942856     
  0.23778629980364446     
  0.23329830716931776     
  0.21982978685822435     
  0.22732495527656876     
  0.22785732977004725     
  0.22212339050282559     
  0.22868862936540688     
  0.23322958041173081     
  0.23497317726298397     
  0.21741976846425448     
  0.22915239315442268     
  0.23648097745577623     
  0.23872598746044285     
  0.23634136544196382     
  0.20949215488127576     
  0.22171258541347094     
  0.22706596917416752     
  0.20949923790097119     
  0.19243626313684550     
  0.19927772397197044     
  0.23027822664704303     
  0.23178073798989229     
  0.21550010932816976     
  0.21973908372136750     
  0.23087354636476654     
  0.21061029198105274     
  0.22434443478247218     
  0.21484042301291897     
  0.23294943256505538     
  0.20379212918647022     
  0.20700939607940885     
  0.21527048243748870     
  0.21919811609765061     
  0.20975393983988866     
  0.23904438927750149     
  0.23144331244421140     
  0.19805858027268927     
  0.21846264857775316     
  0.22984820559030905     
  0.22095973171654371     
  0.21670405306164858     
  0.22435919646000085     
  0.21537124986540931     
  0.22292668887761727     
  0.23600151147851398     
  0.20198472713636789     
  0.21393053721886596     
  0.21219415651033718     
  0.22222112766299992     
  0.19592539354458041     
  0.20287076186709807     
  0.23337292065052684     
  0.21231577760560552     
  0.21684653718459249     
  0.21942219538137606     
  0.22138171622965719     
  0.19997405722156253     
  0.22008497592417964     
  0.22350271743079264     
  0.23447359627861461     
  0.21811684056621014     
  0.21587197757737042     
  0.22142208638584823     
  0.24075979318118299     
  0.24660792680647764     
  0.19966131280813526     
  0.21205267862902971     
  0.22602747312608684     
  0.21816896647372730     
  0.20988845353528396     
  0.24178005607357669     
  0.22737537207968769     
  0.23395964860852606     
  0.22792746376903864     
  0.21539404849668853     
  0.19964015782912498     
  0.20924839221990316     
  0.22418046829152849     
  0.18584681180976576     
  0.21036454136783167     
  0.20256850970907714     
  0.21625275584505632     
  0.22956468987541048     
  0.23037906483400314     
  0.21445720405315705     
  0.25224351843369996     
  0.24901893892711385     
  0.24435643618608166     
  0.22614840257436566     
  0.20344340789682688     
  0.22854372220457425     
  0.21811961901360435     
  0.25043857764491395     
  0.22485899644532908     
  0.20896459777793513     
  0.19871712906561778     
  0.21446190635899301     
  0.21693741027321914     
  0.21469012985883282     
  0.20971851292929888     
  0.24322530097270775     
  0.23630352093426946     
  0.23465824873988958     
  0.23599957591817408     
  0.22284657927182197     
  0.22149646264063960     
  0.22054751893804325     
  0.21277666104138143     
  0.23679779784602756     
  0.20792039500452406     
  0.21323006272930034     
  0.21587244630233537     
  0.22424880912357864     
  0.23690542697802208     
  0.23110394048165844     
  0.22417809059654484     
  0.23670630772247131     
  0.22623491121870312     
  0.18956507578395224     
  0.20783092671567674     
  0.21027513251496099     
  0.23016718037061523     
  0.24871608808201698     
  0.21388614832259198     
  0.21622645508321814     
  0.21919386003611863     
  0.20705861014113203     
  0.22699551225834522     
  0.23605359618774852     
  0.25796424703173920     
  0.22119469435360686     
  0.20549746910185598     
  0.23256769339303773     
  0.21499949176711464     
  0.22536247078373220     
  0.22115616022298751     
  0.22532837294342822     
  0.22206180971027253     
  0.22460459518541218     
  0.22125241290641792     
  0.22615679111428508     
  0.20702002335704425     
  0.18767077010898162     
  0.22230395376310483     
  0.23469071117185339     
  0.21536929355086343     
  0.22604294048811802     
  0.22068855573606427     
  0.23336405068632085     
  0.21965713911022872     
  0.22571206495403587     
  0.22025019385180991     
  0.23825930599973832     
  0.22212780565411058     
  0.20661227797333812     
  0.22408174945996168     
  0.22060632646550540     
  0.22466240538702836     
  0.22293282279033477     
  0.21823352383478625     
  0.22197241889194363     
  0.22037741490925961     
  0.22449673477226478     
  0.22895274840084745     
  0.22530037016868379     
  0.23255704924711457     
  0.23286740027486547     
  0.23006845698517064     
  0.22341972962147705     
  0.21777695962810995     
  0.22068059953207042     
  0.23199462645591776     
  0.24557659442106941     
  0.23748232494179033     
  0.24230143831934869     
  0.21880399113784804     
  0.22091846693195066     
  0.21207347247367850     
  0.22014574172097900     
  0.23475019428255206     
  0.22215060561552785     
  0.20996017759220209     
  0.23666407607290635     
  0.23100839281296789     
  0.21770091626236290     
  0.22552797536174235     
  0.22614671459909802     
  0.22833016194015018     
  0.22080044348047159     
  0.21603203685835998     
  0.21126275212578144     
  0.22191475246768044     
  0.24474396148286073     
  0.21113023015053725     
  0.21052738379677141     
  0.21911412197345476     
  0.23081538367554469     
  0.20637843262443947     
  0.21797575064987754     
  0.23293701905720754     
  0.20904747034966251     
  0.21368677587787668     
  0.22730794111417893     
  0.22467377137627914     
  0.21812172181949638     
  0.22777599971999618     
  0.22972408749531620     
  0.21844906704171621     
  0.19531522202966264     
  0.21782020691212953     
  0.20931359536768604     
  0.22860653441375250     
  0.24711594455888861     
  0.25464728673266918     
  0.21149281402742076     
  0.21399528105810656     
  0.21536941585047292     
  0.21537122185593985     
  0.22900564090102474     
  0.24674397548817578     
  0.21401918675904477     
  0.20025703260863068     
  0.21100848367514910     
  0.20224698392196552     
  0.22948685711275632     
  0.22293671837408557     
  0.21674624748305171     
  0.21974450374509552     
  0.21335440087210542     
  0.22112874615014708     
  0.23010363343225612     
  0.20536645180128091     
  0.21594004502714678     
  0.23405452704083243     
  0.20871286684159224     
  0.22974396761536525     
  0.23723483396982575     
  0.22877833635033487     
  0.23372203885610249     
  0.22969437896651132     
  0.23488513997468749     
  0.21913754859689150     
  0.22086879422899502     
  0.20241079959352817     
  0.22425820118464559     
  0.22299689105860318     
  0.22791593449346539     
  0.21104665671143188     
  0.23721590680524610     
  0.22764606381731553     
  0.20718052820364830     
  0.20080404899648055     
  0.22549742316952973     
  0.22601605960177082     
  0.23007513799053947     
  0.22185734324171952     
  0.21825073844370993     
  0.23122248051561600     
  0.22394994885955813     
  0.24189053538265579     
  0.20276517792326387     
  0.20878130330691178     
  0.23030756075778586     
  0.22392016708006696     
  0.20902050843490638     
  0.21806902990991028     
  0.22504340335954481     
  0.21479495225604453     
  0.23515553181000304     
  0.22713812772666259     
  0.24272273345367748     
  0.22266529091726389     
  0.18775791559668586     
  0.22916729841838107     
  0.23359785575183273     
  0.21662515536295093     
  0.23686107017440808     
  0.22003166545568273     
  0.21282604801583799     
  0.22748049911095122     
  0.21996983472569470     
  0.23007627273421566     
  0.23825388758031593     
  0.22633099755472341     
  0.22152954702477939     
  0.22774132657332830     
  0.22120458773036605     
  0.21375602800291701     
  0.21675475096611996     
  0.23230888607009212     
  0.21751540364615010     
  0.22451838077853548     
  0.22095972020571447     
  0.21813425076198811     
  0.21283486118062275     
  0.22111974409572491     
  0.21022546259713784     
  0.18809809384451598     
  0.21035561813411952     
  0.23215102074186536     
  0.24242814794256606     
  0.21460594907155628     
  0.20777478666621807     
  0.22581371589636853     
  0.21392606726546573     
  0.24862225709528499     
  0.21652228540980184     
  0.22952357724036174     
  0.22047145342847543     
  0.21720300602737558     
  0.23848943980002446     
  0.22889750979691859     
  0.22282257260211430     
  0.23697561727762065     
  0.23016807961145733     
  0.23404733928045632     
  0.24169067111203629     
  0.23594955437083154     
  0.21295847054537376     
  0.22885648110503973     
  0.22733695800872916     
  0.24786522148419507     
  0.21044770257225787     
  0.21996617777069133     
  0.22697026576168397     
  0.24232552986383396     
  0.20822549673312768     
  0.22077380654198314     
  0.22267646374075289     
  0.24083498021588537     
  0.24658756013252006     
  0.21324215876011288     
  0.24060057646152816     
  0.23437533275621886     
  0.21240534175662773     
  0.21002785916985545     
  0.23619755059927616     
  0.22757916046883153     
  0.22251289086074733     
  0.22407936012293303     
  0.22516346203026816     
  0.24148427664723948     
  0.20226194471064785     
  0.20568659804023365     
  0.24443834284612817     
  0.21997091954323933     
  0.21628095895990185     
  0.22797951665228749     
  0.21814662619092112     
  0.21631690143285634     
  0.23023212496778983     
  0.21415957444164338     
  0.21943946658050600     
  0.21366842389072269     
  0.23073380900529175     
  0.25201080787054714     
  0.22862495393685514     
  0.22330522759311139     
  0.23781774228762376     
  0.20985858216324896     
  0.21367246390292083     
  0.21319096154523098     
  0.20532398531605342     
  0.22280927925393365     
  0.21331055697219134     
  0.24654214604009064     
  0.23781716926190336     
  0.21397043747733166     
  0.22655746060399817     
  0.23425965673402985     
  0.24493194279818237     
  0.20536189325156032     
  0.21552860653048531     
  0.20608431767468474     
  0.23112199982701170     
  0.23291372929479381     
  0.22460616078289480     
  0.21923913846162116     
  0.22907553522354274     
  0.24278749837491889     
  0.21502012429053916     
  0.21512778478098862     
  0.20003827662370402     
  0.21646274160851064     
  0.23457096336791469     
  0.22913711985942811     
  0.21270603814211242     
  0.21648398709025610     
  0.22095522258829778     
  0.21562073880432989     
  0.24517345326367376     
  0.23535383717497244     
  0.21614594870595685     
  0.22974295891304136     
  0.23799664686899200     
  0.22890399249068308     
  0.24629757890526643     
  0.23671793060529692     
  0.23156618567010617     
  0.22854529547194133     
  0.20878836431055725     
  0.23230054796700175     
  0.21418123727981142     
  0.23144981397990771     
  0.23548980797268962     
  0.23740879110119067     
  0.22887729470522378     
  0.23907425217292580     
  0.21371693280932391     
  0.20520153278608991     
  0.22907214063240050     
  0.24520418040988379     
  0.23454701830189725     
  0.22557386283968123     
  0.20959524637436666     
  0.22061341010770316     
  0.22914071948143119     
  0.23334704418708813     
  0.23852884420178871     
  0.23502326575388860     
  0.23892154525894468     
  0.22450090053277769     
  0.23183375505579681     
  0.22654407615012265     
  0.23160610253956920     
  0.21331797616484410     
  0.20934356815694050     
  0.24701987025935734     
  0.24617864910106810     
  0.21391112427860504     
  0.24133278987959833     
  0.21366754960175399     
  0.21865925458037308     
  0.21599004459759574     
  0.21581063764579647     
  0.20778779582755366     
  0.22656568160125770     
  0.21533867720167202     
  0.27284061199277798     
  0.22818523875382579     
  0.23444561774788297     
  0.21176809816150974     
  0.22923228934311055     
  0.23986007959758690     
  0.22572062032451096     
  0.21626140044211853     
  0.22051864083788106     
  0.23094519135330527     
  0.20648906901643696     
  0.21275355957121717     
  0.22063323779548827     
  0.22624631415293139     
  0.22386927088727299     
  0.22666564190694841     
  0.21438639538721674     
  0.21225190983133077     
  0.21667625302222460     
  0.21752906784303666     
  0.22382527580605927     
  0.23059627277643685     
  0.21206628318005938     
  0.21592526344808013     
  0.22006191609959111     
  0.21927279979767078     
  0.20142432901088680     
  0.21186395991727500     
  0.24118597023287341     
  0.21640335200923858     
  0.23455192247828638     
  0.21285129075038817     
  0.21861939961561661     
  0.20999752266822053     
  0.23380023355786111     
  0.23001316392641846     
  0.21131017861057194     
  0.24121438850172425     
  0.22214967010100015     
  0.22031562129356871     
  0.22355677162539550     
  0.22258586820285206     
  0.20372580960689865     
  0.19673063986665568     
  0.20658048278591526     
  0.22577079248539988     
  0.22736954388566330     
  0.23921057489395170     
  0.20388751197011262     
  0.20637663338654030     
  0.22217785866461104     
  0.22042712030386039     
  0.23151120785064769     
  0.18708163572397685     
  0.21275316097889921     
  0.22643945822002950     
  0.23163840108220429     
  0.20020641362339028     
  0.19463170000917748     
  0.22314917906159867     
  0.21813697586262182     
  0.22283953767224143     
  0.21031335295443307     
  0.21752122005038771     
  0.23855209810233405     
  0.24424483095436514     
  0.25213476817130098     
  0.21152030653748746     
  0.24132225166815194     
  0.23631767895064831     
  0.22718922719358320     
  0.22750840702383918     
  0.22262013455695118     
  0.22222579123203742     
  0.22674592854101286     
  0.23583739443341234     
  0.20525382369243672     
  0.21970088900617599     
  0.23466809111136494     
  0.22837742755546622     
  0.22299996999119923     
  0.23581836476052942     
  0.22784698729718031     
  0.21312071290227341     
  0.21904782051793054     
  0.24231317758401683     
  0.21664000967485678     
  0.21730605815556533     
  0.23355923651208446     
  0.22146545843276383     
  0.24057133014451362     
  0.22997974385206027     
  0.23299641271075572     
  0.22903844978061932     
  0.20646619917730630     
  0.22961536718705075     
  0.22372041092403064     
  0.21548953678253407     
  0.21621757819108264     
  0.21477676950622243     
  0.22862133843686111     
  0.21052861840165946     
  0.21394603722980940     
  0.23083659305821888     
  0.21451315579781038     
  0.21529717693385919     
  0.24181459097590877     
  0.21446054864204145     
  0.21861693606082475     
  0.23354927530001460     
  0.20812745769005742     
  0.20255862676924410     
  0.23345428890639436     
  0.22619240563570772     
  0.21198351170372581     
  0.22012207420962485     
  0.22113603081592489     
  0.22090036678172401     
  0.23074898907695846     
  0.20300365976583826     
  0.22473516978742294     
  0.23355240545007003     
  0.22236584627230385     
  0.21416262107580189     
  0.24266373658259102     
  0.21841514108544283     
  0.22618478338338252     
  0.22639795677434110     
  0.23314529268624548     
  0.24112999281476352     
  0.23040834026595533     
  0.22028998307066056     
  0.22357646567239403     
  0.23323974275806930     
  0.21412766150192697     
  0.21223359660698835     
  0.20825707584557707     
  0.22282824693892717     
  0.22561781625300353     
  0.23732679947521459     
  0.22390136167263230     
  0.21805902408950337     
  0.22465544828884759     
  0.23688416601207038     
  0.24354083294878687     
  0.22179620855816759     
  0.22852117152280230     
  0.21386879897825734     
  0.19922605542153815     
  0.22548717411963742     
  0.19687835155401534     
  0.21992088891336117     
  0.22098732354582570     
  0.22802990902829365     
  0.24037274083171570     
  0.21974345677561627     
  0.23873349997777968     
  0.23160957549866776     
  0.21954396752165112     
  0.24282291335082018     
  0.23077962062568241     
  0.24110952064415658     
  0.22204200987955489     
  0.21950826338586998     
  0.22708223503275585     
  0.21613707611536156     
  0.18517139493310411     
  0.24256318019573653     
  0.22473223316990454     
  0.22899347024054892     
  0.21617089878267151     
  0.25768954162696062     
  0.23339003654418911     
  0.22952655943309005     
  0.23206334971634413     
  0.21049512428799336     
  0.21424208054781199     
  0.22047084450052659     
  0.24628698599984231     
  0.24575095224407767     
  0.24687076764102489     
  0.23086914161910826     
  0.19590913651257535     
  0.22200358674008261     
  0.25713157985587320     
  0.23166706629159584     
  0.23855092043081225     
  0.21497135111313048     
  0.21174918919704749     
  0.21934695149691785     
  0.22164375858651200     
  0.19997274256163378     
  0.20479717263432662     
  0.21955002200263032     
  0.22170628700088296     
  0.23649199682908251     
  0.20281902810897620     
  0.21641974960390192     
  0.21615662360381313     
  0.23336046473744962     
  0.24244619299988956     
  0.20347167924549620     
  0.22159382879480377     
  0.24092709913712795     
  0.21753159628633884     
  0.21209789925042130     
  0.20170707223659171     
  0.18146834029945719     
  0.21781487737531618     
  0.22344173498008296     
  0.24365314423826209     
  0.21029189998361328     
  0.20675849895522710     
  0.21221690119105310     
  0.19588627412027917     
  0.22413505313269755     
  0.20475954978426766     
  0.22203674712089225     
  0.21919035363466485     
  0.21146821028442289     
  0.21720914766025948     
  0.21817790896272837     
  0.24476633732230574     
  0.21197114838165726     
  0.23034193329904287     
  0.24241601583422820     
  0.25125272004940041     
  0.22452829372926747     
  0.23197655253195368     
  0.23005577446672429     
  0.22201670199523657     
  0.21840965315979513     
  0.22989846227699604     
  0.24122659938668153     
  0.24535059280465882     
  0.22340711816049341     
  0.21504347054523260     
  0.20624715107585151     
  0.22219040199760512     
  0.21763067391747296     
  0.23145090734190607     
  0.21629686164198775     
  0.19691013729828105     
  0.22763138455156798     
  0.23834743122835747     
  0.21140880082915955     
  0.22582189395234159     
  0.20499161670519458     
  0.23276568905536052     
  0.21133535477907381     
  0.22794507884374271     
  0.22132941001264367     
  0.22767264924966479     
  0.21822430070699980     
  0.22937782693751771     
  0.23103824577194179     
  0.21559133014076967     
  0.23173433144429956     
  0.23008198185544029     
  0.22587442421170037     
  0.23344289902458593     
  0.21532846279322085     
  0.23495988162999534     
  0.19191145835765674     
  0.21671057068931207     
  0.22207599849859636     
  0.24033630250558699     
  0.21092629544664254     
  0.21429435228871743     
  0.22162970938038734     
  0.21312594295169676     
  0.23144708239831419     
  0.19631836956676976     
  0.21901284102365090     
  0.22569659743427345     
  0.23552399614226840     
  0.21100491737789312     
  0.23232195939145514     
  0.21898935330664157     
  0.22834843627983115     
  0.20078328022726552     
