   1.0000000000000000     
   9.5644677656014393E-002
 -0.10701909499352154     
 -0.10345903726566473     
 -0.10942991511660709     
  -6.8611414727553915E-002
   1.7854183557930424E-003
  -7.5517490902631948E-002
  -4.6525985986128497E-002
   1.4695984551040916E-002
   5.1767134775943609E-004
  -3.0665910108721335E-002
  0.10029404991989879     
   6.5144608597439882E-002
  -9.0551990879750313E-002
 -0.15688861321264874     
  -2.8737033737039369E-002
  -4.1717124779568661E-002
   9.7922095319699795E-002
  0.11904790067022983     
   4.3357708860907026E-003
 -0.17462568880695029     
 -0.22013119724948102     
   5.0232141282075080E-002
  -5.9277931077974688E-002
   1.5641012072953212E-002
   8.0051413469312271E-002
   4.5738575739289522E-002
   4.2860584414686813E-002
  0.14086485400503190     
  0.20115811917173732     
  -3.6092220206841191E-002
   3.3629419185734123E-002
  -7.5976856764118361E-002
 -0.15779622469598698     
   6.6328892018424415E-002
  -9.5524920667093907E-003
 -0.11970094297430772     
  -2.1083791723639132E-002
   2.2750374646280457E-002
 -0.13710804285679978     
   5.1261034962219482E-002
   8.7914338761345273E-002
  0.11291450962839279     
   3.2870203272029122E-002
   8.7972297042078082E-002
  -4.2274320579928693E-002
   2.4621377927224981E-002
  -5.1669100852733262E-002
  -2.9610858166761372E-002
 -0.20434809034142801     
  -2.9610858166761334E-002
  -5.1669100852733262E-002
   2.4621377927224995E-002
  -4.2274320579928686E-002
   8.7972297042078068E-002
   3.2870203272029122E-002
  0.11291450962839281     
   8.7914338761345273E-002
   5.1261034962219468E-002
 -0.13710804285679967     
   2.2750374646280457E-002
  -2.1083791723639157E-002
 -0.11970094297430775     
  -9.5524920667094098E-003
   6.6328892018424387E-002
 -0.15779622469598703     
  -7.5976856764118389E-002
   3.3629419185734137E-002
  -3.6092220206841226E-002
  0.20115811917173737     
  0.14086485400503201     
   4.2860584414686813E-002
   4.5738575739289571E-002
   8.0051413469312313E-002
   1.5641012072953212E-002
  -5.9277931077974667E-002
   5.0232141282075073E-002
 -0.22013119724948091     
 -0.17462568880695026     
   4.3357708860907104E-003
  0.11904790067022974     
   9.7922095319699809E-002
  -4.1717124779568682E-002
  -2.8737033737039355E-002
 -0.15688861321264874     
  -9.0551990879750299E-002
   6.5144608597439882E-002
  0.10029404991989879     
  -3.0665910108721335E-002
   5.1767134775941007E-004
   1.4695984551040916E-002
  -4.6525985986128469E-002
  -7.5517490902631906E-002
   1.7854183557930660E-003
  -6.8611414727553971E-002
 -0.10942991511660709     
 -0.10345903726566470     
 -0.10701909499352151     
   9.5644677656014435E-002
