  0.26532129614838090     
  0.27139813927370843     
  0.24184849673889072     
  0.29052021314209403     
  0.23896188398746532     
  0.25299961470432142     
  0.23795272537883069     
  0.26013623785558171     
  0.26501325131634734     
  0.24462136514268853     
  0.28384936051702253     
  0.23411012281002466     
  0.26962727548342091     
  0.26770483569544629     
  0.26449790160523867     
  0.24803590629807679     
  0.26854625628485779     
  0.24791746591509159     
  0.23468475456899926     
  0.25034094822646669     
  0.24648872013426862     
  0.27940960183790031     
  0.28705304406564852     
  0.27959776840390899     
  0.26285438690248597     
  0.25282270326426720     
  0.23600481870263754     
  0.24014515542164533     
  0.25321131649471207     
  0.22857351471057119     
  0.26806101798230475     
  0.27221232184393190     
  0.25148672713953196     
  0.24432947115074791     
  0.24844777050625402     
  0.25803226478481855     
  0.25946755587622816     
  0.26271222496305063     
  0.24419361538297404     
  0.26443690035625839     
  0.25472200414321028     
  0.25712049392922642     
  0.25675420550782097     
  0.25799398844468563     
  0.25176957793564442     
  0.26804028919635875     
  0.25533851856831064     
  0.27674066414864773     
  0.24630214870959072     
  0.26921338496801672     
  0.26916511469003046     
  0.25647545147009593     
  0.25028484166150178     
  0.25404759127261117     
  0.22998905174728676     
  0.24815198891126239     
  0.24591776161576834     
  0.22840833118629700     
  0.23253078374301081     
  0.27953275050776594     
  0.22266658359753902     
  0.22609735727732883     
  0.27092325780384136     
  0.24532584538765631     
  0.26901902811404066     
  0.25141361726212280     
  0.26274458061506800     
  0.22085096490926137     
  0.25890877333580520     
  0.24119164026823822     
  0.26528508215275720     
  0.24611746368935930     
  0.25645884142536923     
  0.26990009723721492     
  0.27241223782496710     
  0.26652247734091794     
  0.25580172404502677     
  0.23827558844762631     
  0.25402341999540390     
  0.26108107015774051     
  0.26749119528398546     
  0.23365333087087314     
  0.29799636969505844     
  0.23830702916083452     
  0.26308869621111219     
  0.24706558006727253     
  0.25448594688953891     
  0.25260994456313518     
  0.27084189441459344     
  0.27580673982699488     
  0.23956944520998280     
  0.24677821453464222     
  0.25540259937063753     
  0.26166211407478157     
  0.24505328568713955     
  0.25083189387942373     
  0.27112892991437199     
  0.27251436348766356     
  0.27122321544164785     
  0.25959845011579230     
