   1.0000000000000000     
  0.22723631725233115     
   1.0049604772142900E-002
   1.3560114943989907E-002
  -8.6927504930970179E-002
 -0.13432295177158654     
   1.7478771425446772E-002
   5.8722836362288991E-002
   6.8468852785686471E-002
   2.9283569176866506E-002
   8.4191731326488578E-002
  0.19803577251011081     
   9.7877322916227819E-002
  0.11063260950108632     
   4.9664700906447597E-002
  0.16718069038180364     
  0.11512748517413332     
  -7.5082975380395406E-002
 -0.19535619543675303     
  -3.8572625849198273E-002
  -5.6728434261857308E-002
  -8.4370033252507970E-002
  0.23899868698367532     
   6.4274077895132856E-002
  -5.9561584704756337E-002
  0.10808394973035966     
   4.5337952331066217E-002
  -4.0516309913132327E-002
  -6.6753102524984523E-002
 -0.20554277851379532     
 -0.10889709034414934     
  -3.8553197127572464E-002
  -4.6979762393790855E-002
  -5.1539842871085921E-002
   8.0851572640081831E-002
  -7.3540006398390201E-002
  -4.4296023569356018E-002
 -0.11950526198081143     
   7.0796115048886471E-002
  -2.9618324513723211E-002
  -8.4089529937715943E-002
  -6.5574267049225143E-002
  -4.2942536517169720E-002
 -0.25831738559192280     
 -0.12629182876060169     
  -5.3333289972219707E-002
  -7.9612662771822759E-002
   5.6576061688172113E-002
  -7.0371348683035823E-002
  -3.3054246087678499E-002
  -8.4355389284432911E-002
  -3.3054246087678513E-002
  -7.0371348683035781E-002
   5.6576061688172148E-002
  -7.9612662771822787E-002
  -5.3333289972219776E-002
 -0.12629182876060172     
 -0.25831738559192291     
  -4.2942536517169699E-002
  -6.5574267049225157E-002
  -8.4089529937715957E-002
  -2.9618324513723232E-002
   7.0796115048886471E-002
 -0.11950526198081145     
  -4.4296023569355983E-002
  -7.3540006398390201E-002
   8.0851572640081817E-002
  -5.1539842871085921E-002
  -4.6979762393790862E-002
  -3.8553197127572492E-002
 -0.10889709034414925     
 -0.20554277851379529     
  -6.6753102524984578E-002
  -4.0516309913132299E-002
   4.5337952331066265E-002
  0.10808394973035962     
  -5.9561584704756317E-002
   6.4274077895132800E-002
  0.23899868698367530     
  -8.4370033252508012E-002
  -5.6728434261857280E-002
  -3.8572625849198280E-002
 -0.19535619543675306     
  -7.5082975380395420E-002
  0.11512748517413333     
  0.16718069038180369     
   4.9664700906447597E-002
  0.11063260950108630     
   9.7877322916227763E-002
  0.19803577251011076     
   8.4191731326488550E-002
   2.9283569176866472E-002
   6.8468852785686457E-002
   5.8722836362288991E-002
   1.7478771425446779E-002
 -0.13432295177158635     
  -8.6927504930970220E-002
   1.3560114943989942E-002
   1.0049604772142900E-002
  0.22723631725233123     
