   1.0000000000000000     
  0.50395476689191954     
  0.36873977366779709     
  0.31851267106453018     
  0.11804842733179560     
 -0.10189323012459531     
 -0.17503553527015753     
 -0.18764230935156698     
  -9.5599783377820338E-002
  -5.0882626875971088E-002
   7.2736821586967412E-002
  0.18874390732618132     
  0.11535835873061150     
  0.31666913256180662     
  0.20094858247897548     
   7.2032829871642917E-002
   6.2727357863326699E-002
  -2.5805498724530453E-002
 -0.15919507981193737     
 -0.20140213208407501     
 -0.27432461236708966     
 -0.15441705081400359     
 -0.21619844818843220     
 -0.14592435854551628     
   7.6861765023840609E-002
   4.0223591422585921E-002
  0.10599961434804171     
  0.20450451057287403     
   5.9465635076279402E-002
  -2.6954427523651642E-002
   4.1017584386241784E-002
  -9.3768819884948243E-002
 -0.16746363367733202     
 -0.19233908269813746     
  -9.4298885610335961E-002
  -2.6402581798560650E-002
  -4.7612229695595046E-002
  -1.6981118771606388E-003
   5.2031283487104396E-002
  -1.3303697793268404E-002
  -3.0494449439536747E-002
  -6.5112489226307663E-002
 -0.12898936978529793     
  -9.0837867371698217E-002
 -0.14456402862329726     
  -8.1334929245557824E-002
  -5.6696741796634614E-002
 -0.11992962810826228     
 -0.10822688169058892     
  -6.9146501778002620E-002
 -0.14216318106530323     
  -6.9146501778002648E-002
 -0.10822688169058890     
 -0.11992962810826237     
  -5.6696741796634559E-002
  -8.1334929245557824E-002
 -0.14456402862329723     
  -9.0837867371698258E-002
 -0.12898936978529804     
  -6.5112489226307593E-002
  -3.0494449439536626E-002
  -1.3303697793268411E-002
   5.2031283487104445E-002
  -1.6981118771606132E-003
  -4.7612229695595032E-002
  -2.6402581798560646E-002
  -9.4298885610335961E-002
 -0.19233908269813751     
 -0.16746363367733191     
  -9.3768819884948257E-002
   4.1017584386241784E-002
  -2.6954427523651632E-002
   5.9465635076279423E-002
  0.20450451057287414     
  0.10599961434804164     
   4.0223591422585886E-002
   7.6861765023840581E-002
 -0.14592435854551630     
 -0.21619844818843220     
 -0.15441705081400370     
 -0.27432461236708955     
 -0.20140213208407490     
 -0.15919507981193734     
  -2.5805498724530453E-002
   6.2727357863326685E-002
   7.2032829871642931E-002
  0.20094858247897554     
  0.31666913256180662     
  0.11535835873061141     
  0.18874390732618129     
   7.2736821586967398E-002
  -5.0882626875971122E-002
  -9.5599783377820269E-002
 -0.18764230935156698     
 -0.17503553527015750     
 -0.10189323012459532     
  0.11804842733179557     
  0.31851267106453018     
  0.36873977366779725     
  0.50395476689191954     
