  0.38733061190419532     
  0.40713856416369071     
  0.39982822861037448     
  0.37628293452859074     
  0.39414604169032508     
  0.37082893851992227     
  0.40402027291663123     
  0.38795194629520663     
  0.40231079137343284     
  0.39273145236548923     
  0.41234519365531108     
  0.41672083314400632     
  0.40543270237232787     
  0.39200491093205697     
  0.39531009681256957     
  0.39310991065582906     
  0.38834679643600689     
  0.40532589288803211     
  0.39809594219854144     
  0.39758743406934005     
  0.37442748446031704     
  0.40994957980454749     
  0.41636690354552558     
  0.40199175741555770     
  0.39492300633481486     
  0.39878488626171171     
  0.38832737836210462     
  0.39839891735176958     
  0.39738006238752194     
  0.40567754360255154     
  0.39460248570815687     
  0.39719140361161709     
  0.38933126451444383     
  0.37253739331557606     
  0.39481025232700118     
  0.37039820928927547     
  0.40884450734979672     
  0.38644552121013953     
  0.40435408481642438     
  0.41474117432336149     
  0.39384593229875237     
  0.41035275908642543     
  0.37964054736951147     
  0.41529164275572844     
  0.39858958057969390     
  0.39879604112507921     
  0.37430982657681261     
  0.39985356090062429     
  0.38230675383952373     
  0.40968798657822220     
  0.38477910474702504     
  0.38146038901238238     
  0.38694471014702447     
  0.36405415431442489     
  0.38308112844191017     
  0.41412822370707386     
  0.37783124871334894     
  0.39451112332925564     
  0.39016824245871889     
  0.37332402444331803     
  0.41089548702586670     
  0.39535297170656231     
  0.39497519899733791     
  0.37185970304986582     
  0.39300307975826271     
  0.37874082770913958     
  0.39780071046593479     
  0.36767120517060470     
  0.37767767506985062     
  0.36311251221892665     
  0.37793695671852323     
  0.40222838698476499     
  0.37807653780122691     
  0.39164517738488913     
  0.39169531407860469     
  0.38970843663464821     
  0.39912772211766973     
  0.36618242941685464     
  0.37049834476347232     
  0.37142207503645619     
  0.39449227297722383     
  0.40364976672422914     
  0.39372811769744448     
  0.40873684838292412     
  0.38436580141280557     
  0.40901480291282111     
  0.37810238736851681     
  0.37422796475085263     
  0.38945143810861393     
  0.40321027839790441     
  0.41603709173835468     
  0.40587753213093358     
  0.36904631159043366     
  0.41535523453303552     
  0.38773297882619323     
  0.39866839401032372     
  0.36131569521801388     
  0.38757114501758222     
  0.41030822087714491     
  0.43455273861955046     
