   1.0000000000000000     
  -7.3362889853113872E-002
   5.9511030802074046E-002
 -0.10689932346227297     
   5.4331161142781442E-002
 -0.10903730066448071     
   8.4422459291861623E-002
   8.2962979385160285E-002
  0.12646299755848373     
 -0.11650784298904722     
 -0.11507233269762930     
  -7.2566670330412766E-002
   1.3389405018712805E-003
   3.7901155592708624E-002
  -8.7521833237303899E-003
  0.16479202655173331     
 -0.19543775238303074     
  -7.8984671035285489E-002
 -0.11485494023508148     
   8.3106423894349316E-002
 -0.17421379123532327     
  0.15970914021566873     
  -8.1492057785367195E-002
   8.7407147972623889E-002
 -0.18011997952624248     
 -0.15831931720815631     
  -1.1830053581561402E-002
   3.9111418382011938E-002
  -6.1097388663519728E-002
   4.5357093025706625E-002
   9.8385214264378004E-002
 -0.10607024794987491     
 -0.16370111815303720     
  -5.1863458491825873E-002
  0.11988771963773152     
  -8.4098965365811768E-002
  0.12166902946855376     
  -3.8691401567997608E-002
   3.7927243125803922E-002
 -0.10325900641363153     
   6.1371736708525481E-003
   4.7613329583760154E-002
  -8.4101316785246787E-003
  0.16550217491311719     
   4.1747150306592297E-002
  0.11155153326689662     
  -9.5217609741590978E-002
   4.4724135046463394E-002
  -5.1785333984104169E-002
   2.9559296619119865E-002
   2.1055588200699159E-002
   2.9559296619119858E-002
  -5.1785333984104183E-002
   4.4724135046463380E-002
  -9.5217609741590922E-002
  0.11155153326689665     
   4.1747150306592304E-002
  0.16550217491311719     
  -8.4101316785246249E-003
   4.7613329583760168E-002
   6.1371736708525698E-003
 -0.10325900641363149     
   3.7927243125803936E-002
  -3.8691401567997587E-002
  0.12166902946855376     
  -8.4098965365811781E-002
  0.11988771963773152     
  -5.1863458491825873E-002
 -0.16370111815303723     
 -0.10607024794987494     
   9.8385214264377990E-002
   4.5357093025706660E-002
  -6.1097388663519714E-002
   3.9111418382011952E-002
  -1.1830053581561382E-002
 -0.15831931720815634     
 -0.18011997952624248     
   8.7407147972623889E-002
  -8.1492057785367195E-002
  0.15970914021566873     
 -0.17421379123532327     
   8.3106423894349329E-002
 -0.11485494023508143     
  -7.8984671035285489E-002
 -0.19543775238303074     
  0.16479202655173320     
  -8.7521833237304402E-003
   3.7901155592708610E-002
   1.3389405018712798E-003
  -7.2566670330412794E-002
 -0.11507233269762925     
 -0.11650784298904716     
  0.12646299755848375     
   8.2962979385160340E-002
   8.4422459291861623E-002
 -0.10903730066448065     
   5.4331161142781415E-002
 -0.10689932346227295     
   5.9511030802074046E-002
  -7.3362889853113872E-002
