   3.7507596397286104E-002
   4.0312200979236337E-002
   3.3593410884787636E-002
   4.5334063907704780E-002
   4.0534975718446588E-002
   3.8660940626356860E-002
   1.0872834247284311E-002
   2.8764763427783075E-002
   9.2543697387994280E-003
   2.5925116751185848E-002
   3.4473160819531570E-002
   4.6776665832785377E-002
   3.5615187366379343E-002
   4.5062988736037389E-002
   4.3914962049887610E-002
   1.2369283419302738E-002
   1.4066407463909096E-002
   1.7075732546203249E-002
   2.0719968241112257E-002
   3.0369913201800890E-002
   6.9788019039088009E-003
   4.4343212719807942E-002
   2.5742966112468919E-002
   4.0288585857555091E-002
   2.4706980633528424E-002
   1.5238116462118747E-002
   1.4742350612132192E-002
   1.7747180119680891E-002
   2.0989437257941865E-002
   2.2656932743689785E-002
   3.1348233221356499E-002
   3.2671547031071627E-002
   1.7843262993427852E-002
   2.9827880451250680E-002
   5.4104583389637025E-003
   3.5496396266658112E-002
   2.3222547653006680E-002
   1.8931822425320131E-002
   2.6659404873274603E-002
   3.0107744255670855E-002
   3.5382927131977882E-002
   2.0780477349034685E-002
   3.0909515911202272E-002
   1.8947112024425471E-002
   3.4959232311574856E-002
   1.9554699667040914E-002
   2.4677089697420277E-002
   3.4159158167286693E-002
   2.5122794858717594E-002
   1.9071139711956401E-002
   4.3860189641751104E-002
   2.1616094145278302E-002
   2.4208494857334915E-002
   2.7790797891557070E-002
   2.7119259786369167E-002
   2.8411854460363088E-002
   2.4316395541347895E-002
   2.1421693590432080E-002
   2.4212289795551508E-002
   2.4282816060545599E-002
   4.2335504030899355E-002
   2.6751912652021880E-002
   3.8179873060217667E-002
   2.5579917127051890E-002
   3.0744274248180437E-002
   5.4869236533564271E-002
   1.8206014661606668E-002
   2.6400572477408627E-002
  -5.9533312934228360E-004
   1.9681397138531561E-002
   2.6042041814938084E-002
   2.0169938614461713E-002
   3.1083322871706925E-002
   2.2158969399772674E-002
   1.2810384326101069E-002
   9.6750388736512004E-003
   3.9163346364497155E-003
   3.6666554622171964E-002
   2.3981409535419322E-002
   1.6663120124060973E-002
   2.3449832078992844E-002
   2.0151278159164752E-002
   2.6803261433443679E-002
   3.0034294526161250E-002
   4.7937578484895008E-002
   2.7211688323283429E-002
   2.1166422222270793E-002
   3.7139070190431542E-002
   3.3363433822348458E-002
   3.3407768295534664E-002
   2.7111615886912639E-002
   3.2571872588020245E-002
   2.6792078743377384E-002
   4.2720426320730559E-002
   3.1947816515428849E-002
   3.0413409894972272E-002
   3.2160433361420049E-002
   2.2713791283371899E-002
   3.5717735489825972E-002
   1.1772848439347446E-002
   9.6236451488888996E-003
   3.9188364935233984E-002
   4.3051460593286810E-003
   1.8699499364012800E-002
   3.3041697867681337E-003
   3.3370339256724162E-002
   2.1956589142003834E-002
   4.3096722989006075E-002
   2.4317445742069000E-002
   1.9710090431136206E-002
   3.2590810827002291E-002
   4.9545333245578686E-002
   1.6250863216301807E-002
   1.6247382264954802E-002
   3.0715383544423071E-002
   1.8335392363601953E-002
   2.9727376191192229E-002
   3.6897983240398703E-002
   2.7948755911889618E-002
   4.9431600545730627E-002
   4.7672697124359169E-002
   1.1834480852075309E-002
   3.2216575929103583E-002
   2.0948328352259588E-002
   2.5360533966972201E-002
   2.8630653565654793E-002
   2.0156491972786957E-002
   2.4602736645702283E-002
   2.3481809431876333E-002
   3.5835301329995448E-002
   2.6589194563785244E-002
   1.5615285895123916E-002
   1.9627793544352533E-002
   1.6130263408953925E-002
   1.8158003037020622E-002
   3.6278997591689829E-002
   3.2636198898712103E-002
   3.1853003260366608E-002
   3.7347959250164799E-002
   2.2003048248385587E-002
   1.5941334229817774E-002
   1.1714175402041244E-002
   4.1400630949514586E-002
   8.9788020521297165E-003
   2.6789165848743551E-002
   4.1123842797964827E-002
   2.1150317097479859E-002
   3.4084643642402365E-002
   4.0527359422120678E-002
   3.6780531645446667E-002
   2.8987582020324143E-002
   3.3464189021086131E-002
   3.4838063890224473E-002
   7.2504084295072786E-003
   3.6040314486248698E-002
   2.5700003566861994E-002
   3.0792370244857821E-002
   3.4191554702215410E-002
   3.3576783509537904E-002
   3.6199246478602877E-002
   4.0321760815566980E-002
   4.1319079962438041E-002
   3.1077738526879631E-002
   3.0620945198989301E-002
   3.2571219002656374E-002
   3.2672432846464310E-002
   1.2129098861185865E-002
   1.9454314846266283E-002
   1.7338081611465186E-002
   2.5685333721949036E-002
   2.1035945317069687E-002
   4.6092932315627388E-002
   3.0971178557456555E-002
   4.5258798618205795E-002
   3.4962808692283909E-002
   2.8031296863064620E-002
   1.9202247874187995E-002
   2.7949159428977414E-002
   3.2659661535159978E-002
   4.2899572293926887E-002
   2.9501565459020947E-002
   2.4893822534794795E-002
   3.1073398462064836E-002
   2.6990460827803344E-002
   3.2642500061463346E-002
   2.8496070679687388E-002
   5.0686776551435879E-002
   3.9154198066187244E-002
   4.5476496040474275E-002
   1.7960262057769912E-002
   4.0782568290384284E-002
   3.0164436075123913E-002
   1.9685234200280430E-002
   1.1498273790998055E-002
   3.9639110812034965E-002
   6.1532173164560505E-003
   1.8006792209859176E-002
   2.4420482229825253E-002
   3.3461761015291601E-002
   1.6574172129891051E-002
   1.5019458675644356E-002
   2.2949832017646599E-002
   5.7146158634160900E-002
   1.4854646031527165E-002
   4.4871259204774076E-002
   2.7886001629903706E-002
   1.9276052493859757E-002
   3.5439527963263828E-002
   2.6082162494444453E-002
   2.5292710132523853E-002
   2.9015820167690196E-002
   4.3123340720773430E-002
   4.9707373617534210E-002
   4.7197966399107179E-002
   2.3287436281107628E-002
   3.3866644103290218E-002
   1.9719515035208596E-002
   4.5161730200610616E-002
   3.1282237512755419E-002
   2.8497960142529710E-002
   4.0684455741253511E-002
   3.9469172881017298E-002
   4.2557311205121989E-002
   2.1251195829935208E-002
   3.4795688865614176E-002
   2.5343172779435919E-002
   3.5777966839935706E-002
   3.1508625477177407E-002
   4.0129634546786253E-002
   4.1597782855797252E-002
   2.0099196673605629E-002
   2.6809137307159350E-002
   1.0994132161635113E-002
   1.0982797776691632E-002
   2.6071323225344022E-002
   3.2477172438334305E-002
   2.4369645704058654E-002
   2.5864259360508023E-002
   2.9556208396781768E-002
   4.6624951139425455E-002
   1.9526042959419562E-002
   3.9559617385415344E-002
   4.2167363407452002E-002
   3.7575102454726984E-002
   3.3220260397598948E-002
   2.9801603506515752E-002
   3.5114786793196878E-002
   4.3362359943887797E-002
   2.6389070997437487E-002
   3.4046208916502903E-002
   3.5682999214178682E-002
   3.0597510503988189E-002
   2.6522855223647106E-002
   3.0719222537582195E-002
   2.6130040139031870E-002
   3.1020115014019904E-002
   3.5525794838589093E-002
   1.3248691443168543E-002
   2.8294079078022911E-002
   3.0658520539866355E-002
   3.7224189641739625E-002
   4.0208156484461403E-002
   3.8073444579501056E-002
   1.0863135446496018E-002
   1.7772088961082358E-002
   4.9651456734777381E-002
   2.6601378697810180E-002
   2.6706250440960186E-002
   2.2854415479089812E-002
   1.7168902459079583E-002
   3.1158597511966805E-002
   2.1753374487212582E-002
   3.0032812598416364E-002
   1.2201028087693206E-002
   3.3246966869704540E-002
   2.9717575111481119E-002
   4.0861119046475998E-002
   2.3594745366972304E-002
   2.0087138486393461E-002
   2.2866851446022071E-002
   3.6625238038522433E-002
   1.9615149832328795E-002
   3.6651983538511894E-002
   2.8995653952810143E-002
   3.0774725635619365E-002
   1.7833080423584731E-002
   2.0608288057471190E-002
   2.3509398294785881E-002
   3.5169400753024577E-002
   3.0623382789721883E-002
   2.2327874425988169E-002
   1.0833793212930565E-002
   3.6785004688554508E-002
   3.6517598421684547E-002
   2.1019008982525230E-002
   2.1180313765488262E-002
   1.7572965627280869E-002
   1.4383271380288285E-002
   2.8603482706101396E-002
   2.7563291161223795E-002
   3.2079719502341668E-002
   2.0236848033050241E-002
   2.1306251614656484E-002
   2.7070020926598583E-002
   2.4418598893657547E-002
   4.4185551927693545E-003
   3.1278645280576896E-002
   1.2078582201284844E-002
   1.4108113142363290E-002
   9.0447966319157557E-004
   2.2135827903106815E-002
   1.6268954545822289E-002
   4.8888753533435789E-002
   8.9269574377150492E-003
   2.5935605534963907E-002
   2.1870723510335730E-002
   2.4613691735449937E-002
   5.5622153546604457E-002
   1.9018077480064129E-002
   3.3535191191782235E-002
   2.6339558958495584E-002
   4.1674767336354251E-002
   4.0159068628029509E-002
   2.5023576203539455E-002
   3.6248824834669055E-002
   3.9124672084801089E-002
   3.4775539744094648E-002
   3.5674821178580597E-002
   3.4359314570414932E-002
   2.2021579618157042E-002
   2.9706895566361070E-002
   3.1963167538190243E-002
   3.1062165268565808E-002
   2.2962538353258448E-002
   2.8685907622605349E-002
   2.6362257230928995E-002
   2.8133156940354436E-002
   6.6535565930279893E-003
   4.0051218066316861E-002
   3.3855565553271516E-002
   3.7189640463536608E-002
   2.7446662640923599E-002
   1.9946846580700155E-002
   2.7696719818404401E-002
   3.6629351751375362E-002
   3.2857692465603855E-002
   5.0025046317691814E-002
   3.1654605081820247E-002
   4.1906208467946682E-002
   1.6166667025272769E-002
   4.0162319665927440E-002
   5.1920653791659013E-002
   6.0033687777918524E-002
   2.1328093353500960E-002
   1.4263000278450946E-002
   7.5124528362488213E-003
   2.8770039636551368E-002
   3.6717148849401471E-002
   1.9541000310459838E-002
   3.1163006009967496E-002
   4.6835093426642542E-002
   3.3399672750493513E-002
   2.6600797326572639E-002
   4.3326172957242212E-002
   1.7963724990926105E-002
   3.5009908258470369E-002
   3.6992995495460437E-002
   8.5335140517190430E-003
   2.0442125861532358E-002
   3.5516061266393867E-002
   1.8831659878436845E-002
   2.9500002217905712E-002
   1.8582673878894413E-002
   2.3591472770805789E-002
   5.4958537169404999E-002
   5.0657510515527311E-002
   1.8460727693688242E-002
   1.3802129752311206E-002
   2.3237006311354405E-002
   4.1128094992161579E-002
   3.4915031208848320E-002
   2.0858233945922747E-002
   6.5279355990516992E-003
   2.3290506720021722E-002
   1.0071068163710808E-002
   2.3007166520023999E-002
   4.6180479328015257E-002
   1.2443173218952493E-002
   3.6803619761760643E-002
   2.5080282460608238E-002
   4.2007830321513359E-003
   1.9282092406963072E-002
   4.4087213582026455E-002
   3.8713236965906436E-002
   2.6837379313566116E-002
   2.6944619431579817E-002
   4.9869600664872234E-002
   2.5962048164623389E-002
   4.6085808574125628E-002
   4.4046532831343500E-002
   4.1267422368390302E-002
   3.7850336143338617E-002
   2.1731884937230335E-002
   1.3515668134039427E-002
   2.8933624895894780E-002
   2.4053667676979962E-002
   2.6199675499666279E-002
   5.9204151986747770E-002
   1.8306544312033993E-002
   2.4359322170507132E-002
   5.1058923123741308E-002
   9.1692940108471198E-003
   1.0423872480036730E-002
   3.6972515570697716E-002
   3.6043984171547604E-002
   2.2574687122404527E-002
   2.4741862730675097E-002
   6.5298605588861122E-002
   2.5448770223723119E-002
   1.4880747567709584E-002
   3.6308499315485229E-002
   4.0506452422412534E-002
   2.0120212482861399E-002
   1.1310877645784281E-002
   3.9490647062797313E-002
   2.7423731467814572E-002
   3.2619595837862128E-002
   1.9763442063836938E-002
   1.8587719958228086E-002
   2.4263248923652725E-002
   3.0451807689078899E-002
   2.0256170440803269E-002
   1.4339295570643453E-002
   5.2736506742101667E-002
   1.6304115731478556E-002
   3.3107741665013998E-002
   2.7143278665796234E-002
   4.2532869457405628E-002
   2.3101623695080870E-003
   4.1892844306345448E-002
   1.1510051556069868E-002
   2.0225507755143746E-002
   7.5857630728780037E-003
   3.6760151158544127E-002
   3.3583360921339747E-002
   3.1878726370763583E-002
   3.7952378328648714E-002
   2.4789444677866257E-002
   3.1341302307751479E-002
   3.3841331149643328E-002
   3.6546801256406407E-002
   2.8198287387697883E-002
   3.5878087017656872E-002
   1.3831489456021924E-002
   1.5394264810916989E-002
   2.4718593525729308E-002
   2.6547975109863217E-002
   2.5088528138817658E-002
   2.3567637641496917E-002
   4.0148569598659631E-002
   2.5966365927010685E-002
   2.8666024631913891E-002
   3.8942267017579066E-002
   2.9878884207667985E-002
   4.1960421969181094E-002
   4.2966263251433615E-002
   4.4247931953995651E-002
   5.5976090847751514E-002
   3.4473344524542045E-002
   2.3795597452480201E-002
   3.2809306338214432E-002
   2.9782426869931832E-002
   9.8274839301115587E-003
   3.8441787285296250E-002
   2.5025253542108633E-002
   2.4402371399151281E-002
   2.9869533485835219E-002
   3.0927518428098304E-002
   3.7434274423786496E-002
   2.7398553771423261E-002
   3.0890224352761505E-002
   2.8822350985312856E-002
   4.9816890431215073E-002
   2.4666108436659860E-002
   3.5402854763773958E-002
   3.6883460204188298E-002
   3.6573845644920951E-002
   2.3153861509494788E-002
   4.2860395169617933E-002
   2.1319531272382428E-002
   2.2534439246027271E-002
   4.4212328455608130E-002
   3.8195142968652944E-002
   1.4010207950261939E-002
   4.6071098509103368E-002
   4.5700030131899043E-002
   8.9530549395665099E-003
   3.3965892562291253E-002
   2.7788106758111025E-002
   2.8559799753206432E-002
   1.5361281345288358E-002
   9.5444953477714506E-003
   4.4250204786034926E-002
   2.1199028969878419E-002
   2.3215932800910173E-002
   1.6525982655380217E-002
   2.2947417855811770E-002
   3.3686670007448613E-002
   3.7113674592073237E-002
   3.5656040848812603E-002
   4.7590673125771164E-002
   5.1985495755159199E-002
   2.5857379095340305E-002
   1.2603172389915374E-002
   3.5311809892461646E-002
   3.9654286632408234E-002
   2.4340457360525862E-002
   1.8861888025923628E-002
   2.6452742006035219E-002
   2.8670906637769694E-002
   2.6891194290792061E-002
   2.5337166546757186E-002
   8.9765817645092779E-003
   1.9361891036760032E-002
   2.2525575021861203E-002
   2.7432396371130357E-002
   4.4918099726500800E-002
   2.2314192319795260E-002
   4.1410600169027798E-002
   1.6738422647579659E-002
   1.3306987154246811E-002
   2.6581687323896690E-002
   2.4539543072632976E-002
   1.2943530221846671E-002
   3.5444585514058644E-002
   3.1876598993841321E-002
   4.2532107599137239E-002
   3.3231852189548626E-002
   1.7158880141614818E-002
   4.0775951036019553E-002
   3.0627680847480298E-003
   5.3338854321095260E-002
   3.8351203450197317E-002
   2.6964404837659835E-002
   2.3998327674081797E-002
   1.6024973342139578E-002
   1.7435852386682653E-002
   1.3511726566629967E-002
   3.7948494034561478E-002
   2.9707836245775290E-002
   3.0992025269994242E-002
   2.9398656846199783E-002
   3.9496166479637579E-002
   3.1354929471670581E-002
   2.5378131867401271E-002
   4.9200361529708726E-002
   2.3815839626794899E-002
   2.8124600333739379E-002
   4.4059014711540022E-002
   4.7109031607203533E-002
   3.7404223111341672E-002
   6.4808469180276107E-003
   2.5819366536107322E-002
   2.3406179074548842E-002
   2.0577291688796601E-002
   3.2094881546036264E-002
   3.3620299068201465E-002
   3.3689797838395354E-002
   2.2864413846551510E-002
   3.8201191557654175E-002
   2.7510778995006296E-002
   1.5503277323397912E-002
   8.6931074462091168E-003
   2.1350734637920910E-002
   2.3931777288421902E-002
   2.8834995727180047E-002
   2.2651083998274962E-002
   2.7683435880939685E-002
   1.5583681929861159E-002
   2.6773962955162919E-002
   3.8356310743660915E-002
   3.8816525411015865E-002
   1.8964160663017263E-002
   3.3758809904383874E-002
   3.0713435486822430E-002
   3.3708096584519891E-002
   3.6057960064876306E-002
   1.5843698887533821E-002
   2.7414410889644664E-002
   7.1409907913237963E-003
   1.3207667405129986E-002
   4.0270564832134342E-002
   2.5135856418950647E-002
   1.2462646744409347E-002
   2.0522868890175103E-002
   1.7459061816652067E-002
   1.6887873852149436E-002
   3.5703630040938884E-002
   3.5002429802099777E-002
   3.7585403280905740E-002
   2.0348749994811389E-002
   3.0249333310849520E-002
   4.5932029834771064E-002
   1.0633197724327701E-002
   2.1528660879157807E-002
   4.0916917244724821E-002
   4.6227561687090191E-002
   2.4776704288127165E-002
   3.8589309209024147E-002
   4.5139338264591898E-002
   2.3880384466785882E-002
   2.8846619566681712E-002
   1.3397616425243595E-002
   2.8296164267674600E-002
   3.2759908937796484E-002
   1.2539310874051498E-002
   3.4881219621261415E-002
   1.5814101352266751E-002
   1.1504924744488628E-002
   1.5900735811849889E-002
   1.9067128973814955E-002
   3.1337003886745318E-002
   1.9914840051212718E-002
   3.9746718919773688E-002
   4.4553068603064211E-002
   3.5883799156576260E-002
   3.5955397098512538E-002
   2.6580300778180518E-002
   3.2716300768275787E-002
   4.0030087364260163E-002
   3.2932882274904540E-002
   6.3608264805565563E-003
   4.8358425099783824E-002
   2.1319901419635082E-002
   2.4958491423265478E-002
   1.7584438588267207E-002
   2.8055800159173781E-002
   4.7671616150576732E-002
   1.8692659475042603E-002
   2.3070610157529217E-002
   1.2395018125670605E-002
   4.7935463485268386E-002
   3.3751742851736329E-002
   2.0375463328911759E-002
   2.1132454965804379E-002
   7.7512650780846475E-003
   3.9528478059483993E-002
   3.6958847998428669E-002
   4.1460443386185597E-002
   3.0334453168140103E-002
   2.0762735069602443E-002
   3.6659357492391610E-002
   4.7215875138439264E-002
   1.6521273023645349E-002
   2.3588177201389903E-002
   2.7854029065472592E-002
   3.6849333826541847E-002
   2.9734374200636945E-002
   3.7395576226554587E-002
   3.0510657361092444E-002
   2.2159909253955900E-002
   1.6509260259438528E-002
   4.4134529620831343E-002
   1.6037991347811420E-002
   3.8476117217345819E-002
   2.2632338506448812E-002
   3.4165159890910592E-003
   1.4282472272918631E-002
   1.9149729733273262E-002
   3.1310745449894825E-003
   1.5912288128693986E-002
   3.2260086154558706E-002
   4.6761887487124239E-002
   2.2323251548172260E-002
   3.6609583936393214E-002
   3.5081718464990225E-002
   2.9786702000148022E-002
   3.5988779123107821E-002
   3.4059476765278811E-002
   3.0151314474807168E-002
   5.1288926316618050E-002
   3.6130858318103511E-002
   3.1291281667176929E-002
   2.2500969625032320E-002
   2.7859344611330616E-002
   1.6279570457689411E-002
   1.8873406524709049E-002
   2.7770519674127810E-002
   3.3930513917062109E-002
   1.6514200169895327E-002
   2.8314668754102202E-002
   2.7463401932543270E-002
   1.9991024484166162E-002
   2.6198275330232536E-002
   2.2235392361393751E-002
   3.4523880020607668E-002
   2.4766676682285053E-002
   2.0409752899904047E-002
   3.6415843077404815E-002
   3.3213640290316176E-002
   3.4516756580493788E-002
   1.5843804150719589E-002
   3.6552672900955027E-002
   2.4864858053905627E-002
   1.5023400954392098E-002
   5.2565478926148296E-002
   4.6402898440050577E-002
   4.0238769244801173E-002
   4.7682446540420559E-002
   2.4569954747735819E-002
   2.5648033684396269E-002
   1.9321122458627944E-002
   3.0434669728958291E-002
   2.4888097825956072E-002
   1.5301953024675678E-002
   3.1013894089129770E-002
   2.3867630873256575E-002
   3.5514246249999146E-002
   3.4732835311895117E-002
   3.5757695675760690E-002
   1.3609130063718063E-002
   1.2543186978637216E-002
   2.2274705402051117E-002
   3.8403059016358078E-002
   2.7770730596230617E-002
   2.7326373677306091E-002
   1.4501157617882354E-003
   2.0223376660483672E-002
   4.6188546524050730E-002
   2.0456301969343896E-002
   1.5097763018597938E-002
   1.4669895523754221E-002
   5.1380954383189632E-002
   2.2404313763907620E-002
   3.9035704114201542E-002
   4.1251991339017260E-002
   2.3647343994850880E-002
   3.0112132608675467E-002
   3.5887914101396447E-002
   1.0100440372492789E-002
   2.9257123011334055E-002
   1.8587952573327366E-002
   4.0556012678276999E-002
   1.6585021964972968E-002
   4.7409846958914974E-002
   2.2914181062968372E-002
   4.8734431272851444E-002
   2.2084595246102335E-002
   2.7443771346979572E-002
   1.2333602568492757E-002
   2.2797068100096712E-002
   2.9885376266815145E-002
   1.7668111452637168E-002
   1.8357630841246093E-002
   3.7956962591921946E-002
   4.3168883705373667E-002
   4.0118609364808995E-002
   2.0379639817394539E-002
   2.1644377649190402E-002
   1.6208930167683957E-002
   1.8623826278460334E-002
   1.0794239067583552E-002
   3.0243185640650275E-002
   4.9603661716140196E-002
   2.8061917803774560E-002
   4.6893277350733779E-002
   8.9912142093275700E-003
   3.0183833862932438E-002
   5.2544668608370494E-003
   1.3907197997339910E-002
   2.9073099831486399E-002
   2.2700591493303866E-002
   2.7398777849650516E-002
   2.7248596191471720E-002
   2.8190298902838556E-002
   3.1541321385111960E-002
   3.9512086888217640E-002
   5.1403575117147861E-002
   4.1030417335179856E-002
   3.2450708292118630E-002
   5.4961228866503987E-002
   4.3568407389211895E-002
   2.6815248378150507E-002
   4.2212083528559180E-002
   1.3748697636859151E-002
   2.0136665329256256E-002
   2.0510541933234840E-002
   1.3058701794176158E-002
   2.1001202576628207E-002
   5.1108456095605111E-002
   2.4168328835437351E-002
   7.4263314786451665E-003
   3.6610009653971078E-002
   1.9527080555836122E-002
   4.5409136081011152E-002
   5.3521671476499430E-002
   3.2691741720516011E-002
   2.9634286479647692E-002
   3.0398454602507299E-002
   1.9098484940872979E-002
   2.2806104087231160E-002
   3.9849140343503654E-002
   1.9382509407538565E-002
   1.9657090943132595E-002
   2.3347409566917974E-002
   1.8983890433907285E-002
   4.3670435369210905E-002
   2.3260399667636517E-002
   3.3262858528861128E-002
   4.2210102796350991E-002
   3.9336414949457818E-002
   4.0145714650894768E-002
   1.8590580242611721E-002
   2.5995183045957538E-002
   1.8161921915271412E-002
   3.9160063255441135E-002
   4.3826394925521692E-002
   2.8178776011345906E-002
   2.9446235569905728E-002
   3.2316253809702336E-002
   4.1488211625721305E-002
   4.5437698869669169E-002
   1.6993060634402590E-002
   2.5845697549953684E-002
   2.0736720215172758E-002
   4.3244218018057341E-002
   1.2296360993509376E-002
   1.4242584569258547E-002
   4.6319381056800911E-002
   3.0259285800890386E-002
   1.8549878443739003E-002
   5.1066801061076153E-002
   5.0919078345752107E-002
   2.9891199896186441E-002
   2.8595792097759171E-002
   1.4963154232884236E-002
   4.2490939119208898E-002
   2.2045892479388235E-002
   3.3202312530154564E-002
   2.2541461381492739E-002
   3.5851218894871473E-002
   3.0674082522035011E-002
   4.9344003902584581E-002
   4.1114597479539154E-002
   4.6757118618004676E-002
   3.2695073986725283E-002
   2.7243647514464744E-002
   4.4771422559603063E-002
   3.7525914094650607E-002
   2.6325873248938151E-002
   1.4581818157005886E-002
   1.7793912623890410E-002
   3.9014778543782255E-002
   2.7685154525384781E-002
   2.5830317787760248E-002
   2.0548200689901576E-002
   3.2445709810080457E-002
   4.4133067326252468E-002
   7.0881056192082167E-003
   2.1839054873354555E-002
   2.7807777703999382E-002
   1.9412262120159961E-002
   2.0137453101028231E-002
   3.1784562840852904E-002
   3.5084223944750650E-002
   3.0902646014971245E-002
   2.0410516924848150E-002
   2.1492560668731082E-002
   3.9678501060963309E-002
   2.0356661260829894E-002
   6.5579728816702709E-002
   1.6711988513118357E-002
   3.8951609220728378E-002
   3.8537696164004383E-002
   4.8758406966944189E-002
   3.2691300576241387E-002
   2.4553813330966429E-002
   5.8614548177462825E-002
   1.3101021076112345E-002
   4.8402428792548011E-002
   1.6572084351121091E-002
   2.5168068874117398E-002
   3.0051365337911005E-002
   4.3894423891867172E-002
   2.3965319728041473E-002
   3.5123515597252609E-002
   2.7822914508564153E-002
   3.8471962068550587E-002
   1.8984593635937859E-002
   1.6137955945556191E-002
   2.8056637145178264E-002
   3.7586469261047133E-002
   1.6972651624475522E-002
   1.8540874754568556E-002
   3.6507586865076200E-002
   5.6537497931344549E-002
   2.0960204912077677E-002
   4.7996231214547130E-002
   2.5624967215641947E-002
   3.8384660130307849E-002
  -1.4585913173392943E-003
   2.0931762958849787E-002
   2.3159831343612169E-002
   2.1061255924226419E-002
   2.1790908452150835E-002
   2.7397153606325220E-002
   2.5916738925603953E-002
   2.1693055898216688E-002
   3.4693740025553525E-002
   2.7281836635036760E-002
   4.1370127829770370E-002
   3.2692805074146417E-002
   8.4727645069853832E-003
   2.9629799208483611E-002
   2.8233971643298134E-002
   3.7591504975653944E-002
   1.3107349812695016E-002
   4.3532290568826265E-002
   1.6486525150918641E-002
   2.1980636019313687E-002
   3.6703232468158431E-002
   3.0230517449470265E-002
   4.5095794053328586E-002
   7.3371661276602123E-003
   3.5640077870192410E-002
   3.0413691842745057E-002
   3.6229067455331297E-002
   2.1219286581964814E-002
   3.1351721362920741E-002
   3.6030813573671612E-002
   3.8998715177804684E-002
   3.0073922609189636E-002
   3.6449885491992233E-002
   2.4693786396198722E-002
   3.2233084695765961E-002
   3.4430491244305091E-002
   3.6041944724612855E-002
   4.1375131438360725E-002
   1.8942982862888605E-002
   3.3287587957010409E-002
   1.5276686094145545E-002
   3.6549232415392020E-002
   2.6255251040796172E-002
   3.9294329677698678E-002
   4.2778024166567820E-002
   3.0315031626770586E-002
   2.0520263517948764E-002
   9.5202409830378743E-003
   1.3930961389151737E-002
   2.6767713053109581E-002
   3.1045823612066297E-002
   2.0947268416294632E-002
   1.9979948070842402E-002
   1.6796221625737229E-002
   4.0383694903960460E-002
   1.6555988728736856E-002
   2.9413755390192056E-002
   2.7107445633459491E-002
   3.0387811583392939E-002
   1.2264001091185051E-002
   3.1655153013185194E-002
   2.1727507617307878E-002
   1.8073574555265547E-002
   3.8673688467367434E-002
   2.9917668508041530E-002
   2.6095546925023725E-002
   2.6550846741706307E-002
   3.1246529388598981E-002
   1.2918643441063441E-002
   2.0574915484578630E-002
   2.4269936088996604E-002
   2.6599968922325183E-002
   9.7236438520444460E-003
   3.9920937485676204E-002
   4.4056841480337255E-002
   3.4029871952495683E-002
   3.4108909332430278E-002
   4.8946865806727850E-002
   4.0353949598739322E-002
   2.5058097745184329E-002
   7.8870256676465255E-003
   3.8270783728791051E-002
   4.2677815229275620E-002
   2.5068652803651482E-002
   3.0826036520788309E-002
   3.5241126742033883E-002
   1.7827093741552651E-002
   2.8758071347512255E-002
   2.3505712607880119E-002
   1.4375993832877148E-002
   6.2155953745472704E-002
   3.3454037113090092E-002
   3.6507980708823239E-002
   3.6618178774169029E-002
   1.3345309929088030E-002
   9.3125817483488121E-003
   8.2787427424156537E-003
   2.4827328395066635E-002
   2.1109823543391693E-002
  -4.4240765077621534E-003
