   1.0000000000000000     
  0.55838326663363591     
  0.29775300938382238     
  0.14846429244666523     
  -9.1576345208329787E-003
 -0.12417579286991259     
 -0.20874376273527662     
 -0.32602825667703433     
 -0.26193401416794743     
  -9.8353349315463148E-002
   1.1183667704668629E-002
   7.9071485886511250E-002
  0.12107568521003878     
  0.11301578402488291     
  0.14586168479832937     
   1.7745382818502058E-002
  -4.8005988168831393E-002
 -0.13891685280258856     
 -0.18543206542623253     
 -0.18037011994411789     
 -0.15732393348268503     
  -6.8174690470843863E-003
   5.6585383928011289E-002
  0.11412322796681590     
  0.14200698716042459     
  0.21065753581403140     
  0.19759776957031616     
  0.14929311490660060     
   9.5446443118639188E-002
  -4.1155724843467550E-002
 -0.12725017822761317     
 -0.12140876962016373     
 -0.13274559799643051     
 -0.16281248447947666     
 -0.15062614744825895     
 -0.12599084306262720     
  -3.9870584447396343E-002
   5.4184498850438592E-002
   7.0379560588133402E-003
 -0.11711629456880611     
 -0.13123355516720772     
  -1.1966162550065934E-002
  -4.7428379937767995E-002
 -0.10086612625232406     
 -0.12278524544099424     
  -6.4802238186415950E-002
  -4.9125783291504466E-002
   3.9584519349662506E-002
   7.0818712782484014E-002
  0.10706624775954933     
  0.11097339701136692     
  0.10706624775954930     
   7.0818712782484056E-002
   3.9584519349662436E-002
  -4.9125783291504431E-002
  -6.4802238186415936E-002
 -0.12278524544099423     
 -0.10086612625232408     
  -4.7428379937767891E-002
  -1.1966162550065915E-002
 -0.13123355516720764     
 -0.11711629456880614     
   7.0379560588133489E-003
   5.4184498850438592E-002
  -3.9870584447396371E-002
 -0.12599084306262712     
 -0.15062614744825895     
 -0.16281248447947672     
 -0.13274559799643057     
 -0.12140876962016361     
 -0.12725017822761317     
  -4.1155724843467495E-002
   9.5446443118639201E-002
  0.14929311490660063     
  0.19759776957031616     
  0.21065753581403140     
  0.14200698716042456     
  0.11412322796681594     
   5.6585383928011337E-002
  -6.8174690470844150E-003
 -0.15732393348268511     
 -0.18037011994411792     
 -0.18543206542623250     
 -0.13891685280258853     
  -4.8005988168831400E-002
   1.7745382818502041E-002
  0.14586168479832937     
  0.11301578402488287     
  0.12107568521003871     
   7.9071485886511236E-002
   1.1183667704668601E-002
  -9.8353349315463232E-002
 -0.26193401416794748     
 -0.32602825667703422     
 -0.20874376273527656     
 -0.12417579286991252     
  -9.1576345208329649E-003
  0.14846429244666523     
  0.29775300938382238     
  0.55838326663363591     
