  0.62012693406173458     
  0.63396637516851873     
  0.63209207864499017     
  0.61755637058908452     
  0.63379413107605675     
  0.61515763215429076     
  0.60745843495347396     
  0.60052091024996701     
  0.61372970651009473     
  0.60485709433879653     
  0.60829334392635459     
  0.62116264641352004     
  0.62091703661289088     
  0.63523087567176761     
  0.60661549711155416     
  0.63275139496298138     
  0.60391707320964017     
  0.62013717017018766     
  0.61458035306292247     
  0.59819908877741834     
  0.61200147348656420     
  0.61957027642995299     
  0.62614412954055154     
  0.63240721494852081     
  0.64213150061997082     
  0.64083093511545808     
  0.61610041310141528     
  0.63778557597780605     
  0.63584788685662175     
  0.62952517065024005     
  0.62424908653659272     
  0.61123778033128795     
  0.62653871946229356     
  0.63169209649886149     
  0.62746060304829243     
  0.63554783495451161     
  0.62638528154174722     
  0.62165503077838413     
  0.60845456533859876     
  0.59754429949502186     
  0.61552687841574327     
  0.62254246371954758     
  0.62311751359004774     
  0.61599958085909834     
  0.62010845396411096     
  0.64090257587790300     
  0.62428411754826130     
  0.61274460314258716     
  0.63443315893722940     
  0.65229847448779776     
  0.64147345149244106     
  0.61928731191039721     
  0.62471799649015158     
  0.63049645834262491     
  0.63504582118055408     
  0.61470598480802485     
  0.60049447213012597     
  0.60726407667621896     
  0.61826889069454471     
  0.61939664396497118     
  0.60945412206824801     
  0.61619505594705237     
  0.61331352072922851     
  0.62242511377115528     
  0.63776988173535498     
  0.64344973575544384     
  0.62582304946894085     
  0.62122214408692233     
  0.61071986577679371     
  0.61679679148102096     
  0.62072242686787638     
  0.61320358910270401     
  0.60967419218243180     
  0.61396740593927612     
  0.61581459544535533     
  0.61550630924321870     
  0.62655991244752629     
  0.60982288884850455     
  0.61326201350878329     
  0.61921991280542843     
  0.61981230989204006     
  0.60367830203098438     
  0.59993535897710282     
  0.60200005481838936     
  0.61939216191904445     
  0.62986609907915536     
  0.62602995089492752     
  0.62495163245680985     
  0.62292631472401161     
  0.62175849269452765     
  0.61824880510751357     
  0.60397834365016312     
  0.60664858373441821     
  0.60670103650218432     
  0.64046143133286382     
  0.62637582061766062     
  0.62431666073047232     
  0.61863521950441991     
  0.62147397235835311     
  0.63692826505973432     
  0.63689156049516427     
  0.61546251710000988     
  0.61431276710846860     
  0.62845168756390724     
  0.61778085783756054     
  0.61891341875434913     
  0.60246335052432365     
  0.60148754908036539     
  0.60470753335097682     
  0.59091978066520723     
  0.60780379646263472     
  0.62029008598082402     
  0.61781240958727346     
  0.59201440187290477     
  0.61435134777072320     
  0.60421066842117810     
  0.63332027971561744     
  0.61144963776657846     
  0.62417952403571741     
  0.62792488111621492     
  0.61619271196153103     
  0.61638885537047983     
  0.60892560446998656     
  0.58782173782114888     
  0.61210470317071586     
  0.62942800691893375     
  0.62821079968008409     
  0.62822911812543747     
  0.65427817091437612     
  0.64407733204003415     
  0.63628781547191127     
  0.62209318816039127     
  0.63622654422797187     
  0.60622534228960268     
  0.63408203836565669     
  0.63410026263475616     
  0.62679759294997439     
  0.62105916324507993     
  0.64064259150616687     
  0.61661716005733302     
  0.63038691401134317     
  0.62647159100082184     
  0.62316307749143818     
  0.62582713964891157     
  0.60635001940941513     
  0.60809438341227728     
  0.61769339469069273     
  0.61766348163908968     
  0.60857446147922378     
  0.60992457195244898     
  0.61710004587688039     
  0.61713820341844439     
  0.60666634012056264     
  0.62451380607001183     
  0.60027404192340850     
  0.57780160937943237     
  0.57566933106056017     
  0.57367951281588037     
  0.59600172805623497     
  0.61137408264054405     
  0.63207892210494077     
  0.64618901071546264     
  0.62012655174156439     
  0.61468817509277152     
  0.62171992160290090     
  0.62603626299170501     
  0.63741117593793672     
  0.62433627986757056     
  0.63567319921416565     
  0.61700902288960113     
  0.63197708327504876     
  0.59723198350808193     
  0.61715110767873704     
  0.63380142545488827     
  0.63424277712024490     
  0.64078994316857141     
  0.63760276767121604     
  0.64096629109112935     
  0.61328418539060958     
  0.62373386768806682     
  0.61667764134649983     
  0.61640037292163419     
  0.61028424137339599     
  0.61381297994681772     
  0.62307934364727913     
  0.62415089156363968     
  0.63228734397286057     
  0.62415245100146410     
  0.62113769606698033     
  0.63319923242879927     
  0.62420869321351824     
  0.61035592295503893     
  0.62082473736512001     
  0.64167753738481437     
  0.61945021633651343     
  0.61531040679673732     
  0.62228115140375639     
  0.62925609322557907     
  0.63414033504648548     
  0.60283832462166109     
  0.62175148903008615     
  0.63822491636330314     
  0.63279293843011719     
  0.61126103425636680     
  0.62178943308346935     
  0.61200802073142091     
  0.59879161372486012     
  0.60522613165306050     
  0.59379360792479519     
  0.59302508657966979     
  0.61539195065535046     
  0.59233616136479306     
  0.61634702840393418     
  0.65014696031930530     
  0.63140525437666339     
  0.61015453826367982     
  0.62627658256089402     
  0.60749173653090438     
  0.61616924439739995     
  0.62110010059288112     
  0.60619338553699609     
  0.58892046078837978     
  0.59221395967582946     
  0.58761740489656766     
  0.59219966973101190     
  0.62054464722435132     
  0.63388814442563390     
  0.61208525971060723     
  0.62459692040201586     
  0.61447390728098639     
  0.62242351094924731     
  0.61919900992029875     
  0.62704172915722156     
  0.63073636610755623     
  0.65260469057587445     
  0.62513960741823116     
  0.62855348230527286     
  0.60439294532358601     
  0.62008802519237394     
  0.60006063131160314     
  0.61717763246134316     
  0.61243311135762923     
  0.62929298765904096     
  0.60348432316719691     
  0.60985981366411257     
  0.60585242526092464     
  0.62479354993284830     
  0.64039409762438138     
  0.63218920641469611     
  0.62990755961862999     
  0.63820972909636831     
  0.61713081056794750     
  0.61139085858370190     
  0.61685734774616474     
  0.63007932672804923     
  0.62933592730191112     
  0.62662214154370510     
  0.62392748076903337     
  0.64372591073202778     
  0.63009090228232434     
  0.64756360081854270     
  0.62467002487790091     
  0.60809262046488100     
  0.62717416840642304     
  0.62055774621967441     
  0.61665500306185650     
  0.61047482487674787     
  0.61541916473065095     
  0.61521010447215163     
  0.61355039616528739     
  0.63181725044098125     
  0.60451756211154772     
  0.61944886000367805     
  0.60932341303504500     
  0.63302622948969001     
  0.62922706185905730     
  0.62995736353943310     
  0.65045731537111073     
  0.63845734774363760     
  0.62613419193763697     
  0.62300935859161066     
  0.60666361521247314     
  0.62324935276812632     
  0.61763954184171932     
  0.61178545126321626     
  0.62453205188396621     
  0.63723328066812934     
  0.64111464199411994     
  0.60854083084195021     
  0.60931009310625628     
  0.62433885627666008     
  0.62446600463021285     
  0.61295254445545488     
  0.61581014862554750     
  0.62006010745282625     
  0.62254290094345510     
  0.61181988856477232     
  0.62881801599242892     
  0.61884204070144389     
  0.61040394572933920     
  0.60653969717607048     
  0.62645698463443089     
  0.63141058015878559     
  0.61033630572994524     
  0.61897023153826580     
  0.63266241198833195     
  0.63752626323227668     
  0.63678005804061255     
  0.63526992197522969     
  0.63044129451593089     
  0.60949058645025433     
  0.62251702880017512     
  0.61813974562144691     
  0.62568000861775031     
  0.61102283681917968     
  0.62408676914539396     
  0.62525983135078844     
  0.62682322595521744     
  0.63299784069736820     
  0.63596222733735486     
  0.62566649936613794     
  0.60709298218502028     
  0.61740782305963182     
  0.64053110426809134     
  0.62334172931302578     
  0.63220791826728351     
  0.60731024020373781     
  0.62652099865354327     
  0.61814796707581743     
  0.62274756199716741     
  0.60672237774929372     
  0.59785236033780331     
  0.60517923688549613     
  0.61522098274848769     
  0.60495099187935775     
  0.61485558044075872     
  0.60114520234454827     
  0.60047276067459410     
  0.60012126766577689     
  0.62360353589676043     
  0.62135405851008096     
  0.62897808392498744     
  0.62026248681151486     
  0.59336215432184269     
  0.59802255051846442     
  0.60515554527087645     
  0.59881479185222519     
  0.59457975111683692     
  0.61129758901198150     
  0.62118668406874122     
  0.61932724712499454     
  0.63073062012130032     
  0.60900799623250312     
  0.59449965573635022     
  0.61648591799378027     
  0.61574345171099543     
  0.64020278960453703     
  0.62980426539848700     
  0.63081472662627236     
  0.61681834809938796     
  0.61794234894019506     
  0.65251048504749132     
  0.62261031794896826     
  0.60249096201820029     
  0.65099996160697027     
  0.61922007060346551     
  0.63106975241964824     
  0.62128388108452459     
  0.62935268715785841     
  0.59832352923888910     
  0.61415416426275071     
  0.59615054460257888     
  0.60557672634358806     
  0.60535109499077278     
  0.60166181091467286     
  0.58848391927744359     
  0.62123337218079722     
  0.61457897417703833     
  0.61868110733203641     
  0.61916307172095686     
  0.60766183224610681     
  0.62481678527041351     
  0.61341954627292128     
  0.61666808784270621     
  0.61753443990910717     
  0.63204352571021316     
  0.61558014624946089     
  0.61565128227778720     
  0.61839391361818341     
  0.64797940324267655     
  0.63051481304020485     
  0.62763743160449104     
  0.61375982185773736     
  0.60948005562784613     
  0.59668604109793744     
  0.63002598871664794     
  0.63446714361270506     
  0.63037650316412785     
  0.63482650574952137     
  0.63724795685467372     
  0.63873206423991269     
  0.62296908896495518     
  0.62614999496504120     
  0.60730228988594348     
  0.61713979698675869     
  0.62199276534996017     
  0.62768348941687979     
  0.62839795606324644     
  0.63707358927440894     
  0.62560333348312824     
  0.61789756690472997     
  0.61889491238719974     
  0.64038589099079446     
  0.63288384205069237     
  0.63647683886369355     
  0.63842466364222916     
  0.63888074393512961     
  0.64653595327578162     
  0.61145186390383466     
  0.62200392448190067     
  0.62281409097451790     
  0.61033481329440742     
  0.63779928428127264     
  0.62505891943564817     
  0.63285917693002136     
  0.61442355295647211     
  0.61298552476809687     
  0.62445410279809577     
  0.62397195303078579     
  0.62805499612104765     
  0.61528476209085314     
  0.63975477548060056     
  0.62970593146750165     
  0.62328273333731021     
  0.63444371551532541     
  0.61013908424580399     
  0.61070882913401625     
  0.60642763393486110     
  0.63562702199909393     
  0.61648422044763707     
  0.62949071655412303     
  0.63225068214999280     
  0.64196752236575660     
  0.62901442908398997     
  0.61620726572008544     
  0.59206398951216910     
  0.59985567147348351     
  0.60234690476557251     
  0.62533374965091415     
  0.62788571619659206     
  0.61075000901382170     
  0.61179607408555070     
  0.60029537271869837     
  0.60297854336754131     
  0.63065486676780080     
  0.61417486311768033     
  0.61677162556416398     
  0.62308691368368607     
  0.61459059636504088     
  0.60074060987726330     
  0.60081801103391330     
  0.60261089105041055     
  0.60587027577900976     
  0.60814603626906549     
  0.60432857913831062     
  0.58894040908883638     
  0.59395202406947545     
  0.62739764775612017     
  0.63900029982281026     
  0.63341332025245933     
  0.62305497013159983     
  0.63080452783565255     
  0.61141876340656853     
  0.62944532858737900     
  0.62260271113363763     
  0.63745053075099156     
  0.62396643561365339     
  0.64624786851351712     
  0.63981596980040889     
  0.61652820532403341     
  0.60761446834046640     
  0.60706538605489424     
  0.61751777273849529     
  0.63814359747910110     
  0.63112918158730102     
  0.63330648198125683     
  0.59099802999353435     
  0.61287817386915311     
  0.61507703444995188     
  0.59271031546550990     
  0.62956530889604878     
  0.62194498375699903     
  0.61044199676139477     
  0.61345111702962984     
  0.62004962280801268     
  0.63187066159382177     
  0.63407079157115620     
  0.60826093472865073     
  0.60942971950380886     
  0.60118992057469733     
  0.63307867377711169     
  0.61124497378310516     
  0.63757386927682236     
  0.62017412500924562     
  0.61243497144670822     
  0.60612942083959664     
  0.61479238772952916     
  0.62611993321439052     
  0.61814211022245491     
  0.61595346133871776     
  0.63251634099559528     
  0.61889499132892301     
  0.60910140114992029     
  0.62568338656303868     
  0.64381493042206739     
  0.62918652138741116     
  0.62104696455999753     
  0.62498669255062644     
  0.60316767228801038     
  0.58792450313992128     
  0.59622718406679920     
  0.60734452585827181     
  0.61762374759616623     
  0.64281584390816759     
  0.59514476323628451     
  0.61884024324289499     
  0.62493913107881427     
  0.62243845434487699     
  0.60764711336981725     
  0.61835484987410483     
  0.62332532678414165     
  0.61332961442519474     
  0.63139374941843596     
  0.60968670153834592     
  0.61439440438118254     
  0.62116214189501262     
  0.61790308213066880     
  0.60263700832205658     
  0.62244327554008283     
  0.61897454796062568     
  0.63678416395088022     
  0.63489940813896628     
  0.61720369677731723     
  0.64026918319121606     
  0.60863395601532755     
  0.63741774457100708     
  0.61517525081774660     
  0.61387329650069833     
  0.61845754499356953     
  0.61302988129096025     
  0.62534420326187479     
  0.62535848646342185     
  0.60226666313854738     
  0.61764438066769844     
  0.62335756220973226     
  0.63319478603639112     
  0.64493759374373993     
  0.62807795120455290     
  0.64342409818156743     
  0.64436299858420321     
  0.61328590238885228     
  0.60967503858318717     
  0.60844535080521611     
  0.60103163446008689     
  0.59986197707224753     
  0.63850542314342806     
  0.62804884915556014     
  0.63163601861910434     
  0.63354713576651467     
  0.60847336074442282     
  0.62137182954930037     
  0.62414029811869742     
  0.61780814107731230     
  0.63020269910728610     
  0.63173363983082442     
  0.61345073941157480     
  0.62205289780741091     
  0.62031884333656517     
  0.59801099429606652     
  0.61539790175835896     
  0.62237511746163943     
  0.59775469306433249     
  0.60695474753580325     
  0.59659858765028440     
  0.61833105020108681     
  0.64500711237468200     
  0.62102195282937345     
  0.61033626773627803     
  0.61741604225720759     
  0.63693902790278556     
  0.62544509312441965     
  0.60787631052788726     
  0.63563142054323596     
  0.62581691002629636     
  0.62354914554723129     
  0.62413061314266927     
  0.62261580373299841     
  0.60772506837677676     
  0.61876199566569134     
  0.58734551588774420     
  0.59343018896494448     
  0.60452076652082953     
  0.60506059699561288     
  0.60825052438280358     
  0.62126952548084025     
  0.62008877294689468     
  0.61080024693081747     
  0.61275313067433312     
  0.62582594628520949     
  0.65375608728131540     
  0.62519413504602728     
  0.61871608335687434     
  0.62204099704921323     
  0.62153499675334012     
  0.62488473208171202     
  0.62249489588826190     
  0.61878771578141467     
  0.60893067661215872     
  0.63854399810994400     
  0.62976309981564038     
  0.61022585213352987     
  0.62534106385137922     
  0.59942258708850016     
  0.59450131377408788     
  0.59916627429390912     
  0.62504504968796470     
  0.61492928131371349     
  0.60141370220044643     
  0.62826183201572317     
  0.61869522864393256     
  0.61414139267586931     
  0.61286368054211948     
  0.62364092662636184     
  0.63706208379161056     
  0.61799624974787226     
  0.63288499354833616     
  0.62193174515903749     
  0.61191126538683682     
  0.60260422946213643     
  0.62831110976213378     
  0.62352995208166007     
  0.63215457070247960     
  0.62736151149241437     
  0.63074822352016036     
  0.62425862378022656     
  0.61878557370316956     
  0.63867097994819999     
  0.61174755085989119     
  0.64217185611797001     
  0.64352657987767969     
  0.62761140595454012     
  0.63281406538287666     
  0.61262932884519927     
  0.61776985712240096     
  0.59923212227583933     
  0.60757074268088418     
  0.60215608824620970     
  0.59658681514832967     
  0.59897919060784199     
  0.62932118742888554     
  0.64836162293107336     
  0.63789141837305419     
  0.62556005560178618     
  0.62197198272010090     
  0.64486981605733062     
  0.63430908838996303     
  0.63870902292048870     
  0.63659857760672600     
  0.62544184153811622     
  0.62375981850535211     
  0.60987033550286940     
  0.62655955094695348     
  0.61916049385435057     
  0.62675702035817960     
  0.60987282951250066     
  0.61594359634066276     
  0.62790069274095461     
  0.62347569818775206     
  0.61513536903204225     
  0.60308158851148363     
  0.62118646841393710     
  0.61441905109718653     
  0.60281790005518654     
  0.61551701698052441     
  0.62267512100268096     
  0.63180202262595908     
  0.61230915444465317     
  0.63165326513033004     
  0.59369243300795138     
  0.63124669878229056     
  0.61145908997528375     
  0.61821026420841418     
  0.62087319284326181     
  0.62002177017830229     
  0.61789455053570119     
  0.60380563985572977     
  0.60770504808701942     
  0.61049491964905211     
  0.61568600856800570     
  0.59922988403280997     
  0.62062823460580241     
  0.60891481210324849     
  0.61367916675573142     
  0.61758580580663491     
  0.62307765587132502     
  0.63963942020368658     
  0.64738282163076655     
  0.62063174299505974     
  0.59758364703651456     
  0.58657581127627945     
  0.60930820773092764     
  0.58385305660564490     
  0.59332765601379978     
  0.60905842379601993     
  0.63325337709149077     
  0.63257814959632863     
  0.60727338751159132     
  0.60699405996295552     
  0.60483880377806687     
  0.59235406096315879     
  0.59323840194800870     
  0.60515898621375674     
  0.62779369996192425     
  0.60512275990342246     
  0.60715453999730096     
  0.59961345229589214     
  0.60436821241907723     
  0.61535782443284570     
  0.63613789907605223     
  0.63134336146397918     
  0.64049760558840507     
  0.62935729826283038     
  0.61840194451909247     
  0.62356859640983642     
  0.61103683009712462     
  0.61203414074913620     
  0.61361747196882854     
  0.62255968321612909     
  0.60476708204402263     
  0.62662648592631809     
  0.61525541612271162     
  0.61524616834618751     
  0.61800592110251651     
  0.63723587316312313     
  0.62758799571554835     
  0.62061569223895485     
  0.60798328326740292     
  0.60214865220385672     
  0.62205454066321297     
  0.62498038218557272     
  0.64205500971612794     
  0.63200860833208905     
  0.62038121383680433     
  0.61461163322380941     
  0.62284451335825064     
  0.63410790171564357     
  0.63438085582950532     
  0.62728436029135226     
  0.61132337573153805     
  0.62827284494417113     
  0.63162391117955285     
  0.61617498698378204     
  0.61519060045105523     
  0.60868547942845641     
  0.61359812951072690     
  0.61735293914423994     
  0.63974998635858016     
  0.64508168559747758     
  0.62783976064325298     
  0.62661868298121204     
  0.62367056071425764     
  0.62002353913465191     
  0.63856155713825935     
  0.62859797465270095     
  0.61462056863002834     
  0.63013905171989104     
  0.61983672384652877     
  0.62041780656427137     
  0.60474203349040723     
  0.61383858092377419     
  0.61419288267142513     
  0.61770508915861255     
  0.60416726464247694     
  0.60022350156153270     
  0.63453651502524266     
  0.64452763353806319     
  0.65025928804296496     
  0.62026961905642397     
  0.62556358130119016     
  0.62552735338606058     
  0.61491188823098619     
  0.60144298849146061     
  0.62839710577983887     
  0.62957382458277000     
  0.62963191652042449     
  0.63890294739760634     
  0.62396519934413397     
  0.61524102253087876     
  0.59720734031656741     
  0.61496418947242615     
  0.63052222086437226     
  0.62005192363086392     
  0.60347560503084141     
  0.60751925845171417     
  0.60726285574710814     
  0.62002262546397735     
  0.62900271771413307     
  0.64094509595162841     
  0.61561136839490471     
  0.62177632500094848     
  0.64277967154344617     
  0.62372617515513051     
  0.63309003029098720     
  0.63788084402361800     
  0.62236662983475577     
  0.63969529997383934     
  0.62543027613345659     
  0.63093135759745933     
  0.61773132535436681     
  0.63673795279985845     
  0.61758744950801414     
  0.61872897030668983     
  0.61483042699650858     
  0.59804940300886400     
  0.62471702731249945     
  0.63309141616653719     
  0.62046436662657778     
  0.62809830189064009     
  0.63196318454092359     
  0.62019605404426714     
  0.61549430559961371     
  0.60625363209541916     
  0.61896064384384264     
  0.61799368530296206     
  0.60564463893523934     
  0.60724858770049905     
  0.60682303636606272     
  0.61886911985883186     
  0.62499254864084119     
  0.63481443463737797     
  0.60653394763498969     
  0.61761417789161055     
  0.60738762998176465     
  0.60725246427265422     
  0.61971021257786885     
  0.60768888170459145     
  0.61095726696697883     
  0.61377255772502681     
  0.62850926772552951     
  0.61708379701479599     
  0.59824902278896830     
  0.61222148918740493     
  0.60642920192430538     
  0.61678680419211496     
  0.63788025923784819     
  0.62485198897100269     
  0.59553456872341670     
  0.61743077589331974     
  0.60928177871803479     
  0.59831446834922208     
  0.61630601176616484     
  0.59558719175739938     
  0.58552961355143718     
  0.57092648730183049     
  0.55712834330197647     
  0.55424123778776513     
  0.57822469904220508     
  0.58126940087188117     
  0.61437558490581323     
  0.61862718645166270     
  0.62542109155732684     
  0.61739340543856114     
  0.62902091742249522     
  0.60404960299726418     
  0.60472245505916866     
  0.63251440797229652     
  0.63243279209010050     
  0.61455518547392585     
  0.62738975117542872     
  0.58603557344122092     
  0.60197693908910699     
  0.62334749804394018     
  0.60850087442105838     
  0.60140841723231164     
  0.60753892116279951     
  0.58775920708741591     
  0.58803246307658597     
  0.59060435392495214     
  0.60355860880890855     
  0.58933178683743681     
  0.60101115631671020     
  0.62985951204459478     
  0.62130421936818747     
  0.62173061290542930     
  0.62850720845035923     
  0.61162039427606651     
  0.62643876700247458     
  0.61824355185779756     
  0.61344725401041966     
  0.60668165539153374     
  0.60161378538548249     
  0.61815701586200167     
  0.61959504438214785     
  0.62759207059323752     
  0.63127174597919500     
  0.60840040667563555     
  0.60793379324674623     
  0.58946282136519579     
  0.58081258044384576     
  0.61575521108811215     
  0.62308930400189766     
  0.60022226258810929     
  0.61722185000318930     
  0.60456568425476720     
  0.59755966463386145     
  0.63954447493000566     
  0.63514527733270876     
  0.62487074488931216     
  0.61860670886136337     
  0.63896448098458813     
  0.64854748875614554     
  0.63863022827669580     
  0.62268750314803711     
  0.62196314041063427     
  0.61198549999106311     
  0.63068525356542815     
  0.63763315627462591     
  0.63405115548489255     
  0.62800577791622880     
  0.61543699814958908     
  0.60810887733158758     
  0.60625785366689944     
  0.59949813196348167     
  0.60976374876765282     
  0.59975985371603069     
  0.58719464782699182     
  0.61261473877573136     
  0.61298465656408896     
  0.61282977976167607     
  0.60895101865347934     
  0.62299412001152632     
  0.59414023318795262     
  0.61768090585309865     
  0.61730022392764372     
  0.60887645474355556     
  0.60541516619034541     
  0.60983048181994948     
  0.61319888277943702     
  0.63107291106646812     
  0.61931681835856089     
  0.62854521028954113     
  0.62441939455560924     
  0.60948958461727265     
  0.59812105028333273     
  0.61616032700238799     
  0.60387403238209847     
  0.60886883951599979     
  0.58654973989903303     
  0.59210652061508462     
  0.59752169508923181     
  0.62304390776355567     
  0.62366384006628317     
  0.61902848283573253     
  0.63075209040784586     
  0.62591334140842270     
  0.63712750325022804     
  0.62390421426207698     
  0.60656126559949142     
  0.61464218865489428     
  0.62499938115594467     
  0.60811340989726093     
  0.61810613490262356     
  0.61089270360201975     
  0.60990527395023197     
  0.63424939432885918     
  0.62079953625080209     
  0.61872603810608851     
  0.61645648804411124     
  0.63913346026023587     
  0.62501505255590883     
  0.61345336449514076     
  0.63491604031269733     
  0.62698775345507185     
  0.61150877245375035     
  0.63234753229190588     
  0.63728614768578840     
  0.63987802754695688     
  0.62558644402141728     
  0.60736296985731997     
  0.62496967748479293     
  0.61869383541126888     
  0.62554679042156458     
  0.62703132115360238     
  0.63976655363739809     
  0.63591937552767763     
  0.61266132039978094     
  0.62535339776722054     
  0.60631041432733934     
  0.61896830047950968     
  0.60104804717032589     
