  0.99899999999865785     
  0.19268491367583152     
  -8.6104415654181653E-003
  -1.7838408831376072E-002
  -1.3524469864515174E-002
   1.5454172557301922E-002
  -4.1267934920345119E-002
  -2.6818448835469411E-002
   6.1803923192787612E-004
   3.0650038233578068E-002
   2.6871274117395136E-002
  -5.4816292918911469E-004
  -3.2389147833417335E-002
  -2.2245564138542107E-002
   2.6699031398904626E-002
  -2.0633367617507451E-002
  -4.4266083177174786E-002
  -2.2805342335393882E-002
   3.3313298142462006E-002
   4.9281222850062124E-002
   2.0805483256099447E-002
  -6.0727308405792900E-002
  -6.0491550355067245E-002
   2.8980750929748439E-003
  -1.3554254537005058E-002
  -1.7736729856519348E-002
   1.0078602171093848E-002
   2.2065675133229861E-002
   5.6215060999581371E-004
   4.9586942625064337E-003
   1.8549525841421374E-003
   2.3456014459532382E-002
   3.1301342937988877E-003
  -3.2478987004713765E-002
  -3.0333988416002777E-002
  -3.3833862332952082E-002
  -3.3341720713795750E-002
   3.9362174908393211E-003
  -1.9338140115849389E-002
  -6.1778492084541198E-002
  -3.5885553955818321E-002
   7.8243040547089863E-003
   1.4560794944092148E-002
  -1.9762859887802894E-003
  -5.8011604326014786E-003
   9.6575847614166423E-004
  -1.6670549434158199E-002
  -7.5531579674746109E-004
   4.3615665628562499E-002
   2.4838673102534098E-002
  -3.0017857904506055E-002
   1.5524834757604158E-002
   5.4920299246044038E-002
   1.9164661740881595E-002
  -7.9244424963527502E-002
  -5.6442853436462659E-002
   1.6739287681400004E-002
  -8.0333093743286486E-003
  -4.2608574243806789E-003
  -1.9173201044987018E-002
  -2.7631504402871439E-002
  -2.6104352842154538E-002
  -4.7346640587553425E-002
  -1.9749415289045780E-002
  -6.7560934901718356E-002
   3.1094990303704897E-002
  -1.7938950610241963E-002
   5.2550624115439912E-002
   1.6556621383927130E-002
   7.9365329768256634E-003
   2.2645557054324483E-002
   4.8099205757382010E-002
   1.8095335534475648E-002
   1.2024562248842907E-002
  -1.8571502030156832E-002
  -2.6200262544114002E-002
   1.2751154793112986E-002
  -3.0415034216510317E-002
   1.2982887980504178E-002
  -4.8039383525086805E-002
  -1.8141057454859381E-002
  -3.0637097221573224E-002
  -5.7207305830097241E-002
   6.1681204300927063E-003
  -1.2703194553290199E-002
  -4.1058439177736241E-003
   9.0597918632256448E-003
   2.3510287153315084E-002
   4.3250988876811509E-002
   4.0978096699166258E-002
   1.5740856938545215E-002
  -5.3931400422017758E-002
  -2.6278879533599944E-002
   3.2374924320920664E-002
   4.8821363202905838E-002
   2.2091647803377717E-002
   1.6853729358817564E-002
  -3.6589254404641603E-003
  -3.9559808458824557E-002
  -1.5196589909896953E-002
   7.0904321165038545E-002
   1.5233091207352230E-002
  -2.7376212547015739E-002
  -4.7145325482220524E-003
   1.0781740923270068E-002
  -1.5548935170235350E-002
  -2.8820707813622972E-002
  -1.7777272321680387E-003
   3.6989601674987133E-002
   7.6217137515271179E-003
   1.1461975965183002E-002
  -3.0527388161405843E-002
  -1.1391922464475745E-002
   2.5078339087509401E-002
   4.5458135027424615E-002
   1.9807256479810333E-002
   9.7679337809078166E-004
   4.9296552045137020E-002
   6.2981296076540239E-002
   1.1908477748396132E-002
   7.3917539302366927E-002
   4.8064834375998615E-002
   9.4309975952186157E-003
   4.8160805652832470E-002
  -3.4394821063412045E-002
   2.5525965523853365E-002
   4.4433932753489294E-002
   2.5919616986971126E-002
  -2.1766212700606833E-002
  -7.0049587569231811E-002
  -1.8991921435436619E-002
  -4.3003401848829578E-004
   5.1245210145477463E-002
   8.0770127975368141E-003
  -7.7352022227379852E-004
   1.0784541574757025E-002
   8.1678280873761569E-003
  -4.5996888320702908E-002
   1.7312859839558486E-004
   3.3221108984720617E-002
   3.2263752517200470E-002
  -7.0501242814872897E-003
  -2.0260913542565491E-002
  -2.3740506991675354E-003
  -4.8980319182104215E-002
   3.3085636549844734E-003
   2.3894525721602434E-002
  -1.8088598685106490E-002
  -2.4667225856177082E-002
  -9.3199502769674859E-003
  -1.8478361141273391E-002
  -5.8099958631815628E-003
  -2.7257890736740405E-002
  -3.8094957343393465E-002
  -4.4379912621496251E-002
  -4.2612500915954102E-002
  -1.2715184472765111E-002
  -3.3352322010602349E-002
   5.0929379990630481E-003
   6.6794423373487399E-002
   3.5155346337565160E-002
   2.2922161666574705E-002
   3.4442377209540631E-002
  -1.6411635557231585E-002
   1.2266005128107391E-002
  -3.1712418960204172E-002
  -2.0299068259001078E-002
  -4.3085099454567054E-003
   2.6931464779815359E-003
  -2.6743837802761919E-002
   9.4797179049590733E-003
   1.5558829739453273E-002
  -3.7130339988131388E-002
   5.2873350156244815E-003
   2.3214541405314269E-004
   2.8098767851454189E-002
   1.1343467404682625E-002
   1.9239136350062889E-002
   6.0887883220883406E-002
   3.5781944596172094E-002
   1.6727522245188087E-002
  -3.4707757601947851E-002
   1.7399212020801694E-002
   7.2943046018117885E-003
  -4.5005995510460993E-002
  -2.0217482529110445E-002
   6.1014012433293387E-003
  -2.5728726061889744E-002
   3.1873725356938172E-002
  -2.8999567596331245E-002
   3.4567708831927974E-002
   5.4957089909061944E-002
  -6.8501033941955503E-002
  -1.2423411883334644E-002
  -5.0158632559507310E-002
  -7.3973085984211054E-002
  -7.7844826203430171E-003
  -1.6219714972607498E-002
  -1.9309983464822374E-003
  -2.4427007063383906E-002
  -7.2419598774680224E-002
  -4.9637407777476127E-002
   6.7793166125969511E-003
   3.6756455601231461E-002
  -4.4467475155952424E-002
   4.3033533303861782E-002
   1.2517126937793418E-002
   1.1753045547312851E-002
   1.8776534520052908E-002
   5.9368044414202289E-003
   3.3022403090744626E-002
   3.5165984720887272E-003
   2.6126653522193583E-002
   4.2974561975466306E-002
   2.7568059882917859E-002
   3.1737782373060741E-002
   2.0668268185151720E-002
  -5.5791782403324261E-002
  -8.5849075517890380E-002
  -2.7397339606240235E-002
   6.5398656343697972E-002
   3.3710328857513711E-003
   1.1583929189825204E-002
  -4.9554955983595494E-002
  -3.9312983828164207E-002
   3.6234486930964746E-002
   2.5176724082119101E-002
   8.7101224296661825E-002
   3.4591685134233878E-002
   2.8027680523370162E-002
   9.5029851081077678E-003
   1.5545156426971079E-002
   3.7200526976038021E-003
  -2.3962482098288242E-002
  -1.0643476534793176E-002
  -7.5684859197690706E-003
  -2.5839205335727700E-002
  -6.6956352705433379E-003
  -1.4898492608794694E-003
   3.8526020102032949E-003
   1.6270307652495646E-002
  -3.4086671822449385E-002
  -3.3996747925832205E-003
   2.9661095878980460E-002
  -2.0420670637699524E-002
  -3.8081976857773862E-002
   2.7105129788454890E-002
   1.4129897643216814E-002
  -1.9255212186836766E-002
   3.8700224544614262E-002
  -2.4723230503934376E-002
  -1.1399737097675071E-002
  -5.3742842215325819E-002
   2.1763833805784449E-002
   6.0748865870997634E-002
  -1.3882642135382782E-002
   3.1100597342628558E-002
  -1.6458940141204796E-002
   5.5553557834168901E-003
  -1.4857127085401512E-002
  -3.3679793726114508E-002
  -6.9214627403438422E-002
  -3.1141638132887010E-002
   1.8633121181780506E-002
   4.7384591119735359E-003
  -3.1140862925895449E-002
  -4.5543844026856170E-002
  -3.7406299200347076E-002
   1.5880642776300604E-002
  -3.5065154540141086E-002
  -5.8038698249959032E-002
  -2.8434685338062798E-002
   3.6315149181529852E-002
   1.2712354278287033E-002
  -2.8116096653131126E-002
  -5.2594247738123302E-002
   3.8390713159360563E-003
   1.4075217935028379E-002
   4.2838587630990119E-002
   3.9230136328002173E-002
  -3.6460438770597799E-002
  -2.2877321186741999E-002
  -1.4473988780776454E-002
   3.7286589674302491E-002
   9.8632537868100917E-003
   3.9179230063678537E-002
   5.4766996253284989E-002
  -3.1372294812954267E-003
  -4.9420685059025554E-002
  -8.6087574772816602E-002
  -2.1621569520331087E-002
   1.7267434900542895E-002
   5.4140485976190544E-003
   5.4586138221475622E-002
   4.8551798657736086E-004
  -1.1993127622473943E-002
   2.8307660998345913E-003
  -1.8881290830363943E-002
   1.9711619663541791E-002
   1.9715925179737574E-002
   3.4795060688425729E-002
   1.1037193286266417E-003
   2.4161242202616119E-003
  -8.5153862689829555E-003
  -5.6446377469300840E-002
   3.7977940716073244E-002
  -1.2748399903381022E-003
  -4.8281225054288765E-002
  -1.6948902021432079E-003
   4.2034343269995375E-002
   7.9943155049280290E-002
   4.0488996272388715E-002
  -6.2107265559045305E-003
  -1.1309580189071874E-002
   1.1218125157876973E-002
   1.5348769237362515E-002
   6.8967788744176859E-003
  -4.0821818028543566E-002
  -8.6095002743924953E-002
  -6.3863306582871371E-002
  -2.8985956051517168E-003
   4.0111516080558629E-002
  -1.7260362047031717E-002
  -1.2426394897052164E-002
   2.7135919890454042E-002
   3.8611337846401847E-002
  -1.4523568859606097E-002
  -6.9755191996115819E-003
  -3.2656059720317709E-002
   3.5744359636975143E-002
   6.7712757699811388E-002
   4.3123555601805176E-002
  -3.6539553831573653E-002
   2.9943943364272728E-003
   2.2284795429027157E-002
   6.4137876415333597E-002
   1.3062872417099830E-002
   3.6786948558008965E-002
  -6.8877154829415747E-003
  -1.7053060033337924E-003
  -1.8756319184364541E-002
   3.4214183442433391E-002
   7.7922321219805246E-002
   2.0037566680565101E-002
  -3.9018515101564372E-002
   1.1999741681680299E-002
  -1.8501966568506355E-002
  -4.4269822717581842E-002
  -3.0216805981477798E-002
   1.0010857746669634E-002
  -2.8609010424195780E-002
  -1.8375624306534843E-002
   2.0018111076621169E-002
  -2.0016334629316873E-002
  -2.2838348181892221E-002
  -7.2228264539588749E-002
  -1.6484430934722238E-002
  -8.3237459826129550E-003
  -6.4366158561101373E-003
  -2.5551491135991717E-002
  -2.8392010093831943E-003
   7.1990945659469128E-005
  -4.9836757479443203E-002
  -3.6767919038316714E-002
  -2.4909605666739252E-002
  -2.5227292749822328E-002
  -2.0307144293985575E-002
  -2.5260814640320609E-002
  -1.7189420867296915E-002
  -4.8146745516850463E-002
   2.2116732412394142E-003
  -4.1170247585498457E-003
  -1.9951202484196198E-002
  -3.0089205812761772E-002
  -1.2626941231715707E-002
  -4.9907161773487682E-002
   1.8485093108430828E-002
  -2.4335704356222877E-002
  -4.7753212988080884E-002
  -2.7601832786091212E-005
  -3.0287235750671082E-003
  -1.2143075251855305E-002
  -3.7718116361712115E-002
   1.3340752052001312E-002
   8.2248427644063069E-003
   1.4145579447529444E-002
   1.6518739074125845E-002
  -2.0189062103054572E-002
   2.2657493720368949E-002
   8.2264735478134038E-003
   3.3245912176910163E-002
   2.5214828768339741E-002
  -9.0557128507151793E-002
  -2.6745662438018530E-003
   4.8226274321894060E-002
   4.7516108756899197E-003
  -3.9985341675323915E-002
  -4.3872011408079628E-002
  -3.7607337326706564E-003
   4.1311541354999218E-002
   3.2438977296611840E-002
  -1.9473654777155659E-002
   1.9702663380036681E-002
   7.0840797077073052E-003
   8.5361210998807363E-002
   2.3711800590181849E-002
  -5.0571510978706324E-002
   3.1194416453151887E-002
   1.8794161695626650E-002
  -3.9796931000481491E-002
   1.0535042417154559E-002
   3.7900513737296582E-002
   1.1453584614682877E-002
   5.0929507858900221E-002
   5.0327497004173140E-002
  -1.3608160884635002E-002
   4.7237059317184381E-002
   5.4300275433526522E-002
   6.8379290727073216E-002
   1.2924045613142683E-002
  -5.5309895163790902E-002
   2.8294011799819305E-002
   1.4574482091670976E-002
   3.5585429330167750E-003
  -4.5273820842936040E-002
   2.7818175114792190E-002
  -1.8573904312510853E-002
  -1.7748311700553555E-002
  -4.2808812457005956E-002
  -2.6358713758262813E-002
   3.9054604313874787E-002
   9.9658567262050690E-002
  -9.9023750721113999E-003
  -4.9341312087682700E-002
  -5.0226378481880475E-002
   3.0573383798278769E-002
  -2.5841385746078617E-002
  -3.3927257026310421E-002
  -4.4862452377557753E-002
  -8.0123872147240247E-002
  -4.4375643742084213E-002
   3.7883834826760519E-002
   7.6286485860700387E-002
  -1.3247348677547221E-002
  -1.2519567076088242E-002
   1.3575683757095541E-002
  -1.4800283012897377E-002
   3.5025482420858706E-002
  -3.3988316612602085E-002
   4.4946918790603682E-002
   5.7168797800613534E-002
   5.6721723350053863E-002
   3.8184562099266607E-002
  -3.8078059781580298E-002
  -3.2110310662945729E-002
   4.2823108135773572E-002
   9.8608250502813591E-002
   5.3012489942320440E-002
   1.9588163742762749E-002
   7.4009431172068235E-002
   5.5712245377686348E-002
   5.2010473434438508E-002
   6.1571766670058738E-002
   4.3043592086730295E-002
  -2.6619484544037179E-002
  -5.8211779328929458E-002
  -8.9988956212917776E-002
  -4.5348943622619819E-002
  -9.1950403306304426E-002
   6.0289917801299355E-003
   4.5585613755480488E-002
  -9.9998677830896807E-003
  -4.5398621721440213E-002
  -7.9693112107198181E-003
   4.8151179669882943E-002
   4.1480702158206949E-002
   3.0377625577312203E-002
  -2.9248540364916410E-002
  -3.8866881072556723E-002
  -5.1885930992472427E-002
  -4.6886752036552126E-002
  -3.3822308953815668E-002
  -3.4898371521619106E-002
   5.6208900173854152E-002
   6.5978158581801172E-002
  -5.0396950289052223E-002
  -4.5351943087348655E-002
  -8.3916584499378610E-002
  -1.0784004660954803E-002
  -5.2354531619993039E-002
   2.4611377657172622E-002
   2.4496040489033439E-002
   1.3133690668837138E-002
  -3.5894878628076617E-002
  -2.0114437358328421E-003
  -8.2211083302772894E-002
  -7.7487595448736402E-002
  -3.6034848723234029E-002
  -1.9714099064180656E-002
  -7.8703968932404850E-003
   3.1092774522699096E-002
   2.4347805108039484E-002
   3.5012725315094112E-002
   3.6226890007080438E-002
  -3.3447747704985660E-002
  -2.8278028950382294E-002
  -4.4471098896679592E-002
   2.2901136842985219E-002
   5.2214117480647831E-002
   1.9285773874637431E-002
   5.2223332297958822E-002
  -3.7714935222020675E-003
   2.1408206699243055E-002
  -8.8514266224526857E-003
  -1.0680739250542635E-002
   1.1907146175668600E-002
  -1.4230614299217220E-002
  -3.6788807002057634E-003
   3.2259284328755640E-002
   9.0101280292360017E-003
  -2.1638137487036031E-002
  -6.1270316307432980E-002
  -5.2722322644813052E-002
  -4.4940041977583930E-002
  -1.1148283756347898E-002
   2.9569200739146741E-002
   1.6923276050278057E-002
   1.7728664682192263E-002
   1.7302689808204867E-002
   3.6214901752366305E-003
   3.3498765744330553E-003
  -4.4756348149956722E-002
   1.4894488302678401E-002
  -1.7521048282077251E-002
  -1.9394134528556083E-003
   3.6938161354959531E-002
  -5.4495255901298523E-003
  -9.8200939487093734E-003
  -3.4268924378446232E-002
   5.3599369741191817E-002
  -3.1579725185630356E-003
  -5.1505956010702285E-002
  -1.9316430564142038E-002
   4.4783332889400861E-002
   2.0485464070816729E-002
  -2.6764215634196887E-002
   2.6269112510316859E-002
   7.6389552139408609E-002
   2.5904595975567626E-002
   4.0986802524717640E-002
   8.5100638827408287E-002
   1.2749515452470791E-002
  -8.0453348187511098E-002
  -7.0468987520208776E-002
  -5.4513838445015325E-002
  -1.9492609891390397E-003
   3.9616804871524372E-002
  -3.7803201663415754E-002
  -2.4581454669223356E-002
  -8.1065414647604889E-003
  -9.5382999584665937E-002
  -1.8882269611340496E-002
   9.2651735022137825E-003
  -3.1623924883913018E-003
   5.2549535188750364E-002
   9.9365986612249928E-003
  -2.0849488448486348E-002
   1.6355007085854397E-003
  -2.4000439085848611E-002
  -4.5393691724383164E-002
   8.8181144682530382E-002
  -5.0627211323551226E-002
  -9.1664796204308022E-002
  -2.3237010982712358E-003
   4.8936988979827227E-002
   1.8567771148355245E-002
   4.2143752136576680E-002
  0.11287518310267632     
   5.9335176185469574E-002
   6.0909775635272598E-002
   3.3252964599847980E-002
   8.1965667172536512E-003
  -4.7142526425834060E-002
  -1.4123009110857107E-002
  0.10317344533785316     
  -6.2927372750120657E-003
  -5.9088563068856827E-002
  -5.2586448677796827E-002
  -3.0700191576919188E-002
  -5.6217227801458582E-002
  -2.8098101943667912E-002
  -8.2122776218166750E-003
   7.1609170463669235E-003
   3.4645984592443856E-002
   1.9497908381880369E-002
  0.10067882583868049     
   5.3371870937861297E-002
   5.0698567605283401E-003
  -9.9010750024816473E-003
  -8.2313206900299141E-002
  -3.5517100484493927E-002
  -4.6673407192641021E-002
  -5.7313904484966330E-002
   6.4213781107275592E-003
  -2.0528205714747103E-002
  -5.8014685953861743E-002
   6.0127724388124174E-003
   3.0869243011420189E-002
  -5.5902969445664936E-004
   1.2033023078542744E-002
   5.9061346713851687E-002
  -3.8316778750563912E-002
  -9.3255486153505193E-002
  -2.4871621908931135E-002
  -5.6606353195039802E-002
   4.5584376648593543E-002
  -1.1718586363168580E-002
   1.2382391839748604E-002
  -2.1385626313494017E-002
   5.9232907558701579E-002
   8.5836150728941407E-002
   3.6936772633763548E-002
  -3.4268148894773059E-002
  -2.5870091968858734E-002
   1.1450861384598113E-002
  -8.8186186300744391E-003
   6.1010088045697609E-002
   5.8432623249417615E-002
  -2.8958663164825357E-002
   3.0794003550240843E-002
  -4.1441177158190812E-004
  -7.1665663152176581E-002
   7.4835673464917679E-002
  0.18552257964314969     
   3.6442619915474941E-002
   7.7434911817515877E-003
   8.5273854769135279E-003
   6.3096846410023402E-002
  -1.9387784628318736E-002
  -7.8165065567591605E-002
  -6.0738148123580880E-002
  -9.0939854476395021E-002
   1.9079408867701626E-003
   6.1680095087769699E-002
  -5.5048441958976041E-002
   3.7970426306796590E-002
  -5.2037281277622985E-003
  -9.2392389432982645E-003
  -2.8601973426269786E-002
  -8.0276708951847964E-002
   7.3072587780344200E-002
   8.2396046402457776E-002
  -1.8090918954704570E-002
  -2.9130297946535603E-002
 -0.12079759990329689     
 -0.12663560926919395     
  -5.9531837761930717E-002
 -0.10319513100852004     
  -4.0060625176312981E-002
  -2.5711675323445579E-002
   8.0112340465245971E-002
   2.7790900002094169E-002
  0.12275105723591988     
   5.8767735271507381E-002
   3.2436142809928875E-002
  -7.6629561798516752E-002
 -0.15661766221651113     
  -1.4448721680860393E-003
   1.3271950747341863E-002
   6.9574039822288505E-002
  0.10920544112664939     
   9.4329523876508954E-003
  -2.2076882341860889E-002
  -1.7438435304813472E-002
   9.2509454642023554E-003
 -0.10539931526789514     
  -1.9488952323003274E-002
  -7.8565785772212224E-002
   1.6068302212259317E-002
  -3.6704452775499170E-002
  -8.5530899630825788E-002
  -1.1235640875203177E-002
  -2.5340078819192396E-002
  -8.2717403173421467E-002
  -5.4035455041559176E-003
  -2.6085684627322387E-003
  -5.3157875771552621E-002
   2.3440154257588299E-002
   8.0348059177303463E-002
   5.8650131927866930E-002
   7.2219737074105290E-003
  -4.3745641091013490E-002
 -0.10297923857830488     
   4.7472703262050997E-002
   3.4320427715718770E-002
   3.3333174115064729E-002
   2.0045257807521076E-003
   2.2179878795535218E-002
   3.4498138004497733E-002
  -2.1424786699117761E-002
  -6.9522379532021839E-003
  -8.1660838372977232E-002
  -6.6380628268607120E-002
   2.9334512805241589E-002
   7.2322340255008027E-002
  0.11891277215354640     
   1.7086486303936196E-004
  -4.3765064455821324E-002
  -7.6453698847452761E-003
  -4.5036371641084427E-002
   5.9947291781973944E-002
  -4.8760774891952824E-002
  -8.9438252799827186E-002
   7.8734485588453276E-003
  -3.3057368164898009E-002
   2.7461878363532484E-002
   7.4174760047015231E-003
   3.0933678514241263E-002
   1.0938083284574409E-002
  -7.0041574109671420E-002
   5.7841080605428037E-002
   6.4295871197642185E-002
  -6.5156962592410319E-003
  0.10777892658837286     
  -9.0451516716870614E-003
   1.7238732397880324E-003
   9.0058221438202996E-003
  -4.5279463268873839E-002
   2.6808203082442719E-002
   6.4241989678853098E-002
   9.2344536122040605E-002
  -3.2742605347773524E-003
  -5.3214456606708614E-002
  -5.7350362272356278E-002
   2.1835696910589279E-002
   1.4844285554117674E-002
   3.6476677600399104E-002
   4.2504307311587691E-002
  -7.2271062684043083E-002
  -4.0781691457279085E-002
  0.11052813112660795     
   9.4816763451234590E-002
  -4.5924448184813289E-002
 -0.10719373312213251     
 -0.10858801561895390     
  -5.1266510019680162E-002
   9.1393365017673783E-002
  -3.5511573273464591E-003
  -4.0367415365213190E-002
  -5.1677321850065591E-003
  -9.3793227440407238E-003
   8.4591345483186753E-003
   8.4516143661307108E-002
  -2.5902575482751461E-002
  -2.2134613383294140E-002
   7.9446662649955410E-002
  0.20763637226482126     
   1.9778235993585008E-003
   4.0793600465719830E-002
   7.2855315933019194E-002
   5.9089753306839840E-002
   4.7960531163792945E-002
  -8.1780088380478747E-002
  -2.6515913486411434E-002
  -1.5744642783710693E-002
  -6.0015329557095008E-002
   2.8297154145880569E-002
  -6.5893702613333931E-003
  -4.8573777950051002E-002
  -5.3546004458494605E-002
  -7.8038102910049320E-004
  -2.5450776292714167E-002
  -1.0413238283161565E-002
 -0.10909486905480381     
 -0.11249359355256897     
   7.9013295743574768E-003
   8.2852505553967947E-006
  -3.9528781924965430E-002
  -9.9526405733743273E-002
 -0.15543677061074840     
 -0.20248481597150056     
 -0.10658215541429512     
  -2.2549898769888315E-002
   1.0967951898299202E-002
  -4.2638217406945178E-002
   1.7864585546739106E-003
  0.11633554179968843     
  -4.9891031569190059E-002
  -1.2107169267683772E-002
   1.7580976663427974E-002
  -3.9621953801216398E-003
  -9.4671085546558162E-002
  -4.7455637710949287E-002
  0.17329324213175121     
  0.12065866663882795     
  -5.3873112491741912E-002
 -0.10823385335488205     
  -1.5714311799071238E-002
   3.1379875935088995E-004
  -9.0535447979402717E-002
  -6.8284168990722136E-002
  0.14046477027028756     
  0.10650520369502371     
  -2.3520240762626481E-002
   1.8376977747744043E-002
   1.6231497534497517E-002
   1.4790649069077826E-002
  0.13784992764944817     
   1.3359751585319891E-002
  -8.7427189238476172E-002
  -5.0429814255107716E-002
   5.7691748079053515E-002
  0.11041134748229206     
  -8.0003755148806921E-002
 -0.24048697356930057     
  -3.0757255287523193E-002
   5.0657392101738467E-002
   4.6422133189273187E-003
  -3.9931701820351648E-002
   2.6502431088523494E-002
  0.14762282764776724     
   5.1993351791350999E-002
  -6.1735714582866752E-002
   1.6264585642898084E-002
  -1.0513198666091924E-002
   4.9547326295220705E-002
  -4.1192225975816895E-003
 -0.11367022764658026     
   1.1303530412676809E-002
  -2.1142972581044622E-002
   3.6703034741696824E-002
   1.1123354841672909E-002
  -7.0646670747189486E-002
  0.15164418262272172     
  0.15222112226978893     
  0.20722958824843499     
   1.3050517115811342E-002
 -0.13067672199728672     
  -5.9752316405827094E-002
   3.2834001172749261E-002
  0.10521802372899333     
  -4.0726144872285357E-003
   5.8411446879535152E-002
   7.7668919718013096E-002
   7.8584956516784192E-004
  -2.8341312692432150E-002
  0.10715744828516562     
   2.9758283219532011E-002
   8.5422706607815257E-002
   9.7100679522613587E-002
   6.0889522173481418E-002
  -8.7717454493750874E-002
 -0.11993480832827665     
   7.3273503321256733E-002
 -0.12760238383939554     
  -6.2532148972699861E-002
  -4.2074183578122287E-002
  -8.9359854133590572E-002
   1.3055996957214660E-002
  0.12389546832763854     
  0.17821152580649055     
   5.7003242251587989E-002
  -8.3845201795814811E-002
  0.12073291655885936     
  0.15703145119797007     
 -0.12431198605898440     
   6.1128469175935080E-003
  -7.1194122737568283E-002
 -0.11773650068008255     
   1.4908915113926667E-002
   2.6330977213673626E-002
  -8.5880769277612540E-002
   1.1990751681015105E-002
   8.9323421371620346E-002
  -2.3279096479357948E-002
   9.7962373385729745E-002
  0.20148228483218150     
  0.11281531983313341     
  -6.9584164453490964E-003
   6.6061633659379162E-003
  -5.6972357975362729E-002
  -3.5740897417325168E-002
  -6.4759653949146637E-002
  -5.6747995252245977E-002
  -7.9304077822312542E-003
 -0.10647348743116225     
   1.0999429902703653E-002
  -4.9264525360579264E-002
  -9.5626016978230977E-002
   1.1322461236995695E-002
   3.0628672459600624E-002
  -7.8044568873852194E-002
  -9.9757659422408135E-002
  -4.7107749562192339E-002
   2.6429929717490586E-002
  -1.9004957670276414E-003
   1.6754195343136206E-002
 -0.18344938068718600     
 -0.13107836687610774     
  -1.6530549206379936E-002
   6.5399821483501904E-003
  0.12850925376535743     
  -1.9063477409289688E-002
  -4.6034799145730158E-002
  -4.0930408405638663E-005
   3.7221419791759094E-002
   4.6855379743895101E-002
   3.9213319783756223E-002
   1.5887876600892137E-002
 -0.10866074194677938     
  -5.3132191589993480E-002
  0.11001573497772521     
  0.12295789281326093     
   5.0547659548727661E-003
 -0.23271471027786667     
 -0.14523370819198669     
   5.8374467488613101E-002
   2.8507556710504676E-002
   7.5048220208881092E-002
  0.10536049273731268     
  0.19446854619943924     
   4.8797777496658044E-004
  -5.1661723389547588E-002
 -0.27386569755153645     
 -0.21284893565980248     
  0.16483406423373734     
   9.2003726519717888E-002
 -0.10253275090649569     
 -0.11410576118953888     
  -5.2643442491866164E-002
  -2.8474835613317515E-002
  -5.6392166663928815E-004
  -5.0047751490857273E-002
   1.7992959611854084E-002
   3.1148957559453749E-002
  0.10835718312978011     
   6.8846906087247722E-002
   7.3882381414101472E-002
  -3.4337575028246935E-002
  -6.3590916271556407E-003
  -2.4071320540769634E-002
 -0.22951013494893416     
   5.4018447013464199E-002
  0.10269638376203820     
  0.10769471686724698     
  -1.7742584427240950E-002
   2.0693779020622841E-003
  0.11857677088028139     
   6.2592474237543771E-002
   5.6775512485013079E-002
   5.9242189396128381E-002
   1.6550470031303628E-002
 -0.13017110891690994     
   2.3635502691185084E-002
   4.4244602382300852E-002
 -0.10218884451246650     
 -0.15203785240048570     
  -4.0350223342621328E-003
  -8.8725108261469732E-002
   6.9010006800005212E-003
  0.25418533230345791     
   7.3075123070001829E-002
  -2.5551506791475719E-003
   5.7498758015958960E-002
  -6.7721522626034061E-003
 -0.34037195333570408     
   9.1237497275035700E-003
   4.2860500623883996E-002
  0.22833199321716630     
  -2.1366190593036297E-002
 -0.22592580949134944     
   6.9756710038027012E-002
   1.1743028057220244E-003
   7.4382685241714194E-002
  0.11563513642888305     
   5.6033609182925805E-002
  -6.8287632572496731E-002
  0.18617760820474386     
  0.10473820363948427     
 -0.34367075246422951     
 -0.15411247506362116     
  0.29972918766460172     
   6.7791545554692093E-002
   8.8889077746358167E-002
   5.8156281962328301E-003
 -0.36750645182239328     
  0.25763091950811134     
  0.34316780840865468     
  0.14861508507315335     
 -0.46689859743595413     
 -0.56169442927691904     
  0.13750737736740895     
   7.7585155076499032E-002
  0.16392131499726678     
  0.16456378059498181     
  0.10408085564593035     
 -0.24897161672138615     
  -4.6297266062454642E-003
 -0.15655966233503577     
 -0.76522479888254902     
