  0.29885803100529762     
  0.28144453755333199     
  0.26820673625255120     
  0.26523118329470835     
  0.28486552080622224     
  0.29070049316273761     
  0.30922472999163186     
  0.27779187343801970     
  0.24486809765631451     
  0.28044168060841157     
  0.26919846533642700     
  0.29850493531148592     
  0.26012873301121281     
  0.28714507728094607     
  0.31849131142793929     
  0.26087418782185834     
  0.30429904505189226     
  0.27196350016632448     
  0.27676467126599275     
  0.28276434671895506     
  0.29997158660843437     
  0.30268475967642994     
  0.25163929772702498     
  0.29291457631344320     
  0.28567622878148313     
  0.27693923000794940     
  0.27592827761004335     
  0.29448316541247199     
  0.27454838515579588     
  0.28208285285213908     
  0.27310679104794977     
  0.25297763641877186     
  0.28501223147803506     
  0.26299724282726911     
  0.27181024685784705     
  0.26012786251921577     
  0.27720266119157622     
  0.28759483316278445     
  0.27569358273088618     
  0.26912176567181217     
  0.27210736364354698     
  0.28506923676198237     
  0.26273067258937510     
  0.30568436857412257     
  0.27396499351040859     
  0.28728639559033597     
  0.27189521335929728     
  0.28536041451807398     
  0.29290894607199031     
  0.28405763934376216     
  0.27971299191095972     
  0.28150710855417571     
  0.28824256310789181     
  0.28016826991436616     
  0.27728729140306069     
  0.29184034763903061     
  0.26677587711651085     
  0.28095253562773581     
  0.27121173641748786     
  0.28852607819847226     
  0.28382025506813724     
  0.28660566880912786     
  0.27396408517523485     
  0.25265771461762465     
  0.25545627655499936     
  0.27134571057117324     
  0.24469581668942611     
  0.28334439050077420     
  0.28599467702065373     
  0.30081720737754464     
  0.28061642196450837     
  0.27299226861271270     
  0.26953500994915419     
  0.28334349752662125     
  0.27436672290205649     
  0.29920048387430159     
  0.28629076209969728     
  0.30441191787766658     
  0.29609030902712202     
  0.27841947565931080     
  0.26737363774703959     
  0.26706798583735952     
  0.26643370727120325     
  0.26869266324706698     
  0.26254203915795116     
  0.28031552489443429     
  0.28198538665288653     
  0.28508357215932389     
  0.29329753492295091     
  0.31093565589617667     
  0.29607284704667386     
  0.27708009869639599     
  0.27719555676779506     
  0.28404495233799743     
  0.27775975490644306     
  0.29383452968417550     
  0.28972153002144929     
  0.29216252020807676     
  0.27333863598836600     
  0.28253860129305663     
