  0.99900000000018352     
  -1.9812353452630205E-002
   3.2457861785981361E-002
  -7.7749262439505583E-003
   2.9494436847673586E-002
  -5.0014780066148529E-003
  -2.3545855928911882E-002
   4.8753824808461819E-002
  -2.6463749858663291E-002
   2.9155671891478923E-002
   2.5418892664411857E-002
   1.7791127140525841E-002
  -6.4806068523569668E-002
   1.9978690183801020E-002
  -3.3000001751067619E-002
   3.0288610654563061E-002
   5.2805217145911840E-002
   4.9215448867737637E-003
   2.9631768126060151E-002
  -2.7747208532111711E-002
   4.2036884709592957E-002
  -2.6747410760887734E-002
  -2.2795332674022967E-002
  -6.1655798826603395E-002
  -1.7790251448276777E-002
   1.8322568672454777E-002
   6.2702576404946392E-002
  -2.4791781675173197E-002
  -7.9730805394579701E-003
   5.3952246741202282E-002
  -1.4734244044898851E-002
  -3.0002457921132257E-002
  -3.0520598326703167E-002
  -1.5389740029330960E-002
   3.8205704914958533E-002
  -8.6387511288586998E-003
   2.5836017726842912E-002
  -2.9260216207727600E-003
  -2.9267372143840047E-002
   2.3223572260879496E-002
   4.8135420767793360E-003
   4.0703972116875015E-002
  -7.5979515434290712E-004
  -8.3822718560629152E-003
  -3.4066028507729267E-002
   1.5210234818893015E-002
  -8.5951686172918845E-003
   3.7690566700575696E-003
  -5.7859563538552115E-002
   5.2738809967567378E-002
  -3.5647235449870737E-002
  -7.1012703707972417E-003
  -7.2955350822615297E-003
  -2.5578760289141217E-002
  -8.7252958781173333E-003
   1.2245695797451066E-002
  -5.9767174754938738E-003
  -3.1026116630857234E-002
   2.0525883635364554E-002
   5.4174519024844494E-003
  -1.8568767832354630E-002
   6.8298463741183618E-003
   1.4620527623155044E-002
  -1.1328061741780096E-002
   2.0555815748419113E-002
   1.0798399069658246E-002
   1.4439844259328063E-002
   1.0476339135808165E-002
  -9.7203306360712331E-003
  -3.8995021968870371E-002
  -1.3902290790957221E-003
  -1.4362990962327031E-002
   1.0989638584451683E-002
  -2.5054377269439473E-002
   4.4867473546252061E-003
   6.3674807755741178E-002
  -1.4317627790669978E-003
  -3.2773773595790034E-002
  -2.5964201996668688E-002
  -7.4157880583854824E-004
  -1.2118159618263661E-002
   2.6079574701685978E-002
   2.1407435081640244E-003
  -2.3887439752623890E-002
  -2.1121688298488105E-002
   9.4305662063670481E-003
   6.9382549406623500E-002
  -2.6484071399242415E-002
   4.3552908734975845E-003
  -1.3259304857835240E-002
   1.7478378685503736E-002
   2.4474591251686308E-002
  -2.7044015617276842E-002
   3.2763971712653800E-002
  -3.9346881684225260E-002
   1.2379312433752667E-002
  -8.0926520306581827E-004
   3.1459726304753494E-003
  -2.2618421192701306E-002
  -6.6647731668637175E-002
  -5.7336252272796720E-002
   1.2991606779836407E-002
   4.5985576798192700E-002
  -2.7367868346067817E-002
   1.5244215568711014E-002
   3.4432736926975044E-002
   7.3650134675505375E-003
   3.3906810151314068E-002
   8.1808199336918467E-003
  -2.0446366451247630E-002
   1.3703960306797181E-002
   4.4576850715889973E-002
   1.7639777502901646E-002
   3.6687806488002149E-002
  -4.5374015094042403E-002
   3.9150439173591255E-002
  -3.2340065094513412E-002
   1.6930252661827353E-003
  -2.1346215610157555E-002
   8.0208277519628318E-003
   6.2619477287575470E-002
   3.2247823767630565E-002
   6.6986894577645645E-002
  -2.1770181239244100E-002
   1.9455977446804790E-002
  -1.1028399070908605E-002
  -2.1320853851275329E-003
   3.5008708824905310E-002
  -5.4971260232993563E-002
   1.6171222662139603E-003
   4.1687547924734766E-002
   7.7169861231058165E-002
   6.9920459118675143E-003
   2.9486880867295583E-002
   1.3125232203702023E-002
   5.6193272648488723E-002
   8.3305516308068237E-003
  -6.5865917633499969E-005
   2.4034936824828761E-002
   7.3666197377314970E-003
   1.6963354595797404E-002
   2.4597111081982371E-003
   2.0996576302782326E-002
  -8.6707025448169120E-002
   2.7522582135830174E-002
   4.3989139091743783E-002
   6.5088579047211425E-003
   7.4505568299155583E-002
   4.0621884923857009E-002
   6.3696192665543494E-002
   1.9938820213331647E-002
  -4.7127487439111698E-003
  -5.3402593747813976E-002
  -6.4146989823173059E-002
  -3.2782046957310892E-002
   5.8065480382691305E-002
   1.2611227743332945E-002
  -3.6535143149462506E-003
  -3.7491347056192906E-002
  -5.0939158848566722E-002
   3.4692539980711118E-002
  -5.8864960026091106E-003
  -3.5336084411701038E-002
  -2.5315705089522963E-002
  -4.0187590806726584E-002
   3.8728983450631513E-002
  -3.0397293015353901E-002
   3.8517763602645701E-002
  -8.0485962535521757E-003
  -5.0134835607393933E-003
  -5.2659284860711045E-002
   2.1019387178933823E-002
  -2.3879817056905540E-002
   1.1711122607324808E-002
   1.2179059537423582E-002
  -8.9521420937384924E-003
   2.7320137685715308E-003
  -3.9344254359067694E-002
  -1.2479501966708981E-002
  -8.6119137302247198E-002
  -7.1410541624377516E-002
   3.0375526645009174E-002
  -4.3595237340670494E-002
   4.4994683105375216E-002
  -1.4076643208133734E-002
  -7.8847061549401263E-004
  -3.2500390381815722E-002
   3.6109595600797288E-002
  -4.7661031651618696E-002
  -4.1345477916145693E-002
  -1.7516623485467214E-002
  -6.0041010054080583E-004
  -3.3889447264696060E-002
  -4.9162526470122964E-005
   1.9864948077495947E-002
  -3.5851101037614241E-002
  -3.4059026594914919E-003
   2.2175781148737955E-002
   5.4529864471377844E-002
   3.2387593219596368E-002
  -4.5002935852074516E-002
   1.2149126230881338E-002
   5.7231265537634147E-003
  -4.3545792535065457E-002
  -5.7432620362763212E-002
  -1.7786898983657675E-002
  -4.2333587479635839E-003
   2.5209601455165719E-002
  -2.6377404298482190E-002
   1.0471496452356240E-002
   1.2642727114966477E-002
  -4.3447061902771721E-002
   8.4334236105297819E-002
  -7.5093478759549165E-002
  -1.6786508070713416E-002
  -2.3560769244847839E-002
  -2.5812563471175991E-002
  -1.1473118877268753E-002
 -0.13250841241825340     
  -2.3167661151531124E-002
  -4.3908639792313096E-002
  -2.4541678786560842E-002
  -1.7003460120756170E-002
   3.0119420450584546E-002
   2.3836698661803487E-002
  -5.0376629050429576E-002
   2.0245419136007418E-002
   3.8645087408274145E-002
  -4.7325351262468771E-002
   5.4813683252491592E-002
   6.5224331581800517E-003
  -2.7406560274305620E-002
   4.2343726592393098E-002
   7.2863222604470194E-003
  -4.5154165656588412E-002
   7.1450705028978294E-004
   1.6548668733886499E-002
  -1.9742755033946933E-003
  -2.5156761977719790E-002
  -2.7642468835204653E-003
   3.2280969508589039E-002
   7.4326615436132153E-003
   1.6101689904304058E-002
   4.9811226603363457E-002
  -6.2922438359406502E-002
  -1.3260259499153980E-002
  -1.2458295122357308E-002
  -1.3453935720509194E-002
   1.1330924251846696E-003
  -4.1069400345972153E-002
  -7.5600571626736424E-004
   9.0388136619528492E-002
   2.4218137199734896E-002
   6.0549949382406446E-002
  -1.8382453503120275E-002
   4.1112629726662228E-002
  -1.2978344835251327E-002
  -1.2736677174957989E-002
   1.9824388442904569E-002
  -2.6297448204603065E-002
   1.2062865551351347E-002
   6.5983638395680652E-002
   6.4488625415074316E-002
  -1.7693969197572813E-002
  -9.8392625935308977E-004
   2.3823051246934348E-003
  -4.4746364911500296E-002
  -1.1344047996487437E-002
   4.3681513332430547E-002
   9.4565094439518715E-002
  -4.9458460318175468E-002
   1.6580426153872573E-002
   3.1798191134823031E-002
  -1.7042777597845022E-002
  -5.0726079708525169E-002
  -4.1825564253236185E-002
   5.1107856991628640E-002
  -2.0286145723746575E-002
   3.5158872267808214E-002
   3.7890467788465297E-003
   8.2679655679283898E-002
  -3.5288928103957798E-002
   4.1810512558004363E-003
  -7.6109980896376633E-002
   1.2995679710314815E-002
   5.1183140738943617E-003
  -3.0531961510230472E-002
  -8.4584715234789932E-003
  -4.1686170618746521E-002
  -5.0309991765889892E-002
  -1.6055205759640968E-002
   3.6965303944379428E-003
   1.1616793816392362E-002
  -6.0839456609357218E-002
   4.1113602833725421E-002
   5.7393689633688613E-002
   3.9290908101098324E-002
  -7.7622310775245659E-002
   5.5079626074759358E-003
  -5.8112264200788862E-002
   1.7059246447715740E-002
  -7.1634178338230742E-002
   3.4346831923505558E-002
   6.6267941829070733E-003
   6.2695130328785922E-003
   7.8626933140758838E-003
  -3.4352896741120715E-003
  -2.3072498874912528E-002
  -5.8846815608694751E-002
  -9.4923977607738672E-003
   3.7120922278936090E-002
  -2.5719100246917679E-002
  -5.4716807774592207E-003
  -4.3022571251868390E-002
  -1.3284779595890207E-002
  -3.6651824768516764E-002
  -5.6993752678306314E-003
  -1.2117848280537462E-002
  -1.4373962009897908E-002
  -5.3898166219790156E-002
   2.9820223513408413E-002
  -5.3887506678879281E-002
  -4.6835348241463182E-002
  -4.1080523117177928E-002
  -9.9269083893202714E-002
  -1.1910296236779738E-003
  -7.0048253173530015E-002
   6.9571454209703398E-003
  -1.5846492750311265E-002
   4.1844360271115433E-002
  -1.2405924183326799E-003
  -5.2302307136246886E-003
  -3.4200011342874021E-003
  -1.5573993986742766E-003
   3.4193275958213205E-002
  -8.2787040414563584E-002
   4.8372638415757882E-002
  -9.0213919454799896E-002
  -4.2201251685447326E-002
   2.8858933209476828E-002
  -1.5124126330335594E-002
   4.5870135534011522E-002
  -1.5503845113026015E-003
   4.7025406169466474E-002
   2.8583963115982818E-002
   5.2776395282750271E-002
  -1.3024201717961632E-002
   1.7886720735671120E-002
  -3.4515105862729052E-002
   1.8861837873084479E-002
  -1.4852040475128080E-002
  -1.9199976142799096E-002
  -7.0241905448141129E-002
  -4.8699139807117105E-002
   1.3024581055453085E-002
  -8.5515084870800270E-002
  -7.0730904975010670E-003
  -4.8748353032763203E-002
   3.4907555428269219E-002
  -2.6308375487908289E-002
   2.3977412652534625E-003
  -2.1450036097468539E-002
  -1.0502551351591258E-002
  -2.6752970041239745E-002
   4.1103596410398617E-002
  -4.7128912895216139E-002
   3.5447997798950713E-002
   2.8776463419790843E-002
  -1.4237457642636705E-002
  -1.7269981981757328E-002
   2.7254856086731407E-003
   2.7672623850947011E-002
  -8.2512747008246304E-003
   1.6359374275143612E-002
   4.5390892744873526E-002
   1.3753944219579310E-002
   5.5352981154361486E-003
   6.4650797072677249E-002
  -4.9624998390989536E-002
   2.2256601570491770E-003
   8.0899726543094047E-002
   5.7177122444110814E-002
   8.7181777081402512E-002
  -3.6643980851611573E-002
   7.9481996832155150E-002
  -4.1072114456247963E-002
   8.8683896556789685E-003
   2.8619553909712422E-003
   2.8493595238817115E-002
  -2.0835478667794366E-002
  -9.9322815975246316E-003
   4.0165564240697192E-002
   3.3331110927426980E-002
   7.5071769675452260E-002
  -5.0089982608742790E-002
  -3.0591396320203872E-003
  -1.0537444516904792E-002
   4.5656827475573730E-002
   5.0494770019869364E-002
  -2.0201762286064733E-002
   9.1154931673965517E-002
  -3.0995465049800656E-002
  -1.3702648907804883E-002
  -9.3594963225106728E-003
  -5.0540282609350992E-002
  -7.0498266114617921E-003
   2.3665853644611358E-002
   2.9557868669430203E-002
  -2.8159717552999158E-002
   2.2929672773934470E-002
  -3.0409890760511302E-002
  -2.2068444512120772E-002
  -9.4691875155759178E-002
   6.9968597275948258E-002
   1.4942853164457795E-002
  -6.7910975423500233E-002
   4.8304509993422860E-003
  -3.1717089034902689E-002
   4.0599096430172642E-002
  -4.1857000761592232E-002
  -2.1837040354115187E-002
  -6.2954527431211632E-002
   5.0199404000037452E-002
  -5.1202828545131238E-002
   1.8564233681904765E-002
  -4.4606068827946418E-003
   3.6086745374632453E-002
  -8.0399969784165456E-002
  -3.2688344990766158E-002
   5.8139439584672305E-002
  -5.2723337641630605E-002
   1.6473476402417344E-003
  -1.3915375729511646E-002
   4.6663785988685764E-002
   3.8781812191698850E-002
   2.1475505398654983E-002
   2.6298107729998899E-002
  -3.1211300756056408E-003
   2.1892095156989838E-002
   3.1579730961748556E-002
  -6.4714203704192832E-003
  -1.9532644944032555E-002
  -6.8714626037176804E-002
  -6.6192233430933820E-002
  -2.4131944270707743E-002
   2.2689808875226546E-002
  -2.8974336713847113E-002
   1.6536314844542061E-002
  -3.6708576316358196E-002
  -4.7438029511280774E-002
   1.6713418319606644E-002
   8.1716553335313402E-004
   5.3076384226950456E-003
  -1.6181584607387053E-002
   2.0132655124691642E-002
   2.9397901524203535E-002
  -3.3891337600994484E-002
  -7.6655741136379948E-002
  -2.1869380556867230E-002
  -1.7299304886462214E-002
  -6.5261435025271985E-002
  -2.8749051322148212E-002
  -2.4991990385327305E-003
   7.7701984674674984E-002
  -3.7012999595358392E-002
   6.4830731527653646E-002
   6.0614681751847465E-003
   3.2369567639399605E-002
  -4.6325790568262103E-002
   3.1156705249750151E-002
  -2.0279435876275814E-002
   2.5828196825186049E-002
  -3.2769732451849755E-002
  -1.7936553741696195E-002
   2.0183985673154974E-002
  -7.8483788640625084E-004
  -2.2312466331793679E-002
  -3.9500780868120151E-002
  -6.6469246012487177E-003
   2.4623623313736035E-003
  -3.7677324796008244E-002
  -1.5307254904889595E-002
  -7.0263341435398835E-002
   5.1374445587543838E-002
  -1.9979634378154955E-002
  -1.6320817107941903E-002
  -7.2664637859746750E-002
  -1.4542466115499629E-002
   5.2864474707620450E-002
   2.9456401064535454E-003
   2.5206472124934293E-002
   1.0247891260738478E-002
   3.3567547060175278E-002
   1.5436439336961828E-002
   8.7537622184908209E-002
  -2.4657488913513322E-002
  -6.1589546045064343E-002
  -4.1800708516995931E-002
  -1.0061452596428913E-002
   5.6982662629451149E-003
  -3.7616927796186243E-002
   3.9210246201634366E-002
  -1.3259822449323160E-002
   4.5816167841703816E-002
  0.10021570067823009     
   2.8619094391626361E-002
  -3.1468560689652540E-003
  -2.1095428671148793E-003
   7.0829695380866323E-002
  -1.7459129805176701E-004
  -2.7335106884007480E-002
   3.7108642081772732E-002
   5.2585614432592298E-002
  -9.8853983791763762E-003
  -9.1007764663403479E-003
   6.8411906753519186E-002
  -7.9901124786333575E-003
   1.4292531269894677E-002
  -3.4040457109432543E-002
   2.0685277099568890E-002
  -4.1271762301795564E-002
   2.9176317325433031E-002
   3.0755079368461444E-003
  -4.2014912002091417E-003
   2.7149958035023555E-002
  -7.0373989877980363E-003
  -1.2594864171041893E-002
   1.4972685178590586E-002
  -5.5560705496269618E-002
   4.8996139001822057E-002
   4.8291484679215915E-002
   6.1442979543542813E-003
  -3.2868437225559592E-002
   6.0293081712162857E-003
  -4.5588120232459700E-002
  -2.8078552673991629E-003
  -3.4565210502605768E-002
   3.5519837662372912E-002
  -4.9047134035708741E-002
   2.9148485714781385E-002
   1.2576065495591898E-002
   9.2483155680790796E-002
  -4.0059665985326060E-003
   3.9550139465929064E-002
  -8.7152834968995466E-002
   7.4424145839113573E-003
   2.0338705244184071E-002
   3.6956142092592643E-003
   4.1830352271312793E-002
  -1.5912181281411843E-002
  -5.7721902924587599E-002
   1.3357579737333260E-002
  -9.2447441299310013E-002
   1.4183251119397877E-003
  -4.2482928785775365E-002
   7.4132510349991229E-002
   6.1864822358385241E-003
  -1.5555415313744524E-003
  -1.1402378826559270E-002
  -7.3662302085951065E-002
   1.4883575934222413E-002
  -8.5987742628757108E-002
  -5.9026268278676193E-002
 -0.10207092246456304     
   7.1269364995287790E-003
  -1.4306857450020905E-002
  -3.3087773753839436E-002
  -3.4026215394536402E-002
   3.8405799616682557E-002
   1.9395992936050922E-002
  -2.0521639829364845E-002
   1.1716839781377443E-002
  -3.5228114443859343E-002
  -1.7442286496341483E-002
   3.7170236261624863E-002
  -1.5084344207679639E-002
   2.0055691224926606E-003
  -8.3106147975163538E-002
   2.6450969118719043E-002
   2.6325872639513213E-002
   8.7303731392125536E-002
   7.1684351001538318E-002
  -5.2733103629890608E-002
  -2.6385173008155318E-002
   4.6028532130448725E-002
  -9.5401386502294138E-003
  -4.0613449178088460E-003
   2.6228579317086411E-002
  -4.9764987309198823E-002
   4.0032229205726660E-002
   4.2922728095329758E-002
  -9.4765904143150212E-002
  -1.8944831881395306E-002
  -9.0951763203521843E-002
   9.0565077023390714E-002
  -8.9291130353538528E-002
  0.11145426032695965     
  -5.1786800548142727E-002
  -2.6912954832903707E-002
  -5.9002019763400165E-002
   3.6496597889181734E-002
   6.3517621645219138E-002
  -7.4498357731844406E-002
   1.3603224889393382E-002
 -0.10959607114561484     
   9.3239231149477270E-002
  -8.3682407714095269E-002
  -4.7149175397756342E-004
 -0.11446000499387775     
   1.3355148419159420E-002
  -1.1253635350551027E-002
  -6.9291378336278048E-002
  -9.3012202984015264E-003
   2.3347839013483267E-005
   3.7302535878716223E-002
   1.0164817516696011E-004
  -2.1308777234138876E-003
  -8.6036412201152837E-002
   1.2666370379457749E-003
  -5.0166921677278292E-002
   2.1192964042413380E-002
   6.4129567967061346E-002
   7.4092008600778339E-003
   2.1042287014575421E-002
  -4.3492185721215333E-002
   5.4009101423998160E-003
  -1.9578118518016278E-002
  -5.8031798108752785E-004
  -1.7958943678329887E-002
  -1.6125169878495865E-003
   6.8201901708085488E-002
   6.3075242803619286E-002
  -4.2584069050418859E-002
  -4.5587803077515837E-002
   2.9814280738955749E-002
   7.7554698342351583E-002
  -4.0329951488467401E-002
   4.6771034151582867E-002
   8.0207610842184487E-002
   5.4659566616668577E-002
  -1.7062545866431161E-002
   3.6644205901203299E-002
   4.3552447184408108E-002
   4.4826640724207091E-002
   3.6708520521519704E-002
   8.0367135674443660E-002
   8.9278153325975093E-002
  -7.1120227776047554E-002
   7.9653296721546363E-002
   4.2696922534296869E-002
   1.4097020033372876E-002
  -6.6157802371768519E-003
   1.8813799554728738E-002
  -1.5453395188329359E-002
   2.3013858273517925E-002
  -1.3133334189546673E-002
   2.1822061663101668E-002
  -1.7972873563976019E-002
  -8.9293638571302417E-002
   2.3575810207636865E-002
   5.4652108928100705E-002
  0.11713054680074934     
   3.5960773470709764E-002
  -4.9212133204088321E-003
   2.3096368465647123E-003
  -7.8816597800047059E-002
   5.2793095982631794E-002
  -1.3223509010328921E-002
  -4.1611193287375538E-002
  -8.9542558792668495E-002
  -3.4410374537073274E-003
  -1.3271886870086501E-002
   2.6480940653558428E-003
  -3.0917230324868782E-002
   2.1082909503634509E-002
  -1.2568076096919472E-002
  -3.3826249824348543E-002
   4.7598903467881509E-002
  -9.8237034814693550E-002
  -3.6569080811189543E-002
   3.5797422212536796E-002
   2.7518968790780970E-002
  -6.7356895116738993E-002
 -0.13483080862810778     
  -5.2037911530181280E-002
  -5.2312327221212380E-002
   5.7841834281064750E-002
   3.6123318756079478E-002
  -3.2500244999236906E-002
   3.8128660268042229E-002
   9.4898034842106196E-002
  -3.0748442447288402E-003
  -1.5578554269139726E-002
   2.1650795736543740E-002
   4.8127215560050631E-004
  -2.5325201230420561E-003
   6.7817443849392520E-002
  -5.9308702855529888E-002
  -3.9524234527275097E-002
 -0.16152743720966670     
   8.1343235129909638E-002
 -0.10751580453804804     
   5.4179465315039421E-002
  -7.5606530671492121E-003
  -8.9362925551159430E-003
  -3.3125057276680560E-002
   2.4483254471636819E-002
  -5.7384669612926256E-003
  -6.1945930277108652E-002
   2.7303685977394836E-002
   1.3945748713428871E-002
  -4.1202523400522537E-002
  -7.4093281467923947E-002
  0.10917711663919072     
  -1.8489872213236964E-002
  -2.3935986340380400E-002
  0.13234166288715712     
   3.7905606163534198E-003
   3.8036104031719552E-002
 -0.14405133352023289     
  0.10346318289470463     
  -2.2197321351118179E-003
  -4.3354971292403705E-002
   2.3323382570194773E-002
  0.11126477199401870     
   7.4407915632101734E-003
  -3.9013863876655045E-003
   2.0578899964651381E-002
   6.1191807190293275E-002
  -6.9178464930781565E-003
  -4.6762386249280558E-002
   4.6561668696585019E-002
  -2.4317052857213604E-002
   4.3251183140769391E-003
   3.2359246679840081E-002
  0.10827733326054664     
   1.1970402889424674E-002
 -0.10573516067465120     
   7.7175860166243448E-002
  -4.5703093717782660E-002
   1.5913881824410950E-002
   1.2589852719836755E-002
   3.8344075210324818E-002
 -0.10776797398037494     
   4.8938180789439498E-003
   4.2850593905703331E-002
  -1.7373363319480441E-002
  -1.3390865070339378E-004
  -4.3213559014437290E-002
   3.0982645723284144E-002
  -7.1614990427019173E-002
  -3.2815034162889729E-002
   1.9833541840696033E-002
   6.4296657240975677E-002
  -3.1029383477145747E-002
   6.1828479081026393E-002
   4.4097619455906449E-002
  -9.9668300963022330E-002
  -1.6874245928470616E-002
  -4.3296383442685549E-002
 -0.12493090754175180     
   6.2759579661437415E-002
   2.7210842665630529E-002
   4.0247926958410674E-002
  -3.5357406478109310E-002
  0.10234911310913553     
   4.9187910529936735E-002
   4.4280453403354465E-002
   1.9663031291962231E-003
   1.4346294860953764E-002
   4.4924276616289512E-002
   1.8864035459394236E-002
   3.5881819980537563E-002
   3.5016387976449417E-002
  -3.7322054384226394E-002
   6.5521626240666223E-002
   2.5951882577238378E-002
   9.2473103208633570E-002
  -3.7036224883770626E-002
  0.12204560407711507     
  -1.1572215516818118E-002
   6.4878815719416075E-002
   2.7495262402056235E-002
  -2.2486131277975746E-002
   4.1985202423739258E-002
 -0.12036959818477144     
  -1.5738547132021154E-003
  -9.0704731077684619E-002
  -2.5614843029350159E-002
 -0.13916891648201477     
 -0.14596359208259790     
  -6.1978985268949516E-002
 -0.10841107618942268     
   6.6675576837555983E-002
  -1.1887891240406318E-002
   8.6899342645819028E-002
  -1.9037537780082468E-002
   7.1024720853455015E-002
   3.5721369035688857E-002
  0.11216955474165002     
   2.2407796041261354E-003
  0.10190445197999538     
  -3.9172298470667600E-003
  -7.2848364866642784E-002
  -2.3046504408875661E-002
  -3.1925608883619574E-002
  -3.5352197856004838E-002
  -1.4602433950950304E-002
   5.2972306583303493E-002
 -0.11782745424784538     
  0.16659021111025482     
   9.3594566039249427E-002
  -6.8853653834745787E-002
   9.2128487786345345E-002
   4.4960169101929980E-002
  -6.6810279107409115E-003
   3.2740325792391264E-002
   2.6822736616789265E-002
 -0.18243499469118643     
   8.3458759944408947E-002
  -3.1501881018334767E-002
  -3.2757372078844786E-003
   9.8567230605955694E-002
  -1.3115821373448315E-002
 -0.10507445886643139     
 -0.17774525211217654     
  -4.2401687740044082E-002
   3.1363370868337202E-002
   6.5699617683484479E-002
   5.2370564164703474E-002
  -4.6399136379985495E-002
  -3.5411806075343125E-002
 -0.13289837212871328     
   2.7782090040670789E-002
 -0.11868113496956630     
   6.9022243313821230E-002
   8.0086936957877095E-002
  0.10307862958585473     
  -7.7052113009864212E-002
   7.1189819860156475E-002
  -3.0888033757876535E-002
  -4.8989212999909555E-002
  0.13960904359239337     
  -8.0438450346090838E-004
  -1.9449372811680469E-002
   3.0203835998788200E-002
 -0.10911613364442728     
  -6.2405955231826162E-002
   5.8242411099393545E-003
  -1.4861511409767628E-003
   7.3579372504268950E-002
  0.13336993829808824     
  -7.3464036764987015E-002
  -8.5059054627662611E-002
  0.10884148677157067     
  -4.9523037998481633E-003
  -6.5341354361410517E-002
   9.3920263946494734E-002
   4.3921698473617342E-002
  -6.5015763863380871E-002
   5.0862886032412472E-002
  -1.2881009609650123E-002
 -0.12514405743972512     
   8.9464938345613074E-002
  -5.9947703459874435E-002
  0.11642886295263732     
  -8.9911113362166353E-002
 -0.17160913786450555     
  0.11323834170577421     
  0.10669992213348604     
  -3.6971161337344197E-002
   7.6391073798166731E-002
  0.11417461541906708     
  -4.1903900653489763E-002
   3.8220045752860955E-002
  -8.9687254567817842E-002
   5.9203807980226626E-002
  -2.5917042904467530E-002
   8.5114290558750597E-002
  -1.0434844788224066E-002
   7.9531990642693409E-003
   2.2453065225530645E-003
  -5.1757413444929276E-002
   2.8416744673003636E-002
  -1.1668874156354885E-002
  0.17026955455765128     
  0.11828984253613763     
  -6.9607438873137114E-003
   7.4236528937759692E-003
   6.9246031740826414E-002
   3.0015316001180685E-003
  0.14075615334819971     
   4.3208436811144391E-002
 -0.25421376024939063     
  0.16839297883357093     
  -9.2217227493196247E-002
  -1.0608997993554451E-002
   5.7967726932192307E-002
   6.7375598435804346E-002
 -0.11784150850114368     
   1.4490152750332748E-002
  0.12049270920275594     
  -9.6459414529281071E-002
   8.6061008428389721E-002
  -3.3541452570978646E-002
 -0.11295716634226996     
  -5.5337661374978683E-002
  -4.2694531857297796E-002
 -0.19233744367022410     
  0.12393483865099561     
  -4.9776215586593474E-002
  -5.2354746965709707E-002
   3.8835844638540083E-002
  -2.7281303519383137E-002
  -5.4869209701778936E-002
  -8.9038555200139619E-002
   5.4138973020306014E-002
   4.0922068707043083E-002
  -6.5460692340298656E-003
  -3.5504352977069062E-003
  -8.5515212827903253E-002
  0.12044073164179675     
  0.14186909356079613     
   3.1619350542694616E-002
   2.5628238844026624E-002
   7.5445002691583385E-002
  0.17553492820811417     
  -4.0286299797161057E-002
  -6.4904327923176880E-002
  0.12215203321043856     
  0.23520958254593485     
 -0.24422253852507789     
  0.21024117728160183     
  -3.0065033029053567E-002
 -0.10110839565112381     
  -7.5188538973366956E-002
  -1.1333904916211092E-002
  -1.4517459550042534E-002
 -0.24962277571295199     
   9.6962359537587431E-002
   5.7677456973259933E-002
   3.6002384395876085E-003
 -0.24046578836508983     
   1.5462161251093391E-002
  0.13243626298559685     
 -0.27918741440468109     
  0.27570926921421568     
   9.5263916475123903E-002
   2.0645054192568246E-002
 -0.19335749198904797     
  0.24669557452991456     
 -0.18301692195296990     
  -3.4818940776507719E-002
  0.31623534686236499     
   5.3798818293291646E-002
  0.12916472543993127     
 -0.19509360687491478     
  -1.4792836307530354E-002
 -0.17941233189283140     
 -0.18334393366787655     
 -0.12621395879375177     
  0.37817350508420172     
   9.3335001638193710E-003
   9.7108602751783558E-003
  -8.2103514499594327E-002
 -0.11939630891584091     
   1.1111771789208686E-002
 -0.12180396509154744     
  0.31872077794918763     
   6.4484400923596492E-003
  0.19688677111164923     
  0.26475949804177462     
  -4.4818907636802645E-003
 -0.18329971860039818     
  -1.2499141285399865E-002
  0.10043504675875244     
   6.2576002416335250E-002
  0.10404050109779028     
   9.8689315394250257E-002
   8.5416013849997210E-002
  -9.8163324528365931E-002
  -8.4843830430291492E-002
  0.12703366077434350     
 -0.25611393814148831     
 -0.18499579753874390     
  0.32894841664079161     
 -0.14948621571369461     
 -0.11985215659678974     
   8.8251811614504974E-002
 -0.23741126866028639     
  0.32494822741047291     
 -0.19183071749278044     
  -9.7926130779871445E-002
  0.29237440094253597     
 -0.24491642984408338     
 -0.16969630481365613     
  0.55958533716858172     
 -0.67783472232426878     
  0.36355664741923688     
  0.27281166787375394     
