   9.8183600019062026E-002
   9.6144743511960007E-002
  0.10192121792929748     
   9.1935478713520438E-002
  0.11311135128785436     
  0.12899384180324394     
  0.12870421684471878     
  0.11291697954341778     
  0.11722888168228110     
  0.10796453394099492     
  0.13208034145170061     
  0.11287312188336728     
  0.10408889386931920     
   8.8310627203362468E-002
  0.11465266267604765     
   9.6441496465341864E-002
  0.10013618885438189     
   9.5169603918104570E-002
  0.11122955556467576     
  0.11066767822896502     
  0.11992213637335875     
   9.4134019048861456E-002
  0.10552711367029491     
   8.2460798523482315E-002
  0.10739758804038055     
  0.11417569443205086     
  0.10074118686373797     
   9.0052875100010435E-002
  0.13437302438427134     
  0.10266482782313704     
  0.11554674505056660     
  0.11119918024749889     
  0.10764923670511874     
  0.12822298159317552     
  0.10619896672150148     
  0.12162507126751967     
  0.12908206777412315     
   8.6698899342714533E-002
  0.10441151880771189     
  0.10652328879712394     
  0.12979882271654561     
  0.12851913970178117     
  0.10344307923268047     
  0.11472688289330314     
  0.11697193987554924     
  0.12842193689107684     
  0.12047404318437141     
  0.11533676870768217     
  0.11583171952643130     
  0.10298350647462780     
  0.11640521574238528     
   9.6250477024221431E-002
  0.10728170941910917     
  0.12520683921944098     
  0.10663006900521367     
  0.12252689956436577     
  0.10554738623943949     
  0.11362017695590888     
  0.12717676624818358     
  0.10073808341517919     
  0.11993504311540187     
   9.8763167432930982E-002
  0.11775573840580568     
   9.6578371712551014E-002
  0.12256155973869244     
   9.8661986278325300E-002
  0.10011247483432643     
  0.10335157122600176     
  0.12778349944595402     
  0.12183760098455769     
  0.13443307769871904     
  0.11069791816447790     
   9.5412168410739628E-002
   9.0584242274514296E-002
  0.11258168658556914     
  0.11718702557101671     
  0.11965178625091660     
  0.11719261956416405     
  0.11890278243592793     
  0.12060997602096293     
  0.11788399857319884     
  0.13823144128430082     
  0.10397853484271365     
  0.11022085443229131     
  0.12950204501079648     
   9.0880789096756093E-002
  0.11412427125886712     
   9.1962078039970280E-002
  0.11469624425512244     
  0.11581486831979151     
  0.13662802051842651     
  0.10850703339159122     
   9.8123554540955990E-002
  0.12408082840500226     
  0.11760928954150998     
  0.10809567677808923     
   9.8280617870292450E-002
  0.11450246791393046     
   9.0876619428386957E-002
   8.7188426254023274E-002
