  0.10000000000000001        1.4215953124343450E-002   4.3245622468909995E-003          11   (1.20443861976596701E-003,8.09566578161147871E-005)               (0.0000000000000000,0.0000000000000000)               (0.0000000000000000,0.0000000000000000)
  0.20000000000000001        1.3671505453154771E-002   2.2025878315843268E-003          11  (6.12203700294235219E-004,-1.02900667234035424E-003)               (0.0000000000000000,0.0000000000000000)               (0.0000000000000000,0.0000000000000000)
  0.30000000000000004        1.7107114959200517E-002   3.2062404478225772E-003          11 (-1.45826004806881484E-003,-1.00362787092441526E-003)               (0.0000000000000000,0.0000000000000000)               (0.0000000000000000,0.0000000000000000)
  0.40000000000000002        2.0061125407807748E-002   2.7951366459600230E-003          11   (8.71572214822416403E-004,6.71874691345241836E-004)               (0.0000000000000000,0.0000000000000000)               (0.0000000000000000,0.0000000000000000)
  0.50000000000000000        3.0390745893512039E-002   3.0919403911461971E-003          15 (-5.98016835618597146E-004,-1.06259180359790945E-003)               (0.0000000000000000,0.0000000000000000)               (0.0000000000000000,0.0000000000000000)
  0.60000000000000009        3.7187101530995900E-002   4.4226012431181697E-003           2 (-2.29051244858900760E-004,-3.58090673268512049E-004)               (0.0000000000000000,0.0000000000000000)               (0.0000000000000000,0.0000000000000000)
  0.70000000000000007        3.6463634861253820E-002   3.8032426851056927E-003           2   (9.29713321489144097E-004,2.77998383280389798E-004)               (0.0000000000000000,0.0000000000000000)               (0.0000000000000000,0.0000000000000000)
  0.80000000000000004        5.0528971814748531E-002   4.8110057161325154E-003          11   (1.01003399540967355E-003,1.04956723425847563E-003)               (0.0000000000000000,0.0000000000000000)               (0.0000000000000000,0.0000000000000000)
  0.90000000000000002        5.2841344258140653E-002   5.6048476078463631E-003           2  (3.76792556411917768E-004,-4.62395337943591724E-004)               (0.0000000000000000,0.0000000000000000)               (0.0000000000000000,0.0000000000000000)
   1.0000000000000000        5.7439873179648646E-002   3.9000448741817188E-003           4 (-1.65623098846116022E-004,-1.05599118110822699E-003)               (0.0000000000000000,0.0000000000000000)               (0.0000000000000000,0.0000000000000000)
   1.1000000000000001        6.1318198780279887E-002   4.2660043955728205E-003           3  (1.43452003898923643E-003,-1.60463948150472670E-004)               (0.0000000000000000,0.0000000000000000)               (0.0000000000000000,0.0000000000000000)
   1.2000000000000002        7.0938503597867505E-002   4.1059210912363841E-003           7 (-4.20285067452392689E-004,-4.54599317112150479E-004)               (0.0000000000000000,0.0000000000000000)               (0.0000000000000000,0.0000000000000000)
   1.3000000000000000        7.9830748245310196E-002   3.9238721509760148E-003           4   (1.15149450495441886E-003,7.25038830130108431E-004)               (0.0000000000000000,0.0000000000000000)               (0.0000000000000000,0.0000000000000000)
   1.4000000000000001        8.5802698173212649E-002   3.6057361533267732E-003           2  (-3.39167530444470561E-005,2.52873009932564133E-004)               (0.0000000000000000,0.0000000000000000)               (0.0000000000000000,0.0000000000000000)
   1.5000000000000000        9.6232074174967583E-002   3.0457741837518638E-003          11  (2.03469671903372255E-004,-8.00088993329149526E-004)               (0.0000000000000000,0.0000000000000000)               (0.0000000000000000,0.0000000000000000)
   1.6000000000000001        9.4608191813745440E-002   4.0859667940457770E-003           2  (5.10344872716768133E-004,-2.49733883761359804E-004)               (0.0000000000000000,0.0000000000000000)               (0.0000000000000000,0.0000000000000000)
   1.7000000000000002        9.8652865065609441E-002   3.1952633981133234E-003          14  (-3.20405958670899940E-004,5.50623983663393554E-004)               (0.0000000000000000,0.0000000000000000)               (0.0000000000000000,0.0000000000000000)
   1.8000000000000000       0.11939433218753102        4.3753728086076077E-003           7  (-4.68217502093007246E-004,9.15601076514492270E-004)               (0.0000000000000000,0.0000000000000000)               (0.0000000000000000,0.0000000000000000)
   1.9000000000000001       0.12285071628875825        6.1467351562272546E-003           5 (-6.10767257450018351E-004,-7.24814606552456864E-004)               (0.0000000000000000,0.0000000000000000)               (0.0000000000000000,0.0000000000000000)
   2.0000000000000000       0.12802689255796770        4.0268911153586414E-003          11   (1.35798377523732453E-003,1.15037258528986417E-004)               (0.0000000000000000,0.0000000000000000)               (0.0000000000000000,0.0000000000000000)
   2.1000000000000001       0.13670249393283190        5.4303633085315828E-003           2 (-8.95769306233814384E-004,-8.84914535667187139E-004)               (0.0000000000000000,0.0000000000000000)               (0.0000000000000000,0.0000000000000000)
   2.2000000000000002       0.14529620599513143        6.5609402160234920E-003           2  (1.73084418847811657E-004,-2.47299653464314105E-004)               (0.0000000000000000,0.0000000000000000)               (0.0000000000000000,0.0000000000000000)
   2.3000000000000003       0.14641100437212809        5.7208946114187254E-003           2 (-6.68108118182872391E-004,-6.46187150900725941E-004)               (0.0000000000000000,0.0000000000000000)               (0.0000000000000000,0.0000000000000000)
   2.4000000000000004       0.15401182863498819        3.6318225890463909E-003          11  (1.11388749769968771E-003,-2.50533137883753726E-004)               (0.0000000000000000,0.0000000000000000)               (0.0000000000000000,0.0000000000000000)
   2.5000000000000000       0.16535309348737334        3.9928475590826290E-003          11  (8.06585647350446756E-004,-2.43761494809193238E-004)               (0.0000000000000000,0.0000000000000000)               (0.0000000000000000,0.0000000000000000)
   2.6000000000000001       0.16123490296376822        3.8371108785871426E-003          13   (5.89290351568556620E-004,1.69116907711922362E-004)               (0.0000000000000000,0.0000000000000000)               (0.0000000000000000,0.0000000000000000)
   2.7000000000000002       0.17358527789945388        4.1241435222617116E-003           5  (6.80033255267789029E-004,-1.90351189679319405E-004)               (0.0000000000000000,0.0000000000000000)               (0.0000000000000000,0.0000000000000000)
   2.8000000000000003       0.18914391948453638        3.3949821431077491E-003          11 (-3.64045927233911520E-004,-2.62873230163167282E-004)               (0.0000000000000000,0.0000000000000000)               (0.0000000000000000,0.0000000000000000)
   2.9000000000000004       0.19443764539625460        4.2816126043649172E-003          11  (-1.98573862292683177E-004,6.52987726015589716E-004)               (0.0000000000000000,0.0000000000000000)               (0.0000000000000000,0.0000000000000000)
   3.0000000000000000       0.19959015508189357        4.4864419272064304E-003           7 (-8.97274237501780709E-005,-4.24943639402989106E-004)               (0.0000000000000000,0.0000000000000000)               (0.0000000000000000,0.0000000000000000)
   3.1000000000000001       0.20597070185463159        4.3315921273635871E-003           2 (-5.12637174206142382E-004,-1.63677164031237471E-004)               (0.0000000000000000,0.0000000000000000)               (0.0000000000000000,0.0000000000000000)
   3.2000000000000002       0.21497389290516886        3.3642295941764531E-003           5  (2.62835542240775881E-004,-3.28476036869118561E-004)               (0.0000000000000000,0.0000000000000000)               (0.0000000000000000,0.0000000000000000)
   3.3000000000000003       0.22076765371628404        3.1746884691651054E-003           6 (-1.23764188680314079E-004,-3.71347887505528386E-004)               (0.0000000000000000,0.0000000000000000)               (0.0000000000000000,0.0000000000000000)
   3.4000000000000004       0.22972802352001309        2.7581159404467988E-003          13  (-7.80816944314488841E-004,1.33252375848539809E-004)               (0.0000000000000000,0.0000000000000000)               (0.0000000000000000,0.0000000000000000)
   3.5000000000000000       0.23159240189689095        4.1927976722129744E-003           3   (1.57180698646490686E-004,3.10287667227287546E-004)               (0.0000000000000000,0.0000000000000000)               (0.0000000000000000,0.0000000000000000)
   3.6000000000000001       0.24699281948318927        5.9306992471016284E-003           2  (-6.64921942292986869E-004,1.60978330191534347E-003)               (0.0000000000000000,0.0000000000000000)               (0.0000000000000000,0.0000000000000000)
   3.7000000000000002       0.25178155160904597        4.5634375104717691E-003           7   (9.92995061840978507E-004,6.23537427302125070E-004)               (0.0000000000000000,0.0000000000000000)               (0.0000000000000000,0.0000000000000000)
   3.8000000000000003       0.25980099748926189        4.1998193624343781E-003           3   (2.44570693817470694E-003,1.74537874050125787E-004)               (0.0000000000000000,0.0000000000000000)               (0.0000000000000000,0.0000000000000000)
   3.9000000000000004       0.27506938249086704        8.2257175927732684E-003           2  (4.52730275230812517E-004,-8.47703815151087904E-004)               (0.0000000000000000,0.0000000000000000)               (0.0000000000000000,0.0000000000000000)
   4.0000000000000000       0.27387066169245572        4.1324609650895266E-003           4  (-4.70585812116424329E-004,6.60727313723541020E-004)               (0.0000000000000000,0.0000000000000000)               (0.0000000000000000,0.0000000000000000)
   4.1000000000000005       0.29528901079978609        5.5506324249807162E-003           3  (9.31569208620070801E-004,-1.03404580765506494E-003)               (0.0000000000000000,0.0000000000000000)               (0.0000000000000000,0.0000000000000000)
   4.2000000000000002       0.29435295249677468        3.4442409385665048E-003          11   (5.27225624512064439E-004,4.55493905464878380E-004)               (0.0000000000000000,0.0000000000000000)               (0.0000000000000000,0.0000000000000000)
   4.2999999999999998       0.30815496352690819        3.5584778289033336E-003          11  (5.62497816529193995E-004,-8.82087751473505208E-004)               (0.0000000000000000,0.0000000000000000)               (0.0000000000000000,0.0000000000000000)
   4.4000000000000004       0.31570979039151797        5.3006766014938979E-003           3  (1.05701232181499216E-003,-4.14494357515661775E-004)               (0.0000000000000000,0.0000000000000000)               (0.0000000000000000,0.0000000000000000)
   4.5000000000000000       0.32759843925608889        4.6765410613693881E-003           2  (2.76930729179418987E-004,-8.27993419538617292E-005)               (0.0000000000000000,0.0000000000000000)               (0.0000000000000000,0.0000000000000000)
   4.6000000000000005       0.33639345746589860        4.5519137805929569E-003           8  (-3.49921750518000408E-005,2.00952352191745260E-004)               (0.0000000000000000,0.0000000000000000)               (0.0000000000000000,0.0000000000000000)
   4.7000000000000002       0.35322979249291819        4.1899961609152114E-003           3  (5.35939579936371311E-004,-1.20815313276107896E-005)               (0.0000000000000000,0.0000000000000000)               (0.0000000000000000,0.0000000000000000)
   4.8000000000000007       0.36174451079792047        8.4388438801932582E-003           3   (5.34357108103357382E-004,9.00443510625781470E-004)               (0.0000000000000000,0.0000000000000000)               (0.0000000000000000,0.0000000000000000)
   4.9000000000000004       0.36938147885853889        5.6601468437637954E-003           3   (1.29456321260876142E-003,3.90602330488660728E-004)               (0.0000000000000000,0.0000000000000000)               (0.0000000000000000,0.0000000000000000)
   5.0000000000000000       0.39275321243102029        5.4137683136689513E-003           6  (3.59564109985537322E-004,-6.93389104914660928E-004)               (0.0000000000000000,0.0000000000000000)               (0.0000000000000000,0.0000000000000000)
   5.1000000000000005       0.38993224680201866        8.1975529328341904E-003           3  (-1.82852799429071068E-004,5.59353318302010681E-004)               (0.0000000000000000,0.0000000000000000)               (0.0000000000000000,0.0000000000000000)
   5.2000000000000002       0.41876189140625480        4.7443530828252291E-003           6  (3.84680769945013599E-004,-4.10242850862384557E-005)               (0.0000000000000000,0.0000000000000000)               (0.0000000000000000,0.0000000000000000)
   5.3000000000000007       0.41826879434079844        8.2790243522142259E-003           2   (8.36098793801155196E-004,6.81088232739180625E-004)               (0.0000000000000000,0.0000000000000000)               (0.0000000000000000,0.0000000000000000)
   5.4000000000000004       0.44940656461168010        3.6499981027237152E-003           5  (3.75093387239817423E-003,-1.05979834357695709E-004)               (0.0000000000000000,0.0000000000000000)               (0.0000000000000000,0.0000000000000000)
   5.5000000000000000       0.48766897541666016        1.8226916936698020E-002           3   (2.79854105715551067E-003,1.51186699899604729E-004)               (0.0000000000000000,0.0000000000000000)               (0.0000000000000000,0.0000000000000000)
   5.6000000000000005       0.53395839582934002        3.4932530892788916E-003           2   (7.00276825600978491E-003,1.97492012647257521E-004)               (0.0000000000000000,0.0000000000000000)               (0.0000000000000000,0.0000000000000000)
   5.7000000000000002       0.54498796355941348        8.8355994875289334E-003           2   (6.24605880007363199E-003,5.23575859183271825E-005)               (0.0000000000000000,0.0000000000000000)               (0.0000000000000000,0.0000000000000000)
   5.8000000000000007       0.55974345017746485        4.3588409697874735E-003           7   (4.75638864712451138E-003,6.72755672568853399E-004)               (0.0000000000000000,0.0000000000000000)               (0.0000000000000000,0.0000000000000000)
   5.9000000000000004       0.55256081428197634        3.6853075259840914E-003          11   (1.16276442649924472E-003,1.60276980545165512E-004)               (0.0000000000000000,0.0000000000000000)               (0.0000000000000000,0.0000000000000000)
   6.0000000000000000       0.57967504870119146        4.6706592440384611E-003           3  (9.27518025904922570E-003,-6.41381863825178465E-005)               (0.0000000000000000,0.0000000000000000)               (0.0000000000000000,0.0000000000000000)
   6.1000000000000005       0.59910537602729219        3.8480858294656800E-003          11   (5.79308846553296380E-003,4.92994518420720703E-004)               (0.0000000000000000,0.0000000000000000)               (0.0000000000000000,0.0000000000000000)
   6.2000000000000002       0.60292737468114221        3.9501341948430316E-003          11   (1.06646356226621566E-002,3.63832858122654554E-004)               (0.0000000000000000,0.0000000000000000)               (0.0000000000000000,0.0000000000000000)
   6.3000000000000007       0.61913400842400879        4.4063447302053558E-003          11   (2.22819805560304472E-002,7.58296697682017917E-005)               (0.0000000000000000,0.0000000000000000)               (0.0000000000000000,0.0000000000000000)
   6.4000000000000004       0.62270805861093492        3.1688539011327744E-003          13  (1.47417740346979260E-002,-3.35604292045301985E-004)               (0.0000000000000000,0.0000000000000000)               (0.0000000000000000,0.0000000000000000)
   6.5000000000000000       0.63292800168928476        4.3750389708676661E-003           3  (2.13202167773971104E-004,-3.45340283195122650E-004)               (0.0000000000000000,0.0000000000000000)               (0.0000000000000000,0.0000000000000000)
   6.6000000000000005       0.63524802320171747        3.8385398430842237E-003           7  (1.29550659888663950E-002,-3.06287321474017955E-004)               (0.0000000000000000,0.0000000000000000)               (0.0000000000000000,0.0000000000000000)
   6.7000000000000002       0.63784311004390726        5.7566754441832155E-003           3   (2.57625366832434852E-002,1.94247792519919901E-004)               (0.0000000000000000,0.0000000000000000)               (0.0000000000000000,0.0000000000000000)
   6.8000000000000007       0.64505548499853316        4.8199147711899268E-003           3   (3.64003113302427796E-003,4.15515689693207041E-004)               (0.0000000000000000,0.0000000000000000)               (0.0000000000000000,0.0000000000000000)
   6.9000000000000004       0.65668330434890176        4.2512939317747595E-003           6  (1.36230215288018972E-002,-2.21745524914055390E-004)               (0.0000000000000000,0.0000000000000000)               (0.0000000000000000,0.0000000000000000)
   7.0000000000000000       0.66604121416067241        4.7206022294722346E-003           3   (3.07008032398663686E-002,2.14208183120727830E-004)               (0.0000000000000000,0.0000000000000000)               (0.0000000000000000,0.0000000000000000)
   7.1000000000000005       0.66983136394602316        3.8803516042820118E-003           5  (2.28554683224508545E-002,-1.85756967877470338E-004)               (0.0000000000000000,0.0000000000000000)               (0.0000000000000000,0.0000000000000000)
   7.2000000000000002       0.66723364994801071        4.4292493180248796E-003          11  (2.85406348940738033E-002,-9.75628257866575184E-005)               (0.0000000000000000,0.0000000000000000)               (0.0000000000000000,0.0000000000000000)
   7.3000000000000007       0.68197466599975043        3.9400397956568757E-003          12  (5.67705043706338928E-003,-1.59611573023425897E-004)               (0.0000000000000000,0.0000000000000000)               (0.0000000000000000,0.0000000000000000)
   7.4000000000000004       0.67896473464069618        4.5572352587761903E-003           4  (2.48498717801344110E-002,-5.59755637887613058E-006)               (0.0000000000000000,0.0000000000000000)               (0.0000000000000000,0.0000000000000000)
   7.5000000000000000       0.68978025869869597        3.6277238274442639E-003          11  (9.13349835843213671E-003,-5.10776447766720962E-005)               (0.0000000000000000,0.0000000000000000)               (0.0000000000000000,0.0000000000000000)
   7.6000000000000005       0.68960609448459487        3.2262496838402132E-003          11  (1.84653370920451858E-002,-4.11431881081414925E-005)               (0.0000000000000000,0.0000000000000000)               (0.0000000000000000,0.0000000000000000)
   7.7000000000000002       0.69905219520495687        3.3861742352548690E-003           7   (5.70100116368968141E-003,3.54305748468863727E-004)               (0.0000000000000000,0.0000000000000000)               (0.0000000000000000,0.0000000000000000)
   7.8000000000000007       0.70517574465493882        3.3597415042679883E-003           3   (9.45547904976988714E-003,5.25197475049261145E-006)               (0.0000000000000000,0.0000000000000000)               (0.0000000000000000,0.0000000000000000)
   7.9000000000000004       0.70985174751946400        2.7827636199774294E-003           7  (2.73503715151712443E-003,-1.92024272036276945E-004)               (0.0000000000000000,0.0000000000000000)               (0.0000000000000000,0.0000000000000000)
   8.0000000000000000       0.71082126261543310        3.6262044727818480E-003           4  (1.11898387037201712E-002,-2.05475897595706441E-004)               (0.0000000000000000,0.0000000000000000)               (0.0000000000000000,0.0000000000000000)
