  0.99899999999969746     
   1.3714166214379830E-002
   8.4249843454086339E-003
  -2.9208840046474126E-002
   2.0607127601444321E-002
   9.0278455942336289E-003
  -7.8023129673601227E-002
   4.4496383852698676E-002
   1.9723746390275278E-002
   3.4262320107350357E-002
   2.0500718037451016E-002
  -3.9977282269384608E-002
  -1.7495346801182268E-002
   1.8938418125042478E-002
   1.6049267050111185E-002
   2.0163036679120253E-003
  -3.0230584422962711E-002
  -5.2288826186835918E-002
  -1.4208988512712331E-003
   2.7881292304862701E-003
   9.6177519979982352E-003
  -7.1799628542875225E-003
  -1.0539269659283463E-002
   3.0351247939830073E-002
   2.7508606499200953E-002
   6.0939535256671555E-002
   6.0526119439782648E-003
   2.7313189415244972E-002
   4.9705785794423467E-002
   1.7383004202224273E-002
   3.8543257840901304E-002
  -1.9290578678231706E-002
  -2.9304443640983929E-003
   3.3118417792892735E-002
  -2.3530013735246644E-002
  -7.6552399661560661E-002
  -2.6470052186025505E-002
  -6.2451841307241546E-003
  -4.1231272134757569E-003
   1.5306776937718543E-002
  -1.0613615590198537E-002
   3.6159621506314018E-003
   2.8591057027678372E-003
  -8.2944327113732084E-004
   3.9474612820594411E-003
  -4.5652666695763164E-002
  -1.1874057116899581E-002
   1.6508841816099323E-002
  -2.0169205404855024E-002
   2.8994861278325297E-002
  -3.3802785272084551E-002
   3.0910546089696567E-002
  -3.7838084244583260E-004
  -4.0057625208190784E-003
   4.5750219996682037E-002
   1.0424240483242041E-002
   6.8189168313046583E-002
   7.5379448935266056E-003
   9.6676838794983767E-003
   4.7629730130210766E-003
  -8.5519373719442446E-002
  -3.2773366750459360E-002
  -3.8289289039798093E-002
  -3.4792834869478810E-002
  -1.0939686895695836E-002
   1.5820146611481099E-002
   8.4486594980172511E-002
  -9.5066852117236186E-003
   2.9291865899356784E-002
   4.3956620741408322E-003
   1.0289356173207703E-002
  -3.0215143130777947E-002
  -1.8080343284142673E-002
   9.0125772205004978E-002
  -1.9333157023922805E-003
  -1.5518834713122518E-002
   1.5827393781154424E-002
   7.1761975387270263E-002
   1.2201606899050615E-002
   2.2659989997771600E-002
  -1.8672685940184539E-002
   3.9027869718692022E-002
   2.7909167410151745E-002
  -4.0128597974180419E-002
  -1.2501710785282819E-002
   2.4960077147761742E-003
  -5.2610045515024695E-006
  -1.2436219043825952E-002
  -4.2199727050254154E-002
  -1.1532282064133450E-002
  -1.4630721381722729E-002
   2.5032852943383203E-003
  -4.0148062888558628E-002
  -1.7118512715194673E-002
   1.8393285101567427E-002
   3.3454844509581569E-002
  -8.1971536447016345E-003
  -3.0194823140856149E-002
   2.4961300969657558E-002
   6.6926003897678612E-003
  -4.6327103466304503E-002
  -5.6413233942151295E-002
  -1.9831989506658525E-002
   1.0803472547526683E-002
  -1.3769069460406555E-002
  -7.7329192047624461E-003
   1.4766822949617208E-002
   1.8099251850399050E-002
   6.3500775907085012E-003
   4.1555407741475321E-002
  -4.2956682671583171E-003
   2.7979572550359662E-002
  -1.8177557718243146E-002
   2.8294760578320987E-002
  -3.3309521039635470E-002
   3.4443435331769280E-002
  -4.2798660238945366E-002
  -8.1474315757309318E-002
  -5.3543312032037015E-002
   4.0269464463036947E-002
   1.7801182892596232E-002
   5.4278951393870152E-003
  -2.0450769037757555E-002
   4.6192576457012753E-003
  -2.6389372420109462E-002
  -3.4596952640560612E-002
  -5.4170445232808923E-002
  -4.2145954954460281E-002
  -2.6007016786154247E-002
   1.6887508919039330E-002
  -4.1611515353902000E-002
  -4.5435038607435684E-003
  -1.0848147338945971E-003
   1.7159520679819174E-002
   9.2879487473280630E-003
   1.1063076938408811E-002
   1.5459452381672940E-003
   7.0945177331444703E-004
   2.4073630245781984E-002
   2.1941187192461631E-002
  -2.5916854047857103E-002
   2.8954558427223810E-002
   8.5404987764030969E-003
  -2.7186405205980996E-002
  -3.2441580413768711E-002
  -1.0694180968013041E-003
  -2.6322580136625615E-002
   4.6567841108726233E-003
  -7.0745905804353920E-003
  -1.6094274441964297E-002
   2.7047838873252742E-002
   7.5678816919729965E-003
  -9.8074222064875702E-004
  -3.8757346407814509E-002
  -1.4599051824366526E-002
  -8.1862574983384093E-003
  -2.9046797127397835E-002
  -2.9903817633657851E-002
  -1.5082227071075663E-002
   3.6652114250772315E-003
  -3.1241465795773110E-002
   1.6132245495035964E-002
   1.4760022883848280E-002
  -2.3245142201965370E-003
   7.3419582530088075E-003
  -2.9410215234638069E-002
  -8.4097731748595875E-003
   3.9139096371273351E-002
  -4.2236901342826573E-002
  -2.7173982132977066E-002
  -2.1153061895632735E-002
   7.5018845059027905E-003
   1.7985780224422411E-002
  -3.0843826356909285E-002
   7.3354817059207069E-003
   2.7352730277702252E-002
   3.0508127750776253E-002
  -2.6837770818401892E-002
   1.7414844302152191E-002
  -1.4101624659381574E-002
  -6.0656528730033911E-004
  -3.3448585020596180E-002
  -2.4289360464520886E-002
  -9.4462794019019580E-003
  -8.4982716209690019E-003
   8.8893996429565431E-003
  -3.1562688413081207E-002
   2.9873034857510007E-002
   4.9657939292529062E-002
   1.9701480811242116E-003
  -4.2601765994500308E-002
  -4.5183657807099528E-002
   4.0881329707957485E-002
  -4.7259227363039592E-002
  -4.1528923683049453E-002
  -7.7906252041295393E-002
  -1.9083389423695231E-002
  -1.1925175122809729E-002
   5.7695058248455409E-002
  -5.9366412736053836E-002
   1.9548618657348818E-002
  -2.4241146743032356E-002
  -3.6449685165416981E-002
   4.9782506908027067E-002
  -2.1453359644835954E-002
   3.5015581088597238E-002
   9.3407215674262800E-002
   3.8697430892327585E-002
  -2.5758374680691764E-002
  -6.7399481853502308E-002
   2.9995305069591860E-002
   7.8280697466112450E-002
  -2.8276932938576554E-002
   3.7496243018078371E-002
   5.9668841800259692E-002
   3.6368038128267569E-002
   2.0039556635747687E-002
   4.8685944147313066E-002
   7.7753585352238988E-002
   3.6406296410182608E-002
   4.1150454182559137E-002
  -2.7611296318866867E-002
   1.0093947817542821E-002
  -4.1313843595987679E-002
  -4.0470733429712247E-002
   3.4392314489276230E-003
   3.3320131203250981E-002
  -3.2814418789339168E-002
   5.9942346051733812E-002
   2.1429184784211342E-002
   3.0196692775271970E-003
   7.1797623504049543E-002
  -6.8937119044293144E-002
  -4.5456147600683811E-002
   6.0989474148742374E-002
  -3.5395601511143446E-002
  -7.4495745915452452E-002
   4.8236450913007956E-003
   1.9369326893468365E-003
  -3.3896299425307225E-002
  -2.4896372672940859E-002
   3.4281322880254692E-002
   2.0764080770473810E-002
   2.9183014389530332E-002
   8.6916949511051458E-002
   2.6788469810613787E-002
  -1.4629129597174631E-003
   1.8290075732668797E-002
  -1.1102340967834950E-002
  -2.5350630594796517E-002
  -3.0640474903719680E-002
  -6.3122500584229024E-002
  -2.2922233621325973E-003
   8.7328919864262055E-004
   3.8972796594233347E-002
  -3.1994464549288872E-002
   9.9049929262768274E-003
   4.9369614751253198E-002
  -3.7712277834404104E-002
  -2.7098141993747302E-002
  -3.7187485390656985E-002
  -6.7365511135627665E-002
  -7.5265381739893517E-003
  -9.7900638543674257E-002
   5.4670037299003785E-002
   3.0302496724432706E-002
  -1.9968313558179032E-002
  -1.4854318639432894E-002
  -5.9831775474857712E-002
   5.3038619610897099E-002
  -9.2904295194169324E-003
  -4.9200832156067881E-003
  -3.3294307531972788E-003
   7.9269870282630273E-002
   3.7177472452157190E-002
  -9.2877265417479656E-003
   2.0774621232570022E-003
  -8.4993018304929373E-003
  -4.5224699918896667E-002
  -2.2311789400447125E-002
   4.6485622840138435E-002
  -7.1106795024452968E-002
   3.2810715861197194E-002
   4.8152765503232206E-002
   1.8800072643530768E-002
   9.3193512219606704E-003
  -2.9361760500212896E-003
  0.10316111502837561     
  -7.4453500189145205E-002
   1.9903617631949321E-003
  -4.1013882609876852E-002
   1.7919905039785175E-002
   5.9657050507206634E-002
   5.6107757930242705E-003
  -3.4260349294010874E-002
   2.6923606124098907E-002
  0.10943281634455287     
   4.8313042712460107E-003
   3.3617660981144624E-002
   1.9341818678813977E-002
   4.6771259629700641E-002
  -3.3110804164677855E-002
  -4.2453362823856845E-002
  -4.8546518610351830E-003
  -7.2227515277313664E-002
  -2.4071188645439490E-002
  -3.0553991551020024E-002
   1.2219538857218878E-002
   4.5365944335234484E-002
  -3.5431771638496382E-002
   5.2847237068537986E-002
  -3.0785760919366727E-002
   1.8484635642395390E-002
   2.6703935254113586E-002
  -6.5534117496686403E-002
  -3.9219222876994808E-002
  -3.0705432151328052E-002
  -7.3825090534064882E-003
   2.5307169988577137E-003
  -1.2029409880729685E-002
   6.0399072983846121E-002
   5.5497738805758201E-002
   5.0442753395968695E-002
   7.4603743678262793E-002
  -3.9621410795168260E-002
   2.6778279395109364E-002
  -1.5997327138098653E-002
  -2.7543577565397142E-002
  -4.9377386672005578E-002
   1.2587069883294383E-002
   3.4678483800143635E-002
  -2.3308335768888574E-002
  -3.2422218750167181E-002
  -2.9575253047757752E-002
  -4.4752203258273338E-002
  -3.9604676124826162E-002
  -5.3139366804448300E-002
  -1.5339652551054421E-002
   2.2993377954764100E-002
   6.9632991341963026E-003
  -5.0374464087824963E-002
   1.3730281692581415E-002
  -3.7136925618700828E-002
   1.1977049873113533E-002
 -0.10207507905891861     
  -2.2587554089476394E-002
   8.6875732669759211E-003
  -7.8190906301186906E-003
  -5.7449262446314209E-002
   1.6639656819662608E-002
   5.4266674111089493E-002
   3.9653157275804138E-002
   7.7183831991395921E-004
   3.2539465749622486E-002
  -3.1232499552080656E-002
  -3.6313624002110134E-002
  -1.2832050495432866E-002
   9.0305654033469625E-003
  -4.9795424163239656E-002
  -2.8026909777582620E-003
   1.5636725200631170E-003
  -4.5344395052492825E-002
   1.0362785272173157E-002
  -3.2791114594278511E-002
   2.1582881963717070E-002
  -4.3965468469676548E-002
   3.3913163836362015E-003
   7.9774253363856257E-003
  -3.2718963629182994E-002
   2.0394204989859038E-002
  -3.8020255094622452E-002
  -1.1110212027158294E-002
  -8.4827882876816293E-002
  -4.5671706043961820E-002
  -6.4488131375104438E-002
  -9.1354629953268873E-003
   6.3937229004666779E-002
   2.1172533429001349E-002
   6.4830973183459539E-002
  -1.6241132389893394E-002
   1.3201656703804346E-002
   5.7869502144253992E-003
  -4.1835141830158025E-002
  -9.1961932180541165E-003
   2.4111640775630475E-004
   2.2449245026320976E-002
   2.6189940728531848E-002
   2.0937676338598964E-002
   5.2670190538603993E-002
   7.7801184758862607E-002
   2.0796424074517386E-002
  -2.9146245755846938E-002
  -2.3164041092071458E-002
   2.0613273785602183E-003
  -9.9986406965028515E-003
   7.2207650327425141E-002
  -2.9345141340672447E-002
   6.7739141386494632E-003
   2.4503686495532088E-002
  -1.5128688114669872E-002
  -7.5095286195462962E-002
  -8.4887615578946973E-002
  -1.4426058763622896E-002
   6.4875446228955608E-002
   7.6412123934279222E-002
   4.9887100578716150E-003
   1.0955882861797685E-002
  -1.1623061449200082E-002
   1.7316388373541988E-002
  -1.1835140398407631E-002
  -7.2040924503259315E-002
   1.6925401209998064E-002
  -2.0055716509953705E-002
  -1.5279398516035540E-002
  -8.1189008351880948E-002
  -1.3018785039812788E-002
   2.2208242838303163E-002
   3.2812919175288995E-002
   3.4666715880130761E-002
  -3.6194873606773537E-003
   2.4275728683131385E-002
  -5.8698172451784200E-002
   1.5671963874107530E-002
  -5.0378382652506930E-002
  -1.2037596947446064E-002
   2.1485388594648956E-002
   2.3143278384042423E-002
   3.5721679345769378E-002
   5.3735118392182566E-003
   3.0440025984513418E-002
   2.4908176129670643E-002
   3.9622590095973631E-002
  0.11598602122381967     
   5.8381273503996306E-003
   6.1535800850777783E-002
   3.7261091702134588E-003
   1.7605156442715722E-002
   3.9734851747830424E-002
  -6.6016070889843639E-002
  -4.8376832853353870E-003
  -1.6337348282263069E-002
   6.6274566004657330E-003
  -1.1828141047828988E-002
  -4.3903591737821129E-002
   3.0757374813058368E-002
   6.0491747315256070E-002
  -5.3027469827328581E-002
   2.8856646012138356E-002
   3.1556387698915882E-002
  -1.1754208576393225E-002
  -2.9205422990459472E-003
  -2.8228668736325228E-002
   6.7522268985749145E-002
  -3.6111260048292140E-002
   4.3567925839713799E-002
  -3.4465649573808294E-002
   4.1230686988403091E-002
   8.4875468937984158E-002
  -1.1726007819359093E-002
   6.4166834783309035E-002
  -1.1124630105296140E-002
  -2.0930125717262750E-002
  0.12167757401363606     
   3.5921138090020219E-002
  -2.4122876228137937E-002
  -2.4407545701899000E-002
  -5.7678207684852538E-002
  -4.5274519819864627E-002
  -4.0166201198676338E-002
  -4.7926543910382570E-002
   5.7707946797417281E-002
   2.1764406360883087E-002
  0.13157614437476223     
  -8.8282638312401199E-002
  -1.8747088250430151E-002
  -4.1635963211021573E-002
   2.1144127336333099E-002
   5.3636468139106495E-003
  -6.2712420324683896E-002
  -1.6181827839010416E-002
  -2.1413305749887711E-002
   3.6688115454328804E-002
   7.7876307360145143E-003
  -3.8537057942236949E-003
   3.2310141924457442E-002
   2.4173243746146530E-002
   1.6168546405124804E-002
  -5.9622678945649682E-002
   2.1268071440378330E-003
  -6.3812488465784578E-002
   3.3976918624739061E-002
  -4.8507416807240678E-003
  -8.5756672620130078E-002
  -3.4280926379234210E-002
  -6.7350587053258401E-002
   8.1776197624513491E-002
   2.6494963023942969E-002
   4.5036888683753211E-002
   5.1555655148703222E-002
  -2.6771450851014372E-002
  -2.3581070986516881E-002
   2.7073424984989061E-002
   4.8822896558950821E-002
   4.1774653481709327E-002
   3.3177524547673545E-002
   4.6189995401277210E-002
   3.9706681853917292E-002
  -1.0468964423347400E-002
   2.0832275548644499E-002
  -3.4589992077778370E-003
   3.9159198853866810E-002
   2.9333470660124521E-002
  -5.1076974763467592E-002
   6.9338053604546840E-002
  -3.5549571362305195E-002
  -1.4475456936786714E-002
  -3.9756737616659779E-002
   1.4301351389376356E-002
   8.7201918275611592E-002
  -5.0713539370140732E-002
  -1.5336346949983221E-002
   4.2040758982600034E-002
  -8.4709720124060431E-002
   7.7889252489736410E-002
  -3.8077566395713872E-002
   5.3473845690550411E-003
   6.4267811625225948E-002
   4.0963764177825164E-002
   3.9626306104282763E-002
   6.2173751306352056E-003
   3.1451224851896234E-002
  -4.4753864071418681E-002
 -0.10861961477477061     
   4.7890469169067158E-004
  -3.7351882992534072E-002
  -6.9636346259146761E-002
   8.4774609784870805E-003
   4.5918144608101549E-002
   3.5331452621255630E-002
  -2.0664266621173320E-003
  -3.1924902478613515E-002
   3.2209959461959564E-002
  -4.5369579901442192E-002
   2.9109024959135005E-002
  -3.8510650259218952E-002
   2.5282427079208410E-002
  -4.0525458406668505E-002
  -5.4325807126471365E-002
  -5.4664525810343013E-002
  -3.6417245654959567E-002
  -5.0111873197992103E-002
   5.3177241261033258E-002
   5.4006982549199299E-002
   1.6593251049241118E-002
   1.0226102664529705E-002
  -5.6839558836465132E-002
   6.6212825665323410E-002
  -3.4631539099980110E-002
  -3.8970233441150949E-002
  -4.9197670901274144E-002
   2.2362388024500152E-002
  -2.1449274692190920E-003
  -5.4814074991616363E-002
   2.1933370639971316E-002
   7.9880537820640057E-003
  -3.1467911263330377E-003
   4.5230351212712239E-003
   8.8965723495248950E-002
  -4.7422037186773139E-002
   4.9272890932754068E-002
   7.9009555156157596E-002
  -5.1694620464704258E-002
   3.7186085681852163E-003
  -3.9387431967806190E-002
  -3.7974325102409522E-002
   1.5953830981092369E-002
  -6.2669816327482100E-002
  -2.4312655913652455E-002
  -3.3387429445867773E-003
   2.6706994089613439E-002
  -1.3134682811029585E-002
  -4.8380510921355868E-002
   1.8647030292054018E-002
   1.3531626726028013E-002
  -5.2351183645076044E-002
   1.8550140283950012E-002
 -0.10969590612163606     
  -5.8739050710461191E-002
  -4.8077684810239239E-002
  -5.9541041286586098E-002
  -7.0165795110360446E-002
   5.5078273595905822E-002
  -2.1037074303488161E-002
   9.3159703295395635E-002
   1.9617083538105186E-002
  0.15202773161353317     
   1.6715931700236431E-002
  -6.3526640025358900E-003
  -4.7737504619117119E-002
   2.0008434762357086E-002
   1.2844517686403207E-002
  -2.4172343919406977E-002
  -3.9276164738633879E-002
   1.0364215581551185E-002
   4.0403293320426414E-002
  -2.9498357524573703E-002
  -3.3482632593233335E-004
  -5.4060323164814475E-002
   1.0446682878139510E-003
  -3.3245578138885103E-002
   3.2758714713313165E-003
  -3.7713879030080548E-002
  -3.3013263020808613E-002
 -0.14467132377089620     
  -1.0687531811285084E-002
  -9.2265471040282824E-003
   2.7224689108011749E-002
  -2.1812839703533558E-002
   7.2928211471082360E-002
   1.2577909092264374E-003
  -3.2701375601577612E-002
   2.3223007318419087E-002
   2.2162901524785408E-002
   7.7277903866871625E-002
   3.7252721376444687E-003
  -1.9799397879678864E-002
   1.3997114303422107E-002
 -0.11615345293272959     
  -9.1756521938723447E-003
   6.6339718567958204E-005
 -0.10365793579198904     
  -1.1643548889467483E-003
   7.0643607368810479E-002
  0.10117098733649203     
  -3.6494509462252411E-002
   5.2264399446937615E-002
   1.2323036002251528E-002
  -5.7030778723476235E-002
  -5.8650517442891993E-002
  -5.2108445412266731E-002
  -3.2130457019560223E-003
  -7.5535983928525494E-002
   7.9219708262806013E-002
  -4.2010384238773034E-002
   9.7983068756199495E-003
  -1.2497893825199297E-002
   4.7154761599903804E-002
   2.7077057907704462E-002
   7.1004018976941544E-002
   7.5602671227025992E-002
   4.0610162821247853E-002
  0.10149779336464930     
  0.11966750570471717     
  -6.7125270043987481E-002
  -4.1354345065896898E-003
  -7.5717659154585795E-002
   2.6460299371003984E-002
  -1.3081168604617688E-002
  -8.3665820427654594E-002
   5.2045847525093843E-002
   5.1657210808291998E-002
  -4.9904617282585948E-003
  -5.7437710804932270E-002
   9.3745964855506958E-003
  -1.8563649901261758E-002
   2.2013271651507370E-002
  -6.5335103668933123E-002
  -2.3777583679919362E-002
   4.7421676629821559E-002
  -5.0849725678142971E-002
   1.9888512217196418E-002
  -7.9809595239947531E-002
  0.14187669631038408     
   7.4764912795414751E-002
   5.0007449014665833E-002
   2.7150933601205761E-002
   1.4346178797170310E-002
  0.11206654976833141     
   4.2421216802676541E-002
   6.6437966068196019E-002
  -4.6474954810689417E-002
 -0.10608339844357001     
   2.1378260146976025E-002
  -1.2158811424709931E-002
   4.1670088244505632E-002
  -6.1985894681130548E-002
  -3.5108215588673782E-002
  -2.6435895329626206E-002
  -2.3829788357105888E-002
   6.4288733885569757E-002
  -2.0448270288607944E-002
   3.0017478700666188E-002
 -0.11602762779135078     
   2.0952309166799763E-003
  -9.7145282847417663E-002
  -5.8477651261628502E-002
   3.8899808470293305E-002
  -2.5146553397342843E-003
   4.2144005989867533E-002
   9.4960433585349387E-003
  -4.1494173816740476E-002
   2.9757816699972371E-002
   3.5754601742037720E-002
  -6.7500194524310844E-002
   6.2120930723513247E-002
   1.6483172514524535E-002
   8.3436666656138449E-003
   1.1164141261534224E-002
   9.5812868774981338E-002
   4.9190303021812584E-002
  -2.7461806485779221E-002
   4.4981350256313073E-003
  -2.7721853697450782E-002
  -6.1680900458359923E-002
   4.5491256024428689E-002
   2.6597385970667131E-002
   4.1175519179736005E-002
  -1.2909908980974156E-002
  -5.0304927709214339E-002
   7.8684704224889240E-002
  -1.3077841972665511E-004
   3.4756080596109809E-002
  -7.4213795536877569E-002
   4.3101965401035190E-002
   6.0653371364294412E-003
   3.8931016064110098E-002
   9.1262231609625113E-002
   9.1464925469921521E-002
   8.6687319697337402E-003
   8.1939990522700692E-002
   3.2019489141628721E-002
  -4.8323056239501581E-002
   3.8604341227857254E-003
  -2.5870894262734083E-002
   1.5895649363475834E-002
  -6.4873588081283240E-002
   6.8452180479663921E-002
   3.8579413996948420E-002
   3.2167951264220319E-002
   5.8928692876794204E-003
  -3.2495876196197697E-002
   3.0649486642518056E-002
 -0.11231684357419638     
  -3.7046669619874406E-002
  -2.4282793378099899E-002
   5.7150469681388094E-002
  -3.1933735042015680E-002
  -3.1067430886150816E-002
  -4.8404157326958887E-002
  -4.6154418190310159E-002
  -4.9900795293910123E-002
  -5.2005702512626324E-002
  -4.4083455944158223E-003
  -8.2629416000117431E-002
   6.7057703647293507E-002
  0.12492153405498384     
  -7.0598867559322306E-002
   7.0821817187135844E-002
  -7.5403909040665365E-002
   6.7892035519139776E-002
  -9.6186411484182679E-002
  -3.5692910491335030E-002
   7.4846449732565393E-002
   2.6504237112459493E-002
   2.5682933069671607E-002
  -6.7733078159648722E-003
  -9.9496143625784100E-002
   3.4119287031587906E-003
  -9.3219622242656355E-002
  -4.6867524038045234E-002
   7.8386898506161845E-002
  -4.2105562898785823E-002
  -2.2239646539053422E-002
  -2.0022473443749293E-002
  -1.5710741956192618E-002
  -6.6427615905022594E-002
 -0.12218297200110309     
   6.1004986404661440E-002
  -1.7181427887713246E-002
  -8.8688144792873042E-002
   3.4552020675594299E-002
   2.1041113958382020E-002
   4.8519469156188592E-002
   7.2269749320665835E-002
  -4.9414698417999857E-002
   2.5268130116446314E-002
  -3.0453875752157727E-003
   8.8673447353574235E-003
   4.5182069813105276E-002
 -0.10412780955524786     
  -8.1989231965548429E-002
  -9.4358452306357393E-002
   3.8800976748840033E-002
   9.3536186390733231E-002
  -5.6335684762842828E-002
   8.6604925546639455E-003
 -0.12391319966464359     
  -5.0341740192421720E-002
   6.5248155216624127E-003
 -0.10822866917116919     
  -7.9177866067065991E-002
  -7.6217335719414164E-002
  0.11210308928765596     
 -0.10508231545979195     
   1.0813357272677362E-002
  -9.2109015098390257E-002
  -6.2729872277499571E-002
  -1.2907878400168197E-002
  -8.3635598932441324E-002
  -3.5267601396148172E-002
   3.1095124697819027E-002
   2.1192939446275202E-002
 -0.12710376581771241     
   8.3537415474268101E-002
  -1.9647505001108310E-002
   4.5811274625685822E-002
   2.1517929424858264E-003
 -0.12725411767924613     
  -3.4814315681556053E-002
  -1.1320692073802756E-002
  -5.3494378304799160E-002
  -2.0659340538861551E-002
  -9.5952197174484805E-002
  0.10115486881164523     
  -7.0906481934315410E-002
   2.8916939174668647E-002
  -6.6264050108315778E-002
  -7.4399407800270018E-002
   3.4539771788167262E-004
  -1.1828587269420746E-002
 -0.13655082488743225     
 -0.19060297881534075     
  -3.6109751492487067E-002
  -1.8269196884713648E-002
   8.3719371609729767E-002
  -1.6973103442811700E-002
   2.0784469010589710E-002
  -2.0144667523536705E-002
  -1.9330610357609912E-002
  0.10339646683379131     
   4.8320058387818297E-002
  -8.0349714123072541E-002
  -7.5401261847118803E-002
  0.10082525740297371     
 -0.18834716424992118     
  -7.4470627593184971E-002
   1.3523932896105524E-002
  -4.1739576947444859E-002
   6.2335152559797186E-002
  -4.8206160186275389E-002
   2.5395324603877091E-002
 -0.11624179431050245     
   1.4154882808155680E-002
  -2.4761082138644239E-002
  -6.0054949208521627E-002
  -2.4768651126923912E-002
  -4.8232657938220916E-002
  -8.7713086220462505E-002
  -3.1250739331884388E-002
   1.0360823772425559E-002
   8.4721289578169115E-002
  -8.7206069898327077E-002
   8.7944821424454974E-003
 -0.10179688657422387     
  0.17733799973581668     
  -4.3265978293938372E-003
  0.21044381397946407     
  -4.2635651085419543E-002
   1.3687110989081909E-002
 -0.16654973668490025     
  -1.0789607392343878E-002
 -0.16038706648411549     
 -0.16909375299445875     
 -0.10435404890922270     
   3.5640724340574859E-002
  0.10604992382306129     
  -7.4240804838476351E-002
  -3.0703471163923738E-003
  -3.2687789377917977E-002
 -0.15306560621827869     
  0.13901593472154292     
 -0.11991208059496143     
  -6.0153207633760739E-002
   4.5655360179669952E-002
  -7.2987822775892081E-002
  -6.2375159432965191E-002
  -7.9468569095098210E-002
  -2.2365405477493799E-002
  -1.4536828544581302E-002
  0.15709084315250055     
   6.3552306622168930E-002
  0.10108321838101288     
   2.7339211492354284E-002
   3.9489179177616775E-002
   5.3613824527378458E-002
  -7.7528680217231000E-002
   3.6136010594163055E-002
 -0.13684893787105709     
 -0.19653143134634349     
  -1.2311293395825609E-002
 -0.21806892899573882     
  0.17098890035660952     
   3.9459689806356203E-002
  -5.2300614809301815E-002
   3.6683911130346337E-002
  -1.8571433112652639E-002
   4.4616235382499460E-002
   6.4654331953657967E-002
   7.8881662414490121E-003
 -0.10794741250957811     
 -0.17997601723229997     
   1.2753137415193910E-002
  -3.7018520236955482E-002
  0.22252806453818383     
   6.3983146298619717E-002
  0.15576381217112328     
   9.2750771598031675E-002
 -0.20069382042850872     
   6.0276486330067561E-002
  -2.4101888708337373E-002
   2.3033697470197987E-002
   3.4217853378350420E-002
  0.20220264239868113     
 -0.18589549810133027     
   6.5796388504073808E-002
 -0.10477305722720306     
  -6.8017461558587802E-002
 -0.12593442391311163     
  -3.8848610276482343E-002
   1.6884650855134100E-002
  -6.8769904198790976E-002
  0.19986538648285213     
  0.16991205019143751     
  0.14006365550605437     
  0.31852413159699888     
 -0.12163360613255066     
  0.11577874324847164     
 -0.11457450643332491     
  0.14545866340986666     
  0.11476086434527659     
  0.12050242478168993     
   6.5342827377943460E-002
  0.13810276705790078     
  0.41567641879768713     
 -0.14986455684846586     
  0.17214437719645326     
  -1.1950004413629322E-002
  -9.2019984889009088E-003
   9.5542758689871277E-002
 -0.16290605630988816     
  0.19297052198653569     
 -0.22289635617907660     
  0.35603288294433105     
   2.2812912071302712E-003
  0.27503644956177370     
   6.7434080619790629E-002
  0.10189127861287289     
  0.24575927598502084     
   4.4160554430009359E-002
   5.9054028747003877E-002
   8.9676340508193814E-002
  0.25158810955788574     
   4.6632084450658445E-002
  0.29597139378789894     
  0.22264650959997553     
   4.5333874728233380E-002
   9.2557709352880477E-002
  -5.5199596206943598E-002
  0.15313395370718502     
  0.10927998317590140     
  0.15211938572871903     
  -7.2816097171120225E-002
  0.24692752351462896     
  0.26252433079279858     
 -0.24449831112467413     
  0.59478941452802037     
 -0.28308915639321336     
  0.13501441070519010     
  -8.6232966221042498E-002
  0.21842407374641939     
  0.23150639410042081     
  0.15147699661753539     
  0.17077684281104730     
  -3.1742355852502020E-002
  0.37190750780544285     
   2.9760696240484052E-002
 -0.17124797675665926     
  0.10431329673410129     
  0.18423681939443617     
  -3.7542355610752004E-002
  -8.2785899884735392E-002
  0.36705960405994209     
 -0.92365207629946344     
  0.75276119946667674     
  0.46137242392828587     
   6.0273156437354120E-002
 -0.31235538859529732     
 -0.20812253651816068     
  0.84679220914210451     
 -0.84426713271803344     
