  0.15515809743427694     
  0.11971054047622418     
  0.15547926202586462     
  0.16914661247511462     
  0.13968806288979038     
  0.13080077041467966     
  0.13981231542887929     
  0.13502970775553738     
  0.13546648813655765     
  0.14238120193793205     
  0.14166581942825790     
  0.15708521867992703     
  0.14676244619740803     
  0.13566650731676394     
  0.15567427800721795     
  0.11189260632801899     
  0.14817765418012269     
  0.12999354627357748     
  0.17331515615927109     
  0.14159224122072639     
  0.15137276623430948     
  0.15807331549125725     
  0.15040656856837570     
  0.14532161749103523     
  0.14924467059153645     
  0.14008335421553361     
  0.12679411715026861     
  0.14034314271606069     
  0.16206981683520594     
  0.13526512707718938     
  0.15416438733740945     
  0.13113702101486011     
  0.14056591266714710     
  0.13760144597334384     
  0.12639645402889924     
  0.13048451128312516     
  0.13660423110478750     
  0.13039201566449560     
  0.16200890218288513     
  0.16193899307202630     
  0.15077353390054507     
  0.14870658668932363     
  0.14301464066028705     
  0.13538885849424051     
  0.15459423144961248     
  0.13098017805788875     
  0.14049950995199825     
  0.14591477834572272     
  0.13721131313575846     
  0.13437351325164562     
  0.15576502149682023     
  0.13754757833135434     
  0.14225336480480183     
  0.14998082146376265     
  0.14516605022016763     
  0.13146279831879248     
  0.12074098237073795     
  0.12843449271934843     
  0.13855310496950621     
  0.14864802614865658     
  0.13183627554126118     
  0.13441089409579132     
  0.16076068801624160     
  0.13502638536114561     
  0.12361709102447131     
  0.16679654487367379     
  0.12373828253530328     
  0.15023665388371826     
  0.13521814893105744     
  0.13884356767426850     
  0.12816485975439512     
  0.15067386318222589     
  0.14894269011092645     
  0.10379491707513266     
  0.12006580380144498     
  0.14125720251860566     
  0.13685338298941660     
  0.15295051081505415     
  0.14855386739926799     
  0.15968644124676357     
  0.12232573193509290     
  0.12565013954223711     
  0.13994489278203784     
  0.14814613062347337     
  0.14287315537691581     
  0.14153207829545733     
  0.14105539924873892     
  0.12849964092052321     
  0.10829422416228474     
  0.16206326463605100     
  0.15374316620141221     
  0.13986018989499485     
  0.14742463828588065     
  0.13128107522702590     
  0.14069998442592704     
  0.13221521842762959     
  0.13928631637338007     
  0.14679816104767171     
  0.15001186338837930     
  0.11646190372800951     
  0.14488853088223277     
  0.12285640755529306     
  0.12113410198403823     
  0.13458223089145252     
  0.14749456804187849     
  0.13095405593317871     
  0.15072258894326643     
  0.13771581715463821     
  0.15605054729025877     
  0.11798553322005473     
  0.13020447289756928     
  0.13757351077020899     
  0.12499246306902903     
  0.14233375967965536     
  0.11596882235411515     
  0.15476117065996506     
  0.15721692797657280     
  0.12785243077603184     
  0.14508458394941970     
  0.13590209215154719     
  0.14777291121440619     
  0.13400848239856036     
  0.13045631755993051     
  0.14945088851409297     
  0.13237130239773792     
  0.15412454181459476     
  0.13792665779605923     
  0.16015723857234185     
  0.13109141311218911     
  0.13486917594476483     
  0.12582798296206738     
  0.14457409653177289     
  0.14725569159704341     
  0.13938794775674279     
  0.14036655269425799     
  0.14175940563870418     
  0.13460083474114659     
  0.14335385500541570     
  0.14729548363304815     
  0.14530922077281933     
  0.12407894953637717     
  0.15801726966156093     
  0.11670813813633620     
  0.12156246257362464     
  0.13252081894297996     
  0.13151603140150536     
  0.13378693068302380     
  0.13153060508306716     
  0.15602380661813475     
  0.13695865560381623     
  0.14070950694354861     
  0.12989545931940949     
  0.13228119833560945     
  0.14563205235245297     
  0.12472295582943889     
  0.13685382214287545     
  0.11406213011599589     
  0.12497736124899529     
  0.11778124389086866     
  0.14409865916804498     
  0.13121121745621539     
  0.11284410450715648     
  0.12895557564526627     
  0.13188015118613078     
  0.13330696935263234     
  0.12790662310983464     
  0.12153847718697107     
  0.13949982233326316     
  0.15165070643342701     
  0.13760539191369792     
  0.15386520759398264     
  0.13948743724994567     
  0.14408168952506056     
  0.14830738301675950     
  0.14477601594816800     
  0.12348287619847494     
  0.13185599215962807     
  0.13849834371711153     
  0.13815487920163297     
  0.12414195473758123     
  0.13717420399024843     
  0.15556241138835386     
  0.13353003728145277     
  0.15428250277263475     
  0.13569338522897376     
  0.13164247106186203     
  0.13489136058429918     
  0.12372154398249038     
  0.15038093425470506     
  0.13430629099089114     
  0.14147421287249246     
  0.13628753905791638     
  0.13597448530805481     
  0.12968306253570094     
  0.12224625220358294     
  0.12263860654208375     
  0.14360113353636356     
  0.14650108325739333     
  0.16272653480432406     
  0.11648510678423497     
  0.15142231952167826     
  0.13134890370174029     
  0.13297594809951274     
  0.15476192666715016     
  0.15639653408379409     
  0.16405033139282091     
  0.12869259150420120     
  0.11874107201296352     
  0.13247724420428200     
  0.16430312922673562     
  0.14303497051299693     
  0.13875311185851880     
  0.12545582051566218     
  0.13135336280501400     
  0.11952321085541161     
  0.12758352978328755     
  0.14963280742183949     
  0.12756533890312410     
  0.13630449444923551     
  0.13546892730554286     
  0.13255732663852643     
  0.13803003195331132     
  0.12987833192455789     
  0.14175011627179140     
  0.11569691996554449     
  0.14639666008002128     
  0.14360049307634917     
  0.15350644591637486     
  0.15061297956624972     
  0.14984313783164857     
  0.12430984218182732     
  0.13781978580692311     
  0.13785102093947033     
  0.12863642006044976     
  0.14416545599328021     
  0.12691699089727404     
  0.15528981256834898     
  0.13869049935013517     
  0.13515990383480644     
  0.15316079742428618     
  0.13460255917578384     
  0.13126068467897406     
  0.16137136658366305     
  0.13482909967167733     
  0.13659133558927905     
  0.15028727558384020     
  0.12958981262373998     
  0.14465795876115500     
  0.12204942168497129     
  0.14677502624927724     
  0.14210444420433455     
  0.14267443396872262     
  0.14824782401330069     
  0.15110307123985589     
  0.16021416321255161     
  0.14129133167940069     
  0.12557229766863420     
  0.13973188286296051     
  0.14648550670788532     
  0.16929996835860228     
  0.12794131253219329     
  0.16271683900930617     
  0.13122360262464339     
  0.12425564725934041     
  0.13280677617610886     
  0.14679827354876596     
  0.13429911511951040     
  0.15039001319307740     
  0.14533012251040053     
  0.14045211486370268     
  0.12510670804392021     
  0.12113056579798417     
  0.13807889003491763     
  0.11875158780117245     
  0.13013144715926575     
  0.13999351283774880     
  0.14668000995972125     
  0.13508998012424395     
  0.12447376602180896     
  0.13216867365183876     
  0.11985825940989948     
  0.16100214365164053     
  0.17752545910922723     
  0.14098766302919891     
  0.13010887335545931     
  0.13262475299214690     
  0.12601472222079496     
  0.14653035829674033     
  0.13166330115792069     
  0.16159018676873435     
  0.14459353812833090     
  0.12088621226735891     
  0.12993120713487397     
  0.11324635364509535     
  0.16305488843864327     
  0.14397758658254758     
  0.13447253981684598     
  0.12283686228989830     
  0.15277251277860904     
  0.11416192619802147     
  0.14336006093502487     
  0.12570441074930797     
  0.13097268392385325     
  0.15069146524082361     
  0.11105266390208593     
  0.15461313449414388     
  0.13744973294052179     
  0.15470791380110463     
  0.14083400157611972     
  0.16622203370321650     
  0.15015848051382169     
  0.14985879656554901     
  0.13139792782829834     
  0.14612338233798824     
  0.14563386657483718     
  0.12312455182016022     
  0.13452525554626563     
  0.13547726910868055     
  0.13758383466571156     
  0.15065414399079879     
  0.13210077079268229     
  0.12682981559265816     
  0.12430747713648867     
  0.14459947952610516     
  0.14233966187840358     
  0.13120019215466139     
  0.18003503976409183     
  0.12711435434655563     
  0.12294487808725992     
  0.13103358703805668     
  0.13447340165041599     
  0.14101407407701710     
  0.12730990619147733     
  0.14131020421448856     
  0.15277468856432652     
  0.16178715241697522     
  0.16146824362842860     
  0.13159864600206878     
  0.16904137852731949     
  0.14884625390115497     
  0.13395195083349712     
  0.16294545732275567     
  0.14414547571117198     
  0.14404153257055793     
  0.11993547588319919     
  0.14176589035233053     
  0.13360879968962544     
  0.14015292060050802     
  0.13532798557575937     
  0.15051019587155690     
  0.13568634183377976     
  0.13932057320086963     
  0.14975567465360867     
  0.13228503767832256     
  0.12504421563089396     
  0.13409303152575094     
  0.13489242111620300     
  0.13387551090401983     
  0.13287824247544883     
  0.12945277459777341     
  0.14276455111925243     
  0.14037976756765644     
  0.13114725292269455     
  0.15830952184878583     
  0.13239063348886301     
  0.13217432808058441     
  0.10895036782205374     
  0.12136074377870634     
  0.12886708790925594     
  0.11860277089176983     
  0.14238429363440466     
  0.14005788321856436     
  0.13548992787817124     
  0.13176887096288842     
  0.11536340937944770     
  0.15016040252305007     
  0.13661399274124850     
  0.14326969642674520     
  0.14316285557829142     
  0.14128921722698615     
  0.14761441308451478     
  0.12875242054207267     
  0.13964571239439799     
  0.13259981971734086     
  0.13647836402746313     
  0.14946900733794155     
  0.11011632101037613     
  0.14239469655154122     
  0.14994375317196110     
  0.14494316060371484     
  0.16299826820082705     
  0.12622918849246176     
  0.14413247208589031     
  0.12538846997865480     
  0.13814542486989950     
  0.11822137562793913     
  0.14018470337667258     
  0.14041927192307149     
  0.12745389158568665     
  0.14837984595617801     
  0.14823087359841747     
  0.15534969950281965     
  0.14214937889801404     
  0.13588020650176530     
  0.14534629786804845     
  0.13491746881154215     
  0.15437031914601959     
  0.15369842507114409     
  0.15046294785943665     
  0.14364442440188202     
  0.14274877055445381     
  0.15237677487509108     
  0.16508639742558395     
  0.12295299199549993     
  0.14405215482112144     
  0.16302176454969444     
  0.14843831628146290     
  0.14212171082041708     
  0.12803486061967806     
  0.13565084367593647     
  0.13392716770494084     
  0.14276122480075337     
  0.14836161451218544     
  0.14316451272482170     
  0.14230530020170246     
  0.15655970632502966     
  0.13668942258263445     
  0.14484482789222494     
  0.14298850023142096     
  0.13498396340028523     
  0.14017040440600995     
  0.13573533408113292     
  0.12767461866175583     
  0.15069238736963150     
  0.15134513168738689     
  0.13523957823304467     
  0.14146665542930595     
  0.14138120345874269     
  0.13389906300084387     
  0.12767636966495891     
  0.13628563034594038     
  0.12857841448824620     
  0.15714211359153740     
  0.12589485829654481     
  0.11591377184965719     
  0.16441062082743393     
  0.16826705641646167     
  0.15038752634418745     
  0.15322301791180309     
  0.13626023183330099     
  0.14911587716386410     
  0.10427529805672450     
  0.11051340080039061     
  0.14731640204089216     
  0.12692760623634308     
  0.15550360433333299     
  0.15613497782695399     
  0.15635508022372360     
  0.14703694147236201     
  0.13467901699748500     
  0.13582648328196767     
  0.13878166064971278     
  0.12742929989889518     
  0.11742189743608122     
  0.14028427820734102     
  0.14627212839090967     
  0.16189576768966363     
  0.14694171952824836     
  0.12978523907210376     
  0.12546619353745012     
  0.15737395503430704     
  0.14576887637316044     
  0.13470396398843640     
  0.15212153389087962     
  0.14800637195950786     
  0.14792396174195899     
  0.13316533213675880     
  0.12190436890895882     
  0.13846787213621295     
  0.13846251555693892     
  0.17082682781958106     
  0.14457598945180763     
  0.13275232528457881     
  0.13673389712407688     
  0.14934837448133464     
  0.13628245557019425     
  0.12562791598721582     
  0.13358375615410861     
  0.14347636329759889     
  0.14523279457723684     
  0.12642861980458250     
  0.13672042020752229     
  0.14934597782333556     
  0.14842740209353691     
  0.13991088881993441     
  0.16370073976667210     
  0.13610073253033433     
  0.12686935080485842     
  0.15371605074138334     
  0.14318931579164293     
  0.15787872831453617     
  0.12673582941235151     
  0.13483841957329876     
  0.13457782741474991     
  0.13132489812647757     
  0.14051688954617322     
  0.11984446676849680     
  0.12586746929396717     
  0.13200615023915149     
  0.13421052776162309     
  0.14710038372294681     
  0.13543942026488176     
  0.14420268943463957     
  0.14522377561690880     
  0.15051788170742925     
  0.15435053658840595     
  0.14411995936143687     
  0.11521572198675938     
  0.13339093219768999     
  0.15713159119099912     
  0.13129991411378830     
  0.14478204951635215     
  0.15604038556617825     
  0.17223614091826192     
  0.15714791503815689     
  0.13892503459587174     
  0.14205062054146175     
  0.12834806098772231     
  0.13797203082385245     
  0.15495679931630421     
  0.12804389770300839     
  0.13929872652665254     
  0.12752309453182598     
  0.12547804955193440     
  0.15406357516418182     
  0.14234653087505383     
  0.12456217147265111     
  0.13719708974537070     
  0.12844427811923215     
  0.15122734376945102     
  0.12342124192539705     
  0.15094601178396325     
  0.12833673032248694     
  0.14547553908867417     
  0.14157440486164891     
  0.13233329795468043     
  0.12567750091638935     
  0.13398574905541238     
  0.17353414580398743     
  0.13476266368208528     
  0.10581843119489825     
  0.14018245923310038     
  0.16524160393802206     
  0.12186924827979721     
  0.14091578757985340     
  0.15597592974587668     
  0.15342681583161086     
  0.14970129803105087     
  0.12765042508166990     
  0.14313304613943001     
  0.12689128727667914     
  0.15082551920181364     
  0.13486117868121714     
  0.16384048944690030     
  0.13075500240133847     
  0.13519886948125576     
  0.12955452048429017     
  0.15630303406606161     
  0.13199416539358591     
  0.13513530092455717     
  0.12366967042401743     
  0.12750040094406973     
  0.14224756945607384     
  0.15101364880061291     
  0.13766252088948847     
  0.13615335916973570     
  0.13845051948096332     
  0.12632503615326834     
  0.12781737404941806     
  0.12436696658111016     
  0.14647399425874094     
  0.14050945377933979     
  0.14839001477489164     
  0.13992517197221660     
  0.11975899334890627     
  0.15194934577864647     
  0.13207594878178205     
  0.12719161671782936     
  0.14656474667662162     
  0.15477188514114895     
  0.13948422346013176     
  0.13308997832319078     
  0.13530950627371660     
  0.11599110434952573     
  0.13936836417935886     
  0.15932434508625140     
  0.12825386498985814     
  0.12913267485557597     
  0.13162386588414049     
  0.13657213043550279     
  0.12143463326980118     
  0.13031652257629195     
  0.14065809259064424     
  0.13992429504686654     
  0.13305258284279498     
  0.14661247241225345     
  0.13035324300113493     
  0.14675195978313091     
  0.15318794217460222     
  0.13473448769375596     
  0.13729271985197791     
  0.12658495917082616     
  0.12767893927294183     
  0.14268083738736509     
  0.12793958982003764     
  0.14672367369473271     
  0.13042884122371071     
  0.12701048506918966     
  0.16147736073476637     
  0.13146492299841511     
  0.12517552606892135     
  0.13792445645522927     
  0.16096001820285921     
  0.14479603432343074     
  0.12040720664060325     
  0.14204751163749502     
  0.13204045594879846     
  0.13515893914547092     
  0.14452364145240912     
  0.15110953943486100     
  0.13249072010675905     
  0.14869138166160642     
  0.15548124337469393     
  0.13988682783247786     
  0.15404411142534818     
  0.15683271504669707     
  0.15183861368654122     
  0.13133155651529785     
  0.14767578242482990     
  0.13220517533948808     
  0.13114735664076041     
  0.12228427635366061     
  0.14890623172552711     
  0.13887565961093026     
  0.14682222386690066     
  0.14087953512717166     
  0.13624913675842307     
  0.13966749519375465     
  0.13398805203464112     
  0.13075459350509142     
  0.14589008218973992     
  0.12397178199023057     
  0.14934523239782388     
  0.14858527512245184     
  0.16452209296332154     
  0.13635092766891799     
  0.14919065275608898     
  0.11315706197909722     
  0.14915079993030178     
  0.14663744457308783     
  0.14249022663899358     
  0.12218959778596221     
  0.15397521895682903     
  0.13949246758776757     
  0.14483870221120076     
  0.12112580100012212     
  0.11907433518827050     
  0.15284617439932299     
  0.14553777316037006     
  0.12191133239816578     
  0.14582459268196912     
  0.14503982661139611     
  0.14571037395775988     
  0.12966680203898454     
  0.12793804392938726     
  0.13646400735403633     
  0.16855361700819826     
  0.14704361583236886     
  0.13317856551366017     
  0.13811849639266383     
  0.14261872373872961     
  0.14662494004831017     
  0.10632717914480583     
  0.14042902672555663     
  0.13239070121820676     
  0.14014535785291762     
  0.15840331362586177     
  0.14909549491242177     
  0.13828908372846110     
  0.12750250634787921     
  0.14529869201445894     
  0.15274894486510129     
  0.13974345036962518     
  0.16062252786311920     
  0.12655976847152675     
  0.14571594242599506     
  0.13319166973195901     
  0.13281060437301245     
  0.15480962668310891     
  0.13334690140723188     
  0.16259684178357589     
  0.15730819113557398     
  0.14390520424891248     
  0.10884749124991595     
  0.14455876257723443     
  0.12941652672838788     
  0.16213980989957949     
  0.15596823051902098     
  0.12901448517684247     
  0.13345355778935922     
  0.16907106644016767     
  0.16455550676672731     
  0.11551070210849820     
  0.13593954463715716     
  0.15330096949996466     
  0.14497070645220342     
  0.12871889478391454     
  0.13215410317827309     
  0.14420966232754348     
  0.14278076864710218     
  0.12653443832471237     
  0.12408636935075597     
  0.14476410782895807     
  0.14507299513717556     
  0.14861956738648477     
  0.12670616889814332     
  0.14285527920240843     
  0.14144917382109357     
  0.13525607003365422     
  0.15591881501396715     
  0.15673278341981228     
  0.14573203943658403     
  0.12541300901900440     
  0.14770418004353184     
  0.14012362692310137     
  0.13892705698944224     
  0.12701398739285200     
  0.16054337203124217     
  0.15491677661383266     
  0.15083983198886716     
  0.14323092020940387     
  0.14581193871555886     
  0.13876630518577554     
  0.13347415161452136     
  0.13413363056436922     
  0.13198378176262907     
  0.13517596830038334     
  0.13603059368516693     
  0.13722859067934620     
  0.14902234466849781     
  0.13918941579079469     
  0.12032153505652787     
  0.13055023179771544     
  0.13102240074707225     
  0.13042991157595107     
  0.12482526163305939     
  0.13032397894958248     
  0.15937104846469013     
  0.14317003539287765     
  0.13233293759562140     
  0.13355117121258375     
  0.13782326632196401     
  0.14575539862324344     
  0.15162964397910819     
  0.13584319290282046     
  0.14918387787880100     
  0.15901368985355913     
  0.16228560248826784     
  0.15061167204436807     
  0.13707328954620079     
  0.15056327552192642     
  0.12832281025177752     
  0.14365683869114174     
  0.13878154208163090     
  0.12355884124682683     
  0.13089757570977703     
  0.15141620125840241     
  0.14258769130903109     
  0.11626386047327054     
  0.14081216780595421     
  0.13857708349369838     
  0.12911900973273857     
  0.13487588991683963     
  0.15374449971537327     
  0.11349530259297745     
  0.14641606104532140     
  0.13661639610182208     
  0.14158278633255519     
  0.14523248073946965     
  0.13613304024849324     
  0.13991648143564708     
  0.14556509454252084     
  0.14050134399075032     
  0.13029887469708262     
  0.11149753622268166     
  0.15473640599083763     
  0.12168593095235281     
  0.13714466085138433     
  0.13898266901370887     
  0.13503840627271149     
  0.14751451776635174     
  0.15598606449055877     
  0.15156810001764418     
  0.13386903868276906     
  0.16152674992837357     
  0.15321647134377162     
  0.13762868228795391     
  0.12311767751881436     
  0.13523168732096763     
  0.15112010259598044     
  0.13904328988838829     
  0.12752756779251170     
  0.14717938715174639     
  0.12389092108570562     
  0.14135375855474763     
  0.14170536040476603     
  0.14368272558145465     
  0.14141127137753481     
  0.12265977329025138     
  0.13624799379991609     
  0.13489582613149553     
  0.13902591928360972     
  0.13938346375203658     
  0.13908633978478288     
  0.13190935394435366     
  0.13078280698353933     
  0.14141248170702672     
  0.14016521307506680     
  0.11666203102252448     
  0.13481893861466299     
  0.13005482666123860     
  0.13716165941802078     
  0.15541766430067441     
  0.14349378951995581     
  0.14456992868684779     
  0.14274712492675487     
  0.13354625674748272     
  0.14780120466669935     
  0.13612740608316765     
  0.13325743586730954     
  0.13388082701464840     
  0.14159824482233202     
  0.15741784832931313     
  0.14789344652029029     
  0.14599458917369249     
  0.12823439094235090     
  0.15974306534723304     
  0.14680832062332744     
  0.14790576002328004     
  0.13090263998216864     
  0.13135661345966654     
  0.14229463445205573     
  0.15358601800569227     
  0.13749949415380350     
  0.13679696998494797     
  0.13262675319816453     
  0.15401603118982626     
  0.14551313010181502     
  0.12025741585728618     
  0.14538197458738522     
  0.15248949856700750     
  0.15618383232037636     
  0.14565715356110340     
  0.13385240318337083     
  0.15152782303594234     
  0.13180583685318331     
  0.12522051515969890     
  0.13774591207309267     
  0.12524315829038804     
  0.13996919608338321     
  0.13291365266664851     
  0.12344404848793673     
  0.14171717305211234     
  0.12547993937224250     
  0.12577081955644048     
  0.13655576417043661     
  0.13300532969335438     
  0.16029840055973749     
  0.16464344460104760     
  0.12989348290224584     
  0.14183388817231721     
  0.12938371763369816     
  0.15589251223609002     
  0.12744906494596836     
  0.13134723277688184     
  0.13148360911548174     
  0.14501969740701862     
  0.14446244575817008     
  0.14017492726257363     
  0.12929871334608567     
  0.12861468804092191     
  0.14147001393967992     
  0.12569212441586086     
  0.15450965698987557     
  0.13930890256293177     
  0.12927693225170148     
  0.12507526966051113     
  0.11529723649496397     
  0.14683135890511501     
  0.12930085552681975     
  0.14296221825463959     
  0.13646113516765573     
  0.15156428968773802     
  0.13329492827250158     
  0.16923291416616154     
  0.16429101740314267     
  0.13556674870944629     
  0.14184215216576365     
  0.16206707512310908     
  0.13319752626529513     
  0.14820514950140004     
  0.13872349520025706     
  0.14430481187709226     
  0.14376686061195998     
  0.15026631475723146     
  0.13215026931003618     
  0.11740769005184129     
  0.14999676706683054     
  0.15956011434657241     
  0.13281314814126818     
  0.11771856253110992     
  0.13292349831300027     
  0.12287240219534834     
  0.12848717972009821     
  0.13346942190641106     
  0.14074896213154647     
  0.13326216409387587     
  0.15292728112657930     
  0.12531706234407436     
  0.15646053234697888     
  0.13833795783624075     
  0.15079783108141753     
  0.15587202616567836     
  0.14419339334254183     
  0.14236220150106249     
  0.13343534243044525     
  0.14931089790082713     
  0.12742890840054227     
  0.14152366959253124     
  0.12021869186299480     
  0.14300052296325241     
  0.15399701364399107     
  0.15165569145572574     
  0.14789420765283581     
  0.13076776377000759     
  0.15893870435503779     
  0.13736205590961917     
  0.11351299412133613     
  0.12565006279123936     
  0.11622823703320412     
  0.14100051817681805     
  0.14707502087395380     
  0.15273967330402707     
  0.13571670518643028     
  0.15249053080486075     
  0.15889564314426516     
  0.14659083605715259     
  0.15469435550785698     
  0.13825948465098742     
  0.15987625740290326     
  0.14733956887647395     
  0.15731308894980067     
  0.12610582462675102     
  0.14402044934715208     
  0.14746865263757070     
  0.12346959217224718     
  0.15886490642123266     
  0.12810367582914114     
  0.15599529425265837     
  0.11837001001031409     
  0.15098034260834742     
  0.13781904107397408     
  0.15196516409931102     
  0.14412483058221134     
  0.14746752190798756     
  0.15175681579396472     
  0.12875569726124628     
  0.12791797514988767     
  0.16021383979594081     
  0.13531441314562309     
  0.14805964827255289     
  0.15233813418060205     
  0.14084998902063833     
  0.16184595540690011     
  0.15891151404681958     
  0.14741508392869665     
  0.14847591167362628     
  0.14934526617811977     
  0.13608614829063845     
  0.13065055272725740     
  0.13320747488318224     
  0.16156188549942604     
  0.12490102637730974     
  0.16294348398713973     
  0.12550793594113416     
  0.13412545264377124     
  0.14988132155288217     
  0.14966816324239382     
  0.14563412294178407     
  0.13132950748754268     
