   1.0000000000000000     
 -0.13887774965216090     
  0.10427431015829841     
   6.1285102328500762E-002
   8.5436076606175596E-002
  -8.3692854597962607E-002
 -0.16315158540656552     
   9.1382654222104814E-002
 -0.24958721188244437     
  -4.9006874175562170E-003
   3.0208951094269743E-002
 -0.11347594732360643     
   6.5607746639071096E-002
  -8.2677045105407229E-002
   3.5735940538531845E-002
  -4.3730699990693345E-002
  -1.4156932210671087E-002
 -0.16562327591819084     
   4.6815013889359453E-003
   8.4065015064046497E-002
   3.2560648376724059E-002
   2.2540254833248733E-002
   5.9377276295696731E-002
   5.1711268416501407E-002
  -6.7457467614734428E-003
  -6.9078491458011676E-002
   1.2013118130613168E-002
   9.0590514234260539E-002
 -0.10815569597152577     
   4.7553155331915266E-002
   1.7666293090434607E-002
  -3.0192085994622614E-002
   6.4601568501524625E-002
   6.2355455169728617E-002
  0.17597040634001035     
 -0.16634210635160404     
   9.7251396058533057E-002
  -9.4231661937357755E-002
  -2.2846590898106461E-002
  -9.6229788817583692E-002
  -8.6570319154244346E-002
  -5.4244906535079206E-002
  -2.9111513036986614E-002
 -0.14226894626519304     
  -3.8694595471193381E-002
  -1.9042752920063410E-002
   6.1076915565405669E-002
  -3.8898874126960178E-002
  0.14614317490770612     
   4.2624628593221275E-002
   3.1629386639609985E-002
   4.2624628593221289E-002
  0.14614317490770606     
  -3.8898874126960137E-002
   6.1076915565405697E-002
  -1.9042752920063469E-002
  -3.8694595471193367E-002
 -0.14226894626519304     
  -2.9111513036986635E-002
  -5.4244906535079206E-002
  -8.6570319154244346E-002
  -9.6229788817583720E-002
  -2.2846590898106478E-002
  -9.4231661937357727E-002
   9.7251396058533085E-002
 -0.16634210635160410     
  0.17597040634001040     
   6.2355455169728666E-002
   6.4601568501524667E-002
  -3.0192085994622600E-002
   1.7666293090434632E-002
   4.7553155331915294E-002
 -0.10815569597152577     
   9.0590514234260539E-002
   1.2013118130613154E-002
  -6.9078491458011718E-002
  -6.7457467614734368E-003
   5.1711268416501407E-002
   5.9377276295696689E-002
   2.2540254833248733E-002
   3.2560648376724018E-002
   8.4065015064046497E-002
   4.6815013889359939E-003
 -0.16562327591819084     
  -1.4156932210671078E-002
  -4.3730699990693345E-002
   3.5735940538531866E-002
  -8.2677045105407271E-002
   6.5607746639071124E-002
 -0.11347594732360645     
   3.0208951094269715E-002
  -4.9006874175561632E-003
 -0.24958721188244432     
   9.1382654222104828E-002
 -0.16315158540656552     
  -8.3692854597962663E-002
   8.5436076606175596E-002
   6.1285102328500762E-002
  0.10427431015829841     
 -0.13887774965216090     
