   6.6570434020829600E-002
   4.4438216484244744E-002
   5.8486819193048767E-002
   4.6033581855045906E-002
   6.1483846696053931E-002
   5.6185578828742554E-002
   2.4704112582217837E-002
   5.7554503184620520E-002
   6.5356216175771906E-002
   4.7510408172127538E-002
   5.2910102126193320E-002
   4.3873057048694826E-002
   5.4569634937377341E-002
   5.5782503974897341E-002
   5.3502416693396095E-002
   5.7840037149946413E-002
   5.6530009053268548E-002
   3.8876531172038389E-002
   4.7354090896950626E-002
   4.8140130798849816E-002
   6.7158940722143234E-002
   5.1786460909968177E-002
   4.3580839492395121E-002
   4.9785924445480877E-002
   4.5527210997496792E-002
   6.1991172509765852E-002
   4.0604319902019820E-002
   4.5610916095528552E-002
   5.6624939838717130E-002
   4.5935064046714068E-002
   5.2616613564530193E-002
   4.8285251893185291E-002
   6.9107335813277618E-002
   5.4722395655737839E-002
   3.8027053119400217E-002
   6.2769531506549792E-002
   5.5510080359082191E-002
   5.6946257435298422E-002
   4.2358213923318226E-002
   6.2031292834392626E-002
   4.1833395553649462E-002
   5.5275804085062608E-002
   5.8195790416304634E-002
   5.0453345464405233E-002
   4.7091094539240666E-002
   4.4137921153102652E-002
   5.0709784505510197E-002
   4.9983728213272675E-002
   4.6777562271384285E-002
   3.7367255287091630E-002
   5.6213650028490589E-002
   4.6775420546160032E-002
   6.7114700952685583E-002
   6.0059018227653894E-002
   4.7705687032443302E-002
   5.2946042331237050E-002
   4.8078875189867233E-002
   5.2395933630552588E-002
   3.9589232231497053E-002
   4.5487387852223247E-002
   3.6451270650082163E-002
   4.8405252029531574E-002
   4.1794521141516536E-002
   2.6936860889292570E-002
   5.2924434655658291E-002
   3.9767379308484972E-002
   3.9537665417715077E-002
   3.1344267637447853E-002
   4.8576504389826483E-002
   3.6276157354631300E-002
   5.0284410453988987E-002
   4.1045547348989027E-002
   5.1719636936292140E-002
   5.3797958814204953E-002
   5.5842251244075644E-002
   4.4291391499361107E-002
   6.7711815238853931E-002
   5.3045096188842601E-002
   6.5819206537998082E-002
   4.7712348160357174E-002
   5.9532704700694106E-002
   4.2275650166239853E-002
   6.2213917841721325E-002
   5.7716797011723088E-002
   5.6994987409705919E-002
   5.2865269828177824E-002
   5.2322756092156912E-002
   5.7543340207629516E-002
   6.2054935349334837E-002
   5.9197744620929769E-002
   5.7541656015573171E-002
   5.9234877660036496E-002
   4.6386946376716393E-002
   5.7497496368572466E-002
   4.7583642902616109E-002
   6.5955079367091010E-002
   4.8903991643465705E-002
   5.4699859739813665E-002
   5.3961419163013169E-002
   4.6492239316533027E-002
