   1.0000000000000000     
  0.58193386696370575     
  0.41020711441081731     
  0.27977464860701445     
  0.16063066651039221     
  0.16536578261878834     
   7.8330842799038902E-002
   9.9275893637616214E-002
   2.7020219219017955E-002
  -6.4165028577152491E-002
   2.2932303003587538E-002
   4.4284902343629605E-002
  0.18679878756916629     
  0.22977381989176512     
  0.20621795586696215     
  0.26836630539930212     
  0.19792871710410970     
  0.28350293088396317     
  0.34328922905406123     
  0.20678185327788590     
  0.10715517570780654     
  -7.9250428458640859E-002
 -0.11912716940040682     
 -0.17082710200231976     
 -0.29023441531634325     
 -0.21401385198827697     
 -0.22919142097591039     
 -0.13779245477403060     
  -7.0798683319373876E-002
  -8.2377227746170290E-002
   1.7538593553272433E-002
  -9.7879871510018479E-003
   3.8930510994855953E-003
  -1.7895033990461641E-002
   4.1875411488260905E-002
  0.14365366723490447     
   2.4841145684719668E-002
  -6.3628381519194810E-002
 -0.20903227327380206     
 -0.32005597736773295     
 -0.35925736491115845     
 -0.41691349122715338     
 -0.39921153777431118     
 -0.35990847627901412     
 -0.37624088984407361     
 -0.25019070975424751     
 -0.16357641149358149     
  -5.1354846916960614E-002
 -0.10064333667341052     
  -7.0851966780474576E-002
  -1.0092832828139326E-002
  -7.0851966780474590E-002
 -0.10064333667341048     
  -5.1354846916960628E-002
 -0.16357641149358132     
 -0.25019070975424740     
 -0.37624088984407356     
 -0.35990847627901429     
 -0.39921153777431106     
 -0.41691349122715338     
 -0.35925736491115845     
 -0.32005597736773311     
 -0.20903227327380206     
  -6.3628381519194727E-002
   2.4841145684719634E-002
  0.14365366723490439     
   4.1875411488260871E-002
  -1.7895033990461599E-002
   3.8930510994855489E-003
  -9.7879871510018028E-003
   1.7538593553272433E-002
  -8.2377227746170262E-002
  -7.0798683319373876E-002
 -0.13779245477403052     
 -0.22919142097591036     
 -0.21401385198827688     
 -0.29023441531634331     
 -0.17082710200231985     
 -0.11912716940040691     
  -7.9250428458640818E-002
  0.10715517570780653     
  0.20678185327788592     
  0.34328922905406123     
  0.28350293088396317     
  0.19792871710410967     
  0.26836630539930206     
  0.20621795586696212     
  0.22977381989176518     
  0.18679878756916635     
   4.4284902343629598E-002
   2.2932303003587510E-002
  -6.4165028577152478E-002
   2.7020219219017993E-002
   9.9275893637616255E-002
   7.8330842799038930E-002
  0.16536578261878834     
  0.16063066651039221     
  0.27977464860701445     
  0.41020711441081742     
  0.58193386696370575     
