  0.56535738916840594              (1.6034231175562128,1.59277201115638131E-002)               (0.0000000000000000,0.0000000000000000)               (0.0000000000000000,0.0000000000000000)
  0.55816166913134346              (1.1978666823633033,4.31762060659632227E-002)               (0.0000000000000000,0.0000000000000000)               (0.0000000000000000,0.0000000000000000)
  0.53746650364240522             (1.3604812126143195,-3.96855639500511004E-002)               (0.0000000000000000,0.0000000000000000)               (0.0000000000000000,0.0000000000000000)
  0.55107441085715692              (1.7122665117633822,2.55352569988654167E-002)               (0.0000000000000000,0.0000000000000000)               (0.0000000000000000,0.0000000000000000)
  0.58658482844666637              (2.1695605614283435,4.29479666665404033E-002)               (0.0000000000000000,0.0000000000000000)               (0.0000000000000000,0.0000000000000000)
  0.56381453623337330             (1.3233877374536092,-3.03237457613382555E-003)               (0.0000000000000000,0.0000000000000000)               (0.0000000000000000,0.0000000000000000)
  0.51733809957167087             (0.90770916557979253,2.40978217448959602E-003)               (0.0000000000000000,0.0000000000000000)               (0.0000000000000000,0.0000000000000000)
  0.55752443585561173             (1.8779773206733477,-3.02406970096672743E-002)               (0.0000000000000000,0.0000000000000000)               (0.0000000000000000,0.0000000000000000)
  0.55665938096600009             (1.3017140221862642,-1.21058282194431970E-002)               (0.0000000000000000,0.0000000000000000)               (0.0000000000000000,0.0000000000000000)
  0.56440111725939401            (0.93049755352232977,-8.41072134220040846E-002)               (0.0000000000000000,0.0000000000000000)               (0.0000000000000000,0.0000000000000000)
  0.57536846456343516              (1.3960550067968058,1.11113728360513601E-003)               (0.0000000000000000,0.0000000000000000)               (0.0000000000000000,0.0000000000000000)
  0.55855434232098744            (0.45558727795305648,-2.69964109818518691E-002)               (0.0000000000000000,0.0000000000000000)               (0.0000000000000000,0.0000000000000000)
  0.54773618214585806             (0.81663500650650878,7.43158600669488190E-002)               (0.0000000000000000,0.0000000000000000)               (0.0000000000000000,0.0000000000000000)
  0.55591843859267254              (1.4831664886205045,1.39742993745396813E-002)               (0.0000000000000000,0.0000000000000000)               (0.0000000000000000,0.0000000000000000)
  0.56210775187479045             (0.90431958591873840,4.00016112090013365E-002)               (0.0000000000000000,0.0000000000000000)               (0.0000000000000000,0.0000000000000000)
  0.57924079283618191             (0.75459655404263071,1.44878390576618533E-002)               (0.0000000000000000,0.0000000000000000)               (0.0000000000000000,0.0000000000000000)
  0.56364016890285973             (0.62984191247122867,3.89955380295690657E-002)               (0.0000000000000000,0.0000000000000000)               (0.0000000000000000,0.0000000000000000)
  0.56888083775305553             (1.1806094664420987,-1.06320114648729841E-002)               (0.0000000000000000,0.0000000000000000)               (0.0000000000000000,0.0000000000000000)
  0.56157987195207093             (1.4033107099385986,-3.24779803414533066E-002)               (0.0000000000000000,0.0000000000000000)               (0.0000000000000000,0.0000000000000000)
  0.56745841788991913             (1.1836859691825206,-2.61198472541916762E-002)               (0.0000000000000000,0.0000000000000000)               (0.0000000000000000,0.0000000000000000)
  0.55771547012395284             (1.5330957159039447,-4.94452435449078704E-003)               (0.0000000000000000,0.0000000000000000)               (0.0000000000000000,0.0000000000000000)
  0.56396213408595586             (1.5277303509658333,-1.86464417948067791E-002)               (0.0000000000000000,0.0000000000000000)               (0.0000000000000000,0.0000000000000000)
  0.58746537838199797             (1.9546192104133182,-2.78726300101851780E-002)               (0.0000000000000000,0.0000000000000000)               (0.0000000000000000,0.0000000000000000)
  0.55533430650886140             (0.86009420768821876,1.52977573943292190E-002)               (0.0000000000000000,0.0000000000000000)               (0.0000000000000000,0.0000000000000000)
  0.55982542768460608             (1.1261039485275357,-2.09663590181904252E-002)               (0.0000000000000000,0.0000000000000000)               (0.0000000000000000,0.0000000000000000)
  0.53223016061358375            (0.84345925890528828,-2.34099178106783393E-002)               (0.0000000000000000,0.0000000000000000)               (0.0000000000000000,0.0000000000000000)
  0.54394882684374868             (0.78078670220793855,1.70080059613731266E-002)               (0.0000000000000000,0.0000000000000000)               (0.0000000000000000,0.0000000000000000)
  0.56503509210931058                 (0.61635051645195171,-0.14234094004104650)               (0.0000000000000000,0.0000000000000000)               (0.0000000000000000,0.0000000000000000)
  0.56361970097839942             (1.1731708502286702,-9.88131450803182015E-003)               (0.0000000000000000,0.0000000000000000)               (0.0000000000000000,0.0000000000000000)
  0.57682792022997986              (1.6884483613701200,3.68311306901955710E-002)               (0.0000000000000000,0.0000000000000000)               (0.0000000000000000,0.0000000000000000)
  0.57602033829605448             (0.67185513322731416,8.20970601941276197E-003)               (0.0000000000000000,0.0000000000000000)               (0.0000000000000000,0.0000000000000000)
  0.57749569661090838            (0.79425189421064513,-1.00948697934883057E-002)               (0.0000000000000000,0.0000000000000000)               (0.0000000000000000,0.0000000000000000)
  0.56685293566779260             (1.7925718996040960,-3.85652267456136691E-002)               (0.0000000000000000,0.0000000000000000)               (0.0000000000000000,0.0000000000000000)
  0.56709537238511953             (1.5865865625427356,-2.57928879297881141E-003)               (0.0000000000000000,0.0000000000000000)               (0.0000000000000000,0.0000000000000000)
  0.57021801870367217             (1.3305958256414119,-1.66819625710892469E-002)               (0.0000000000000000,0.0000000000000000)               (0.0000000000000000,0.0000000000000000)
  0.55772435565028089             (0.67856719950831845,1.01783604335458217E-002)               (0.0000000000000000,0.0000000000000000)               (0.0000000000000000,0.0000000000000000)
  0.54673839908175115             (0.96426879988646630,2.64369270077979626E-002)               (0.0000000000000000,0.0000000000000000)               (0.0000000000000000,0.0000000000000000)
  0.53760344082306988            (0.61436544661588077,-2.39340445814801711E-002)               (0.0000000000000000,0.0000000000000000)               (0.0000000000000000,0.0000000000000000)
  0.54446670751181037            (0.20368814876751665,-4.72941311132120575E-003)               (0.0000000000000000,0.0000000000000000)               (0.0000000000000000,0.0000000000000000)
  0.54296706337271983            (0.39071546745651553,-5.88243726707396511E-002)               (0.0000000000000000,0.0000000000000000)               (0.0000000000000000,0.0000000000000000)
  0.54807349932187333             (0.50375889329107992,5.53326039212261381E-003)               (0.0000000000000000,0.0000000000000000)               (0.0000000000000000,0.0000000000000000)
  0.53388367523620495             (0.16972423735871250,8.29270243399688883E-002)               (0.0000000000000000,0.0000000000000000)               (0.0000000000000000,0.0000000000000000)
  0.53745519271443354             (0.35191620387786365,4.24522781214623224E-002)               (0.0000000000000000,0.0000000000000000)               (0.0000000000000000,0.0000000000000000)
  0.53454208494217814       (9.54412093266686218E-002,-5.46704233448994867E-002)               (0.0000000000000000,0.0000000000000000)               (0.0000000000000000,0.0000000000000000)
  0.54589649322067935            (0.27278715614326726,-4.01438167472789736E-002)               (0.0000000000000000,0.0000000000000000)               (0.0000000000000000,0.0000000000000000)
  0.53441416917049811       (9.94469649290063151E-002,-1.27163406007818197E-002)               (0.0000000000000000,0.0000000000000000)               (0.0000000000000000,0.0000000000000000)
  0.54446126198123013             (0.15078795878858314,1.25755767587994501E-002)               (0.0000000000000000,0.0000000000000000)               (0.0000000000000000,0.0000000000000000)
  0.55437243370418232             (0.20152925835276742,1.58841460795461041E-002)               (0.0000000000000000,0.0000000000000000)               (0.0000000000000000,0.0000000000000000)
  0.55498680276258106       (4.73417826735879760E-002,-2.76555295213046642E-002)               (0.0000000000000000,0.0000000000000000)               (0.0000000000000000,0.0000000000000000)
  0.55332911404372342            (0.21219641582431198,-3.31723022986092075E-002)               (0.0000000000000000,0.0000000000000000)               (0.0000000000000000,0.0000000000000000)
  0.56081595086126379            (0.90105499061964356,-2.32417919960762505E-002)               (0.0000000000000000,0.0000000000000000)               (0.0000000000000000,0.0000000000000000)
  0.56460833047762571            (0.49678063235056297,-2.88541562505071521E-002)               (0.0000000000000000,0.0000000000000000)               (0.0000000000000000,0.0000000000000000)
  0.54430485211010204            (0.14605120459019513,-6.07937245701049567E-002)               (0.0000000000000000,0.0000000000000000)               (0.0000000000000000,0.0000000000000000)
  0.50195555781742240       (2.50643888578747920E-002,-3.57856196714815417E-002)               (0.0000000000000000,0.0000000000000000)               (0.0000000000000000,0.0000000000000000)
  0.54427859159537806        (6.85766722569411836E-003,8.33239007997911563E-002)               (0.0000000000000000,0.0000000000000000)               (0.0000000000000000,0.0000000000000000)
  0.52199118956149970             (0.10248832084005266,9.53863694409049986E-003)               (0.0000000000000000,0.0000000000000000)               (0.0000000000000000,0.0000000000000000)
  0.53932833477191600            (0.12814291690896545,-8.35812656358282113E-002)               (0.0000000000000000,0.0000000000000000)               (0.0000000000000000,0.0000000000000000)
  0.54497468915711966             (0.20189505750900369,5.63683066521083742E-002)               (0.0000000000000000,0.0000000000000000)               (0.0000000000000000,0.0000000000000000)
  0.55508572066716888            (0.37826528266358200,-6.72401410753084572E-002)               (0.0000000000000000,0.0000000000000000)               (0.0000000000000000,0.0000000000000000)
  0.53850943610588975             (0.12921106890221562,6.34173624097111727E-002)               (0.0000000000000000,0.0000000000000000)               (0.0000000000000000,0.0000000000000000)
  0.52829553298686749            (0.29431796076519895,-2.58007054110925491E-003)               (0.0000000000000000,0.0000000000000000)               (0.0000000000000000,0.0000000000000000)
  0.53205184619659041            (0.24948171713696995,-2.80673511652822193E-002)               (0.0000000000000000,0.0000000000000000)               (0.0000000000000000,0.0000000000000000)
  0.53677919328995671            (0.29597148649102795,-5.09493400061911406E-002)               (0.0000000000000000,0.0000000000000000)               (0.0000000000000000,0.0000000000000000)
  0.54256717474910754            (0.10360020247696031,-5.94695068902687599E-002)               (0.0000000000000000,0.0000000000000000)               (0.0000000000000000,0.0000000000000000)
  0.55627021561783874             (0.14997697765340012,2.07298477627462872E-003)               (0.0000000000000000,0.0000000000000000)               (0.0000000000000000,0.0000000000000000)
  0.56444424418143713            (0.48227061178059183,-1.15033925649441308E-002)               (0.0000000000000000,0.0000000000000000)               (0.0000000000000000,0.0000000000000000)
  0.54344354930189853                 (0.17224412426573288,-0.11509471092284083)               (0.0000000000000000,0.0000000000000000)               (0.0000000000000000,0.0000000000000000)
  0.55654430116714959       (-1.76581352853002575E-002,1.45021491747190142E-002)               (0.0000000000000000,0.0000000000000000)               (0.0000000000000000,0.0000000000000000)
  0.53274660399899332       (-4.66558042676472953E-002,1.19751680385981017E-002)               (0.0000000000000000,0.0000000000000000)               (0.0000000000000000,0.0000000000000000)
  0.55006320366723860                 (0.24698946074376010,-0.10682049280020996)               (0.0000000000000000,0.0000000000000000)               (0.0000000000000000,0.0000000000000000)
  0.54138142782957921            (0.16146195750948214,-1.41109615725305889E-002)               (0.0000000000000000,0.0000000000000000)               (0.0000000000000000,0.0000000000000000)
  0.51038016363894700            (5.24772943882921908E-002,-0.12166685101757990)               (0.0000000000000000,0.0000000000000000)               (0.0000000000000000,0.0000000000000000)
  0.53127266823111940                 (0.42422103866283883,-0.10599403091804337)               (0.0000000000000000,0.0000000000000000)               (0.0000000000000000,0.0000000000000000)
  0.52880634000578808       (4.63358497080596787E-002,-3.85678854774684776E-002)               (0.0000000000000000,0.0000000000000000)               (0.0000000000000000,0.0000000000000000)
  0.52028168953730458             (0.18040353158959649,3.99067404951291491E-002)               (0.0000000000000000,0.0000000000000000)               (0.0000000000000000,0.0000000000000000)
  0.52954288490871826             (0.30119636584605397,6.18741287113653768E-002)               (0.0000000000000000,0.0000000000000000)               (0.0000000000000000,0.0000000000000000)
  0.54057918212649636            (0.40334952516490585,-2.02115371795520624E-002)               (0.0000000000000000,0.0000000000000000)               (0.0000000000000000,0.0000000000000000)
  0.57247484260475556             (0.48981994860260947,3.55877328226554893E-002)               (0.0000000000000000,0.0000000000000000)               (0.0000000000000000,0.0000000000000000)
  0.57405287792558501             (0.25112334573355422,7.08791651050987015E-002)               (0.0000000000000000,0.0000000000000000)               (0.0000000000000000,0.0000000000000000)
  0.56914754229772802             (0.34850569903631673,1.39827979172057176E-002)               (0.0000000000000000,0.0000000000000000)               (0.0000000000000000,0.0000000000000000)
  0.57234631537558278             (0.39921506213823310,1.78488851135978864E-002)               (0.0000000000000000,0.0000000000000000)               (0.0000000000000000,0.0000000000000000)
  0.55346236265901794            (0.29492327041322874,-3.94086206226989880E-002)               (0.0000000000000000,0.0000000000000000)               (0.0000000000000000,0.0000000000000000)
  0.58882312202447284            (0.52492672500792270,-2.74699630567942221E-002)               (0.0000000000000000,0.0000000000000000)               (0.0000000000000000,0.0000000000000000)
  0.56431545987678711             (0.36865731208213331,1.06797002411991712E-003)               (0.0000000000000000,0.0000000000000000)               (0.0000000000000000,0.0000000000000000)
  0.57070346965186824             (0.65957205567229304,3.72236577477225786E-002)               (0.0000000000000000,0.0000000000000000)               (0.0000000000000000,0.0000000000000000)
  0.59365365089150390             (1.5552355614887721,-5.18403331490027430E-002)               (0.0000000000000000,0.0000000000000000)               (0.0000000000000000,0.0000000000000000)
  0.57342164497183135             (1.1185385204780576,-2.07701466611046291E-002)               (0.0000000000000000,0.0000000000000000)               (0.0000000000000000,0.0000000000000000)
  0.56656181007432682              (1.4440301354668761,6.11264904074431716E-003)               (0.0000000000000000,0.0000000000000000)               (0.0000000000000000,0.0000000000000000)
  0.53083305766209921             (1.1413593242712026,-3.77799597835405052E-002)               (0.0000000000000000,0.0000000000000000)               (0.0000000000000000,0.0000000000000000)
  0.53549946111983393                  (0.93524708621146413,0.11441008957272755)               (0.0000000000000000,0.0000000000000000)               (0.0000000000000000,0.0000000000000000)
  0.54533273123319137            (0.91282720442686194,-2.50336412335642501E-002)               (0.0000000000000000,0.0000000000000000)               (0.0000000000000000,0.0000000000000000)
  0.54572260269338446             (0.78447335070547530,3.44556754947808602E-002)               (0.0000000000000000,0.0000000000000000)               (0.0000000000000000,0.0000000000000000)
  0.57371732442276702             (0.44909320824260435,3.67537320536914236E-002)               (0.0000000000000000,0.0000000000000000)               (0.0000000000000000,0.0000000000000000)
  0.56800783396280119            (0.42299226810740476,-4.43679589625145046E-002)               (0.0000000000000000,0.0000000000000000)               (0.0000000000000000,0.0000000000000000)
  0.56443886083655936             (0.61870612113915191,2.21604023286615034E-002)               (0.0000000000000000,0.0000000000000000)               (0.0000000000000000,0.0000000000000000)
  0.57892010705128027             (0.97403784990743314,4.32164502066146317E-002)               (0.0000000000000000,0.0000000000000000)               (0.0000000000000000,0.0000000000000000)
  0.57698343497598947             (0.63294413883979228,1.97110101603364223E-002)               (0.0000000000000000,0.0000000000000000)               (0.0000000000000000,0.0000000000000000)
  0.59218398701930386             (0.45521346710587773,1.27192898685595957E-002)               (0.0000000000000000,0.0000000000000000)               (0.0000000000000000,0.0000000000000000)
  0.57980866526367958            (0.50654358725276405,-3.53360743825156046E-002)               (0.0000000000000000,0.0000000000000000)               (0.0000000000000000,0.0000000000000000)
  0.57946402200546843             (0.47563886471245115,6.72755672568853408E-002)               (0.0000000000000000,0.0000000000000000)               (0.0000000000000000,0.0000000000000000)
