  0.99899999999938438     
  0.72718939165492680     
  0.57885072787922820     
  0.51020216966371701     
  0.44824624563010901     
  0.39519608464362921     
  0.35996043157852570     
  0.33807867354938886     
  0.33455858072629685     
  0.31326395800269857     
  0.28802484001424233     
  0.24139139073400637     
  0.22428167016682551     
  0.23307253660242783     
  0.22574443125643878     
  0.20082741355863443     
  0.20445291320014980     
  0.21882121299194021     
  0.18888749007833791     
  0.18590632411579794     
  0.20253487838250470     
  0.17912107249290607     
  0.14912325753925892     
  0.15207425607286770     
  0.13671041561063804     
  0.13444034279985520     
  0.11783880330211505     
  0.10586098825166443     
  0.10071569369495208     
   8.6777778440458905E-002
   9.1640644954380401E-002
   6.2888446022754591E-002
   6.2594721407184528E-002
   7.4948331955563163E-002
   6.6669084792376307E-002
   5.2059419553109394E-002
   5.4764784868935608E-002
   4.0849801460658933E-002
   3.6195501637284640E-002
   2.0860908082392365E-002
   3.2034002306430402E-003
  -2.1083626888743934E-002
  -9.9617533803990910E-003
  -1.1982736018689375E-002
  -6.1084122854910099E-003
   1.9321125044112607E-002
   1.7086750048268897E-002
  -7.0233909254161970E-005
   3.4766479892884544E-003
   2.1967246468590572E-002
   4.9912610868216668E-002
   4.5927981253349535E-002
   5.4934117191868401E-002
   5.5401582831174800E-002
   2.7992093590866077E-002
   3.8454294174972307E-002
   2.4287381860280868E-002
  -2.4619890268474238E-002
  -1.4327946253807216E-002
   1.6905487025689434E-002
   1.6525389323869263E-002
  -2.0710695402611952E-002
   1.6352377374445693E-003
   1.0375169275552485E-002
   1.5378794543677336E-003
   9.5915882363603461E-003
   7.3265248060859706E-003
  -1.1977326594543891E-002
  -1.7562031231764887E-002
  -8.7688952916134821E-003
  -7.3795887560652047E-003
  -1.2611352670335119E-003
   2.7700566587344391E-002
   2.8025002549267502E-003
  -5.9263641015529299E-002
  -7.0636984279516549E-002
  -9.1445625812664438E-002
  -8.7479945327481101E-002
  -9.4365701349171521E-002
  -8.4011829649012451E-002
  -6.7763321115146838E-002
  -5.4977754345524786E-002
  -4.4064638556218456E-002
  -2.4009958024071451E-002
  -8.7641603930610594E-003
   1.0800015588157470E-002
   2.3022396335298052E-003
   1.6410977066903476E-002
  -1.0936896029653672E-002
  -2.1554966950602376E-002
  -3.9562038368370640E-002
  -6.6090307822160160E-002
  -9.3353588026791778E-002
 -0.10141721120199548     
 -0.10441054198522781     
  -9.6121129238905659E-002
  -8.1785212465002768E-002
  -7.8848318046659274E-002
  -8.2642965518634606E-002
  -8.6941357995412055E-002
 -0.10783569462086805     
 -0.10421472384764913     
 -0.10522465999414204     
 -0.10005410060518762     
  -7.4342906944265985E-002
  -6.3013179464327634E-002
  -7.7034054664178439E-002
  -9.1332302460017986E-002
  -8.1590983932742708E-002
  -6.7380224313206658E-002
  -8.2459322695921378E-002
  -8.0963982081892719E-002
  -9.5181027402287746E-002
 -0.11366042748156542     
 -0.10140517032468123     
  -9.5458712873232793E-002
 -0.11903415064656080     
 -0.11193206293039513     
  -8.1745143758756578E-002
 -0.10316812884703246     
 -0.12823330396978611     
 -0.12940056309976281     
 -0.11200558420469676     
  -8.2703451277303081E-002
  -7.0623151019821390E-002
  -5.4113427502354323E-002
  -6.3547626753106351E-002
  -6.2021025362074537E-002
  -7.3669738746008490E-002
 -0.10667519912719890     
 -0.13292409530407426     
 -0.10154588934007890     
  -8.4467163122012162E-002
  -7.0412792245636444E-002
  -5.8484599241244120E-002
  -2.1432585541093424E-002
  -3.1332361433646316E-002
  -3.3790293386936433E-002
  -5.0249199802723736E-002
  -5.3078119225073883E-002
  -6.6556502997934752E-002
  -4.5441559218284321E-002
  -5.4271176133293672E-002
  -4.2037988547494465E-002
  -3.1006859258608507E-002
  -3.6530874950988973E-002
  -2.6145245424622404E-002
  -1.3977349767926354E-002
  -7.5778223530955082E-003
  -1.1499056784295919E-002
  -3.2440932698951645E-002
  -3.4452933828810449E-002
  -5.6305399767207040E-002
  -5.7385429813692268E-002
  -5.4213990472657125E-002
  -5.7797391292883860E-002
  -7.0819919967639325E-002
  -7.4432074790274111E-002
  -5.8481667356785207E-002
  -6.2792838955621350E-002
  -8.2879369973886327E-002
  -9.5974469831338186E-002
 -0.10193094052762937     
 -0.11346127390749340     
  -9.1801888145134805E-002
 -0.10534659898565989     
 -0.13990124855290167     
 -0.12886857512527378     
  -8.9641982079306570E-002
  -7.9290056272304246E-002
  -9.0122394310417353E-002
  -7.0540785828848401E-002
  -9.5761956567139775E-002
  -6.3896073862593133E-002
  -5.4782557291595653E-002
  -6.7852765627395922E-002
  -7.3224197257136220E-002
  -3.6000375296134361E-002
  -3.8823845886395418E-002
  -3.1199794065797867E-002
  -2.1390053164230729E-002
  -5.7944809573816924E-003
  -2.2989307282373601E-002
  -2.5315720914182369E-002
  -2.2134982142006925E-002
  -1.1092748838383463E-002
   2.1631773568836252E-002
   3.0833641964997684E-002
   5.1037216081831087E-002
   4.3598218062608038E-002
   4.7044433661600875E-002
   6.3480782507387229E-002
   5.6062279542384415E-002
   5.7825252300373955E-002
   6.5371279907105548E-002
   4.8828550304220328E-002
   5.0419256470237088E-002
   5.9356130076145278E-002
   6.8112103300234011E-002
   6.0785278773562781E-002
   4.6703746791949122E-002
   4.6803582753291384E-002
   4.4283981948471496E-002
   5.1287180760239359E-002
   6.0909092714109346E-002
   9.6114146517198254E-002
  0.11534696359710794     
  0.13573207709001822     
  0.14063114662799783     
  0.13220921599707361     
  0.13512586059752948     
  0.12517368570523926     
  0.13135425408738033     
  0.17418951776418146     
  0.19766531586756203     
  0.20270904622493754     
  0.20014212796505429     
  0.18712448557709094     
  0.20606813653449468     
  0.18148677324794329     
  0.17177454814025309     
  0.16241525242199814     
  0.15150271467199652     
  0.13993683994491876     
  0.14925273891952587     
  0.13243652621783292     
  0.14493260534079103     
  0.13004007034543474     
  0.11537697088019962     
  0.12543924407798504     
  0.14018060952928904     
  0.15751921602268767     
  0.14633871111999155     
  0.18151762719764453     
  0.16598047470433866     
  0.17043554259923363     
  0.18450585247235082     
  0.16184431764218579     
  0.13128851043346465     
  0.12621864624155449     
  0.11619773003180922     
  0.12837056045814732     
  0.10259897335577860     
   9.7061861417065826E-002
   9.7084280912324114E-002
  0.10228965749763731     
  0.10965290985736725     
   6.8699936067281989E-002
   4.3874576070685359E-002
   3.6565931308713183E-002
   5.8444626455971774E-002
   4.8045729514763255E-002
   4.8546154312555219E-002
   4.6750306713121810E-002
   5.6998243051829538E-002
   3.2974226974313584E-002
   2.4514421607609704E-002
  -3.0199562537346801E-004
   2.7411063808412413E-002
   2.8743333805961935E-002
   3.6850156392376196E-002
   1.0750552934902203E-002
  -1.3808325592769313E-002
  -1.9307637348212441E-002
  -2.1945684391376140E-002
  -5.2614521495770727E-002
  -5.4996150380293943E-002
  -6.0506801323835430E-002
  -4.7101976554532896E-002
  -7.0680718620104874E-002
  -8.8252104660075437E-002
  -8.9739654770110047E-002
  -8.3843701501555123E-002
  -8.0209577872062121E-002
  -7.2021247890400306E-002
  -5.7256459772676613E-002
  -5.7660005715215054E-002
  -7.5219131348697871E-002
  -7.9600824844203916E-002
  -7.8035552474943412E-002
  -8.5547423874341527E-002
  -9.2686201679397243E-002
  -8.6908307592309997E-002
  -9.2610073302995061E-002
  -7.2906302486050359E-002
  -5.2279227923014059E-002
  -4.3087797361595986E-002
  -7.2207232304939098E-002
  -7.2601458902428070E-002
  -5.1599583704571531E-002
  -3.0228110264273134E-002
  -1.9830743744783413E-002
  -1.6227839602864509E-002
  -2.7325215756183905E-003
  -3.7236813987750292E-002
  -4.1950880923590471E-002
  -2.8296523231421788E-002
  -5.7630922155331228E-002
  -5.6109877596150742E-002
  -5.0983584936159294E-002
  -5.8764026649924576E-002
  -5.2180314624109769E-002
  -5.4493962649474190E-002
  -5.7030725584032410E-002
  -2.9660277205393961E-002
  -2.4610464282076607E-002
  -1.7392069385024408E-002
  -5.1614038466066305E-002
  -3.9187207108829399E-002
  -2.9171571072029470E-002
  -2.5645862034982949E-002
  -5.1985636677536737E-002
  -6.2716716766162375E-002
  -7.1379680166542003E-002
  -5.6246542363899948E-002
  -7.1296483305169994E-002
  -5.8652311838053785E-002
  -3.8031694460789134E-002
  -1.9464697767450814E-002
  -1.1104908006787529E-002
  -9.6105512246668235E-003
  -1.5134432492100542E-002
  -5.8380588862430420E-004
   1.2588820418627467E-002
   1.1955977066707165E-002
  -2.6202098549164506E-002
  -1.4570566036290658E-002
  -5.9167895138729663E-003
  -5.3202841014938405E-002
  -6.6263900341819490E-002
  -5.6527597723412530E-002
  -5.7585735226654042E-002
  -4.4423365591627274E-002
  -5.9697375712635517E-002
  -6.3098038779589374E-002
  -3.3805446068759987E-002
  -4.3873104851762136E-002
  -4.9568711731288378E-002
  -2.0927059513649607E-002
  -1.7514700286145719E-002
  -5.7831981021657427E-003
   2.4336396384128624E-002
   1.1267178921842482E-002
   1.4377878898610721E-002
   1.7979138324509668E-002
   2.0483116273729035E-002
   4.7689121782346433E-003
  -7.0479114359005860E-003
  -1.3141087042450898E-002
  -1.0776767246347732E-002
  -3.2895501746159711E-002
  -1.7048298356956239E-002
  -2.0340377688569874E-002
  -4.1421647388646787E-002
  -3.9437217718194834E-002
  -1.4287968710587113E-002
   2.2761763303563247E-003
   5.3123264139598829E-003
   1.5437039017995079E-002
   6.2904847918290971E-002
   3.6230317060908665E-002
   2.5255090109242668E-002
   3.7928301086576119E-002
   3.8552969539518249E-002
   5.5429258310774068E-002
   6.8290760303330977E-002
   4.1636680898154393E-002
   1.3585693207091746E-002
   2.7890408919014623E-002
   3.1812359407175951E-002
   1.7899096340637615E-002
   3.0967488630829322E-003
   8.8210827852963376E-003
  -1.3148895733109589E-002
  -4.1660182665946982E-002
  -6.5327217557946946E-002
  -5.1640543157352399E-002
  -4.3160696783009052E-002
  -4.3409950930844446E-002
  -4.0467282550973406E-002
  -9.1364929170672363E-002
 -0.11049461305695281     
  -9.2753122559792164E-002
 -0.10017008518290196     
  -9.4291121514133408E-002
  -7.0475087429284503E-002
  -4.4898469966198937E-002
  -2.0773582939718378E-002
   5.6538070800254423E-003
   5.8720785081544893E-002
   7.1190430581796221E-002
  0.10506742236660921     
   9.6463328073259288E-002
   9.7445668303034291E-002
  0.10316523118014732     
  0.11656224514520679     
   8.0943454407077065E-002
   8.2270600055685261E-002
   5.4075593278066943E-002
   5.5182729295197915E-002
   4.3365185195693691E-002
   4.0493600776533752E-002
   3.7248935662889449E-002
   2.3618613194809186E-002
   6.5589990377391341E-002
   5.8812119161939284E-002
   3.5866256326254613E-002
   7.4040432620571459E-002
   9.5140470971528474E-002
   9.3386395505400246E-002
   9.4986206916805621E-002
   7.5402415248379026E-002
   2.2961661338312903E-002
  -1.8193605940910722E-002
  -1.8676528192169421E-002
  -2.8941600441751779E-002
  -3.8487150317808812E-002
  -2.8984153516787309E-002
   1.1398278922509936E-002
   3.0548922445681852E-002
   2.5455038666823467E-002
   5.7763117379186109E-002
   7.4517602485892925E-002
   9.2130332295207465E-002
   8.3024341139534538E-002
   8.4998925125779459E-002
   5.1226577214800395E-002
   6.7828053704336658E-002
   9.4393019385233520E-002
   9.7240873383800858E-002
   8.3374034032244360E-002
  0.10878143146143558     
  0.11523635547367754     
   7.4933142590932963E-002
   5.7726585106481716E-002
   5.4888198720860933E-002
   5.4230387941596722E-002
   5.7497405481642720E-002
   2.3913788776844302E-002
   3.4809299318429458E-002
   4.4834782772568776E-002
   5.6710828725578484E-002
   4.7931274775056001E-002
   2.6873671822952406E-002
   6.8279730683813961E-002
   9.1595759441455121E-002
   9.3177380643728935E-002
   8.7451045078422218E-002
   8.7603307059826704E-002
  0.13532950347384490     
  0.14098799614367596     
  0.11267851701538373     
   8.1772182640570248E-002
   7.6139538754682642E-002
   8.2845465949563171E-002
   9.4655419691619960E-002
   9.6001561610263034E-002
  0.10110653635926674     
   8.0827454571769777E-002
   8.0425983377567775E-002
   5.8416726162937617E-002
   4.9896751391279005E-002
   8.8111877324417841E-003
   7.5483393618367978E-003
  -1.9758373137618454E-002
  -5.2584590357457134E-002
  -4.3634787117273539E-002
  -4.8026881123203476E-002
  -8.0078775135354788E-002
  -7.2766755625339657E-002
  -5.2028949399317098E-002
  -8.5732644889990370E-002
  -9.1783794868450466E-002
  -7.2898970374107613E-002
  -4.7209269986954572E-002
  -5.3407421855672356E-002
  -6.0957099988047644E-002
  -6.8221564566813081E-002
  -7.3265202133045632E-002
  -8.2337376540595295E-002
  -7.4579932894066239E-002
  -7.5750612216488294E-002
  -3.2008149173056222E-002
  -3.3095621591456126E-002
  -5.6785361694101373E-002
  -8.7642846817726938E-002
 -0.11190235221499668     
 -0.12209849664613362     
 -0.13961959273039246     
 -0.14615508540344915     
 -0.10986935076717953     
  -6.2899121043663062E-002
  -6.3110844131454666E-002
  -8.5332622157405710E-002
  -5.7987597176128253E-002
  -2.6971862765831540E-002
  -2.8699374590791225E-002
  -4.7322651209757129E-002
  -9.5894232846733526E-002
 -0.10108142716361521     
  -5.6005662295310753E-002
  -8.5351761795931930E-002
 -0.10344718139257411     
  -5.5833770027678906E-002
  -4.5671445101456536E-002
  -1.9544379860450406E-002
  -3.5927853199992647E-003
  -2.0755660893632937E-002
  -2.8194678887858555E-002
  -1.3540172109637115E-002
  -2.9330669944333861E-002
  -4.9318264852576836E-002
  -4.0859007850588040E-002
  -4.6387858614136121E-002
  -3.7613993702835170E-002
  -4.8080228074591932E-002
  -3.9251356575432474E-002
  -5.4022598207534127E-002
  -7.4908961796800302E-002
  -9.2136731147806766E-002
  -9.2667175475756966E-002
  -9.8214238010098681E-002
  -8.5662640070490542E-002
 -0.11064378075669527     
 -0.14080995864188084     
 -0.15418758799337115     
 -0.12702879689738986     
 -0.16434781995441652     
 -0.12650893523670870     
  -8.4417265647650230E-002
  -8.5555295910723514E-002
 -0.12782488505344680     
 -0.11058451168316406     
  -8.9899926232513971E-002
  -7.1280851764979045E-002
  -6.2266445351047514E-002
  -4.3223933797279505E-002
  -4.1192700443553422E-002
  -7.5370599508590583E-002
  -7.3112877812746446E-002
  -6.0838723592052620E-002
  -5.9679415067864797E-002
  -3.2976572916841355E-002
   2.8214773488654389E-003
   3.9324885035785179E-003
   6.1281124161920567E-002
   6.4573959497402994E-002
   2.1403552614410095E-002
   2.1664036291280228E-004
  -2.5119266139440141E-002
  -3.9846554478815209E-002
  -5.8385945274468297E-002
  -5.8317916537746685E-002
  -4.2290977685949171E-003
  -1.9462166125071541E-003
   1.6829611343970183E-002
   3.7637023930701625E-002
   3.5993423650368915E-003
  -1.8663380955692709E-002
  -3.3778447208231338E-002
  -5.7417202275763010E-002
 -0.10578652036194951     
  -9.7241339234614046E-002
 -0.11131209855648781     
 -0.12588698101429688     
 -0.13397413213582168     
 -0.12932625360141833     
 -0.12762189288584683     
 -0.11212009213420000     
 -0.10039093866347176     
 -0.11855704742525316     
 -0.18128278656407931     
 -0.13527993818224035     
 -0.13515767390878730     
 -0.14469123403533415     
 -0.13928725170748357     
 -0.11598519241775267     
  -8.8842978852019444E-002
  -5.4192275357022250E-002
  -6.5958792804700475E-002
  -7.4254852317922920E-002
  -6.2659567764129356E-002
  -3.8626609351608984E-002
  -6.8539656648669331E-002
 -0.10149599245263929     
 -0.12435007908715248     
 -0.12897903823941007     
 -0.13872719470784337     
 -0.15020042868717740     
 -0.16943508161138227     
 -0.16470251153729085     
 -0.19382131527897095     
 -0.18131594226707248     
 -0.19377288533888123     
 -0.21160533536795204     
 -0.20151566336748433     
 -0.21923970849402244     
 -0.20171697381514830     
 -0.15122582481204991     
 -0.15344576642234561     
 -0.13793549803153801     
 -0.10553357493974555     
  -9.5022669371973206E-002
 -0.10168756416163618     
 -0.11075216626641379     
  -9.3369205142060860E-002
  -8.7364442311904253E-002
  -9.2066578277384584E-002
  -9.0278433424230489E-002
  -6.1925856790679294E-002
  -4.7942838813079265E-002
  -7.1804119960926630E-002
 -0.10408083115200827     
 -0.11161502094004014     
 -0.11858000628602601     
  -7.5149778526575756E-002
 -0.12083110010394879     
 -0.11777834632184106     
  -6.4105341197679855E-002
  -8.5563877029896887E-002
  -8.6003263606321032E-002
 -0.11870515287402748     
 -0.12024409445936868     
  -9.1729311334431629E-002
  -8.3862035183865716E-002
  -5.6417962552120039E-002
  -3.8937742280298844E-002
  -2.9750469168382174E-002
  -5.0140628823811886E-003
  -3.9078804167109620E-002
  -2.1465439255931210E-002
  -3.4774161624479276E-004
   5.8368213839402831E-003
  -2.5000236787588374E-003
   1.2882529309603140E-002
   2.1203105361866693E-002
   1.0702175639839516E-002
   3.3114978071321209E-002
   7.3361773377688566E-002
   6.8331975504942466E-002
   8.1978908660285357E-002
   9.5775175998193809E-002
  0.10229908680528380     
  0.11016672386857243     
  0.11387549325254086     
  0.11052619779940781     
   7.0878363951061563E-002
   5.6971842183295457E-002
   3.1914127339645180E-004
  -2.3589692238961259E-002
  -5.4724397480003031E-002
  -5.8315930912341322E-002
  -6.7524130858352030E-002
  -3.2270923948629258E-002
   9.9880708055036793E-003
   3.1907382919745375E-002
  -1.9846182989478389E-002
  -1.6601286118612512E-002
  -3.9510115239695796E-002
  -5.3529332396551318E-002
  -5.6731235095677748E-002
  -3.6572012773474591E-002
   1.4685305652497899E-002
  0.10292590753319401     
  0.12469140554281605     
  0.11333949828894874     
   4.7006206414404270E-002
   4.8856626516727175E-002
   3.5541950821825201E-002
   2.9572534879565727E-002
   7.0957350491161961E-002
   7.6280937279018843E-002
   3.5479921715181287E-002
   1.2341755523229274E-002
   3.7823950500909245E-003
  -2.1647533042366373E-003
  -1.9929527241311872E-002
   1.6279050143806550E-002
   4.3714217428841171E-002
   6.2697811389382463E-002
  0.11154230920831157     
  0.14301715166401063     
  0.14725074820592118     
  0.18525512912187891     
  0.19682617261522461     
  0.20120880780040634     
  0.19782927793016133     
  0.20951009796329961     
  0.20572376364581368     
  0.18798805431622023     
  0.20100714286159069     
  0.19223895555293036     
  0.17219268676645838     
  0.17154005066633565     
  0.13555535851796560     
  0.10610611216408498     
   5.6828435397918126E-002
   8.9147342494743792E-002
   6.2899567736682788E-002
   2.8262136580556426E-002
   3.6158679427822318E-002
  -2.5716441861227915E-002
  -3.1927568040710147E-002
  -4.7034795709189406E-003
  -3.3522765675870134E-002
  -2.9595683309575925E-002
  -7.2018768038841663E-002
  -4.6517499964339695E-002
  -2.4434572966778048E-002
  -1.9599073449983188E-002
  -1.0043302837294037E-002
   2.0685678481301819E-003
  -2.2830520459597450E-002
   1.0537660785589277E-002
   5.0330472054435513E-002
   3.2002676100551977E-002
   3.5501197736899073E-003
  -1.8082022374519637E-002
  -7.5686934000289821E-002
 -0.10740883096031495     
 -0.11707046991481888     
  -8.8775575438846746E-002
 -0.10070618080837059     
 -0.11649807133288079     
 -0.13922219259723156     
 -0.12142886060328315     
 -0.10402601943902455     
  -6.5409691794372296E-002
  -5.1160151533783484E-002
  -4.5523226604283297E-002
  -2.8077657914428112E-002
  -1.5171689863443815E-002
  -6.5490806497784049E-002
  -6.9638853026467412E-002
  -5.8268893583647965E-002
  -3.6901292177506581E-002
   6.7544598753489749E-004
  -3.8067030542088480E-002
  -5.9816934606264652E-002
 -0.10593584306492365     
  -9.5204142046790077E-002
  -5.3636199184944118E-002
  -2.1428017041955648E-002
  -3.4558840597600574E-002
  -9.0575955122231530E-002
 -0.10133225370209986     
  -7.3036047359763628E-002
  -3.7307665148527076E-002
  -4.2496701831519212E-002
   1.2434058596042285E-003
   8.4134902069086859E-002
   9.8259339577201621E-002
   5.2993557054684989E-002
   3.5433652704748006E-002
   2.9872195131317014E-002
   2.4813519290753781E-002
  -1.0872457193817037E-002
  -2.0429584758023329E-002
  -6.4492123131589521E-003
   3.6656913185489651E-002
   3.2187211921016312E-002
   4.4754145673581033E-002
  -9.9120636206773294E-003
   1.3138329705645276E-002
  -2.2394841405231423E-002
  -5.1183600015347309E-002
  -4.4991684881636559E-002
  -4.6294033951891382E-003
  -9.4705566503141200E-003
  -6.2340505017966568E-003
  -1.7899153450551444E-002
  -8.8271081642927351E-002
 -0.13428416718729311     
 -0.16141907184189436     
 -0.13996805226315653     
 -0.10852219951026651     
 -0.13101754572929311     
 -0.15210901483413478     
 -0.14652209006530384     
 -0.16115837099431091     
 -0.12073934174464178     
  -9.3057517481589594E-002
 -0.11794454140528247     
 -0.19098032539934112     
 -0.17529613297506913     
 -0.22566895451504157     
 -0.16797807539371323     
 -0.18932787072965543     
 -0.19646234462830994     
 -0.18637677038849362     
 -0.16139206903352660     
 -0.18320907728410560     
 -0.19070369829187639     
 -0.21936290261704242     
 -0.18650577919487987     
 -0.17338283066330648     
 -0.14725192967808395     
 -0.12203166944580664     
 -0.11900241296842182     
 -0.10530524053396251     
 -0.13842599403433131     
 -0.11241448943085103     
 -0.13114887528746802     
 -0.15939774865087422     
 -0.17151627965341654     
 -0.21519706336040442     
 -0.25780647680417623     
 -0.29411430136469113     
 -0.27861797256500676     
 -0.27973764363622905     
 -0.29907094880347151     
 -0.27019344793861938     
 -0.24167644883786127     
 -0.22134860994656558     
 -0.19678487105003067     
 -0.18730266924114017     
 -0.21685272765382890     
 -0.25946370130718216     
 -0.23147953854620554     
 -0.20311912094691092     
 -0.23165189317713825     
 -0.28437612547030633     
 -0.28827090749106304     
 -0.25141978548804206     
 -0.25616466074542604     
 -0.22023661697154051     
 -0.20586692267585568     
 -0.21353557935572234     
 -0.23042071484032731     
 -0.28463875360508739     
 -0.29369487976767111     
 -0.29271252522836144     
 -0.21739098357139505     
 -0.19177397538225946     
 -0.21744177448795901     
 -0.23321298764656553     
 -0.18958871054203799     
 -0.27128879523735139     
 -0.26739264234238175     
 -0.23244430477815367     
 -0.22604804207677676     
 -0.24765108432853392     
 -0.29619531012809058     
 -0.36523030126856465     
 -0.34908262369154852     
 -0.34338518865634143     
 -0.25352913898901108     
 -0.24056507495452950     
 -0.25818933394740634     
 -0.22942961739294571     
 -0.19589354088638222     
 -0.20557801102723910     
 -0.23204464903334887     
 -0.21400937533308570     
 -0.17892746207607985     
 -0.14916931439237660     
 -0.10309251774915450     
 -0.15490229947640852     
 -0.23429284232167472     
 -0.21966158435894931     
 -0.21515783749085396     
 -0.19314208564367083     
 -0.21250442970142877     
 -0.18722892695530147     
 -0.20477335784049178     
 -0.24719763821088767     
 -0.25520096776891804     
 -0.22846878595270159     
 -0.20519967563810410     
 -0.14606930034039806     
 -0.15460451690643368     
 -0.11685678567074859     
  -4.9030769571498746E-002
   1.4693426586732830E-002
  -4.5245376812437085E-003
  -4.2135437733576663E-002
  -3.0020022352674997E-002
   4.2049072368005133E-002
   7.8070446655627457E-002
   5.3811032614471094E-002
   1.5367300132979746E-002
  -1.4942128461890802E-002
   2.6478933657645719E-002
  -1.0011915905114663E-002
   7.7972738481797027E-004
   1.6524253890566963E-002
   7.9670615460177577E-002
   4.9876821804828199E-002
   6.3859565261096596E-002
   5.9566729317923936E-002
   3.3595364195163145E-002
   8.8118669179912013E-002
   3.4295704428766206E-002
   2.1630683495558668E-002
   8.1081494747354196E-002
  0.12556658730252684     
  0.17174326520438168     
  0.13125597014002308     
  0.15594577373001847     
  0.22741622636041586     
  0.28727508407083141     
  0.26208221973384532     
  0.32384509413617435     
  0.29498940046921535     
  0.36044450052816457     
  0.39638886018108721     
  0.26234495269318997     
  0.18174511327794907     
  0.17588215162262433     
  0.13773075481044580     
  0.12624575160587542     
   8.3859242534167655E-002
   8.4130151178489543E-002
   7.5676817466029347E-002
   4.7847977322414560E-002
   2.7522719113271789E-002
  -1.6718794551913153E-002
  -2.8863764029910786E-002
  -2.1073591959145009E-002
   5.9419108257768277E-002
   1.2350495370700239E-003
   4.4568706910301098E-002
  0.10498354214924367     
  0.12182170842199146     
   6.1281441423320780E-002
  -3.3860216033743486E-002
 -0.11809165994068549     
 -0.10993095805900663     
  -4.0239077998037123E-002
  -7.0111042407654256E-003
  -1.6871837217901746E-002
   3.6195172299466186E-002
   1.9310413002148398E-002
   1.9366177716130709E-002
  -6.5916540966725863E-003
   4.8799697865906870E-002
   8.3903715450176580E-002
  0.13358650634640201     
  0.22271875675686373     
  0.25201972222607799     
  0.24569732553246837     
  0.19001664491598380     
  0.11287745554309207     
  0.15373118006209974     
  0.24175624764306994     
  0.35674869624894068     
  0.39304845179052172     
  0.40008600243189157     
  0.40800909634805377     
  0.33121846873724958     
  0.35501911771113737     
  0.29211427156510256     
  0.24373054515593731     
  0.13149640928747458     
  0.11782601244569720     
  0.11831077986399102     
   5.1286939349446961E-002
   3.6053743819106365E-002
  -9.1941811250647140E-002
 -0.19816235011264688     
 -0.17751698532595683     
 -0.13913005305191115     
 -0.17074805437333881     
 -0.13856777666165934     
 -0.20030146619522377     
 -0.17569110611184918     
  -5.8340760003794415E-002
   7.3290695233433331E-002
  0.23331872854302763     
  0.21823306115056698     
   5.7276808471720668E-002
   4.1955772328028072E-002
   9.4330900308775251E-002
  0.19040448939846796     
  0.30168635692423451     
   8.9012715778938142E-002
  0.16146113239801471     
  0.19884067701932773     
  0.27743856709287240     
  0.38019265122391432     
  0.26584446074832496     
  0.15085135724148435     
  0.29302515496960924     
  0.42221984697480003     
  0.45525421987140702     
  0.43034668747582672     
   8.8462661170400317E-002
  0.25587791727535458     
  0.26681676566100504     
  0.40986646739916777     
  0.30785860258529035     
   4.2344574355962575E-002
   5.1767361570890430E-002
   7.2466767837454052E-002
  0.10529197386333923     
  0.11321435229458576     
   4.8624142749351298E-002
  -6.3398640245398138E-002
  0.20402127806443349     
 -0.17832124326576118     
