   1.0000000000000000     
  0.57969012947489085     
  0.32742509846376366     
  0.12727182762020681     
   6.4553605597607963E-002
   4.3564041755369640E-002
  -2.3595161359062302E-003
  -2.6365352555479359E-002
  -5.0042667912238215E-002
   4.7061863714324213E-002
  0.15951252651662098     
  0.26585483968167456     
  0.24704628229586126     
  0.16340307729963172     
   4.2567372424302592E-002
  -2.8836382875650528E-002
  -8.3762316052302707E-002
  -5.9522436096761930E-002
  -4.9488243086629406E-002
  -4.1136686289344103E-002
   8.4734319848454476E-002
   3.3605370707501817E-002
  -3.1559838045396069E-002
  -4.9894134173639061E-002
  -4.0468957283342558E-002
  -5.5996156241613637E-002
 -0.18757182368484998     
 -0.22743549114275227     
 -0.26636731951347270     
 -0.18414198328601245     
  -7.3784614486499422E-002
   5.5112250467116795E-003
  -7.5659610147001443E-003
   2.4085770662323348E-002
  -2.1947562485160155E-002
  -8.2933607041182453E-002
 -0.20377346062795335     
 -0.16286804336189598     
 -0.10508061242056160     
 -0.16098136411061886     
 -0.17444238966307693     
 -0.12876509531540958     
  -4.1482964817608929E-002
   7.7663190743399640E-002
  0.13057471809104390     
  0.16959706259058605     
   4.1066052767999876E-003
 -0.19180677819001152     
 -0.19112357521124657     
 -0.14322915872425029     
  -4.6188871931015153E-002
 -0.14322915872425040     
 -0.19112357521124643     
 -0.19180677819001141     
   4.1066052767999911E-003
  0.16959706259058605     
  0.13057471809104387     
   7.7663190743399654E-002
  -4.1482964817608957E-002
 -0.12876509531540956     
 -0.17444238966307693     
 -0.16098136411061884     
 -0.10508061242056156     
 -0.16286804336189586     
 -0.20377346062795335     
  -8.2933607041182481E-002
  -2.1947562485160135E-002
   2.4085770662323380E-002
  -7.5659610147002171E-003
   5.5112250467116760E-003
  -7.3784614486499422E-002
 -0.18414198328601247     
 -0.26636731951347270     
 -0.22743549114275227     
 -0.18757182368485009     
  -5.5996156241613665E-002
  -4.0468957283342551E-002
  -4.9894134173639020E-002
  -3.1559838045396089E-002
   3.3605370707501782E-002
   8.4734319848454351E-002
  -4.1136686289344124E-002
  -4.9488243086629420E-002
  -5.9522436096761923E-002
  -8.3762316052302679E-002
  -2.8836382875650560E-002
   4.2567372424302627E-002
  0.16340307729963174     
  0.24704628229586126     
  0.26585483968167456     
  0.15951252651662104     
   4.7061863714324179E-002
  -5.0042667912238201E-002
  -2.6365352555479369E-002
  -2.3595161359062449E-003
   4.3564041755369654E-002
   6.4553605597607949E-002
  0.12727182762020678     
  0.32742509846376366     
  0.57969012947489085     
