   1.0000000000000000     
  0.50675737342298421     
  0.20254376847269184     
  0.11444317240762036     
  -7.9150250436634470E-003
 -0.11448434862605111     
 -0.23674735189953008     
 -0.27015963529908016     
 -0.21149201278430582     
 -0.30352111493192552     
 -0.29928999697589820     
 -0.28900585243843741     
 -0.14205401928660202     
   2.2500213026354424E-002
  0.15521853069345076     
  0.17286578838187169     
  0.14660206022216657     
  0.25445518945075402     
  0.22205456761636566     
   8.8568910182698815E-002
   9.2389450080220162E-002
  -1.1121052918749194E-002
   2.2814218657286882E-002
  -7.3368160017412865E-002
 -0.18714617121189564     
 -0.23230230790308751     
 -0.24523238908180850     
 -0.22034989417704035     
 -0.19970866795396586     
 -0.16647164324621755     
   7.4426681513291029E-002
  0.16114370440283365     
  0.18920619694002050     
  0.18222773347456622     
  0.18217614845635130     
  0.22114898829814880     
  0.14637576545986034     
   2.8968577348640258E-002
  -3.9817130999828490E-002
 -0.15094477748389507     
 -0.21359796910755444     
 -0.15345981281426774     
  -5.8217789549447521E-002
  -6.7084102372268903E-002
  -2.5963072025497688E-002
   3.8457040056920765E-002
  -1.1911248130562815E-002
   1.6159319864735656E-002
   1.3151506518509761E-002
   7.5420834142454291E-002
  0.20257961437639105     
   7.5420834142454304E-002
   1.3151506518509817E-002
   1.6159319864735674E-002
  -1.1911248130562751E-002
   3.8457040056920778E-002
  -2.5963072025497729E-002
  -6.7084102372268903E-002
  -5.8217789549447542E-002
 -0.15345981281426777     
 -0.21359796910755421     
 -0.15094477748389507     
  -3.9817130999828483E-002
   2.8968577348640303E-002
  0.14637576545986034     
  0.22114898829814880     
  0.18217614845635147     
  0.18222773347456622     
  0.18920619694002055     
  0.16114370440283371     
   7.4426681513291057E-002
 -0.16647164324621772     
 -0.19970866795396597     
 -0.22034989417704032     
 -0.24523238908180855     
 -0.23230230790308759     
 -0.18714617121189561     
  -7.3368160017412865E-002
   2.2814218657286889E-002
  -1.1121052918749196E-002
   9.2389450080220162E-002
   8.8568910182698801E-002
  0.22205456761636561     
  0.25445518945075413     
  0.14660206022216660     
  0.17286578838187180     
  0.15521853069345076     
   2.2500213026354417E-002
 -0.14205401928660202     
 -0.28900585243843741     
 -0.29928999697589820     
 -0.30352111493192546     
 -0.21149201278430582     
 -0.27015963529908021     
 -0.23674735189953014     
 -0.11448434862605107     
  -7.9150250436634453E-003
  0.11444317240762039     
  0.20254376847269190     
  0.50675737342298421     
