   1.0000000000000000     
  -2.7488300285090472E-002
   6.8045132334938238E-002
  -3.9398228619600274E-002
   5.8314034276517504E-002
   5.4333464902733608E-002
   3.6270216844739758E-002
   7.4761019050710364E-002
  -8.0983953725776284E-002
   9.5760829443752568E-002
   8.0873806601025514E-002
   8.3212885601747499E-002
  -7.0389675033725535E-002
  -3.4599412706808191E-002
   8.5505474639314016E-002
  -8.3967526607814341E-002
  -2.7186916807090199E-002
   4.3038868321624298E-002
  0.11997901967668696     
   2.3948082591163270E-002
  -8.1545698464738442E-002
  -3.6275014611051398E-002
 -0.20634314978498969     
   7.1485630572242398E-004
   7.3807341613715202E-002
 -0.16606297639120909     
 -0.10752158692745638     
  -3.7617824726335715E-002
  0.11604215384406411     
 -0.10868195911939202     
   2.7691379947234897E-002
  -7.7723132619776175E-002
  -3.0227728747263587E-002
 -0.24574645796175271     
  -2.8937315542433041E-002
  -6.0930511337805630E-002
  -9.7805527469071625E-003
  -2.7211331213725275E-002
   7.3978549103702745E-002
 -0.12688988779283641     
 -0.10748235316178455     
  0.10650831591601148     
   5.3345581152725648E-002
  -1.7839936791968634E-002
  -1.8937733535409503E-002
   5.4579077345767807E-002
   7.0898276816075675E-002
  0.12222755944128325     
   8.7220152010734110E-003
  -9.1084695312574945E-002
 -0.16340816079402914     
  -9.1084695312574945E-002
   8.7220152010734093E-003
  0.12222755944128318     
   7.0898276816075620E-002
   5.4579077345767793E-002
  -1.8937733535409472E-002
  -1.7839936791968648E-002
   5.3345581152725682E-002
  0.10650831591601155     
 -0.10748235316178459     
 -0.12688988779283644     
   7.3978549103702773E-002
  -2.7211331213725262E-002
  -9.7805527469072215E-003
  -6.0930511337805623E-002
  -2.8937315542432999E-002
 -0.24574645796175279     
  -3.0227728747263607E-002
  -7.7723132619776175E-002
   2.7691379947234931E-002
 -0.10868195911939206     
  0.11604215384406415     
  -3.7617824726335729E-002
 -0.10752158692745639     
 -0.16606297639120912     
   7.3807341613715161E-002
   7.1485630572242778E-004
 -0.20634314978498972     
  -3.6275014611051405E-002
  -8.1545698464738414E-002
   2.3948082591163270E-002
  0.11997901967668696     
   4.3038868321624270E-002
  -2.7186916807090185E-002
  -8.3967526607814327E-002
   8.5505474639314044E-002
  -3.4599412706808219E-002
  -7.0389675033725507E-002
   8.3212885601747458E-002
   8.0873806601025514E-002
   9.5760829443752540E-002
  -8.0983953725776200E-002
   7.4761019050710351E-002
   3.6270216844739765E-002
   5.4333464902733629E-002
   5.8314034276517504E-002
  -3.9398228619600288E-002
   6.8045132334938252E-002
  -2.7488300285090445E-002
