   6.1839039433918393E-002        (0.11509253672042516,7.91712804968603412E-002)               (0.0000000000000000,0.0000000000000000)               (0.0000000000000000,0.0000000000000000)
   3.1411579971672182E-002       (-0.14300016726104225,6.17428541427673949E-002)               (0.0000000000000000,0.0000000000000000)               (0.0000000000000000,0.0000000000000000)
   5.0056220444640587E-002 (-5.87644846045628569E-002,-3.88106195564420567E-002)               (0.0000000000000000,0.0000000000000000)               (0.0000000000000000,0.0000000000000000)
   3.3513950265350402E-002      (-4.41857514131523063E-002,-0.15594926369735532)               (0.0000000000000000,0.0000000000000000)               (0.0000000000000000,0.0000000000000000)
   5.6426365014666517E-002       (4.32694260358785845E-002,-0.22714310183212819)               (0.0000000000000000,0.0000000000000000)               (0.0000000000000000,0.0000000000000000)
   5.8238367626139778E-002        (0.10825414292791195,3.73294814420616905E-002)               (0.0000000000000000,0.0000000000000000)               (0.0000000000000000,0.0000000000000000)
   7.1335380517294961E-002  (2.88193094386161065E-002,-5.25001347352848299E-002)               (0.0000000000000000,0.0000000000000000)               (0.0000000000000000,0.0000000000000000)
   6.8424542784960365E-002 (-1.46380875179282516E-002,-9.00287900371317673E-002)               (0.0000000000000000,0.0000000000000000)               (0.0000000000000000,0.0000000000000000)
   5.4676621225095146E-002      (-0.15727646662817896,-1.46408388073483123E-004)               (0.0000000000000000,0.0000000000000000)               (0.0000000000000000,0.0000000000000000)
   6.9755323527883259E-002      (-0.10169489465286162,-6.09488046150814602E-002)               (0.0000000000000000,0.0000000000000000)               (0.0000000000000000,0.0000000000000000)
   5.0562172557215568E-002      (-0.10069382136858072,-1.14993405751168971E-002)               (0.0000000000000000,0.0000000000000000)               (0.0000000000000000,0.0000000000000000)
   5.8257461617981822E-002       (-1.28500202984577570E-002,0.11769717424025568)               (0.0000000000000000,0.0000000000000000)               (0.0000000000000000,0.0000000000000000)
   7.6479147534173508E-002 (-2.09581207272878448E-002,-5.45687418849927705E-002)               (0.0000000000000000,0.0000000000000000)               (0.0000000000000000,0.0000000000000000)
   5.0774287473674601E-002        (0.14217533707707047,3.82664012688145733E-002)               (0.0000000000000000,0.0000000000000000)               (0.0000000000000000,0.0000000000000000)
   4.9628664632561666E-002 (-5.78569618087046780E-003,-2.70582297313004365E-002)               (0.0000000000000000,0.0000000000000000)               (0.0000000000000000,0.0000000000000000)
   4.8756138995280397E-002           (-0.12270627664208890,-0.11873950136395971)               (0.0000000000000000,0.0000000000000000)               (0.0000000000000000,0.0000000000000000)
   7.2559632769698221E-002      (-8.50440124290256227E-002,-0.11010756352046416)               (0.0000000000000000,0.0000000000000000)               (0.0000000000000000,0.0000000000000000)
   7.1797780809493603E-002 (-6.03499600021387764E-002,-5.45922671275496860E-002)               (0.0000000000000000,0.0000000000000000)               (0.0000000000000000,0.0000000000000000)
   4.5798112102165660E-002  (-3.72114921761300399E-002,2.24585850154936373E-002)               (0.0000000000000000,0.0000000000000000)               (0.0000000000000000,0.0000000000000000)
   6.8506674289106478E-002  (-9.91034954265509853E-003,7.98375692959515104E-002)               (0.0000000000000000,0.0000000000000000)               (0.0000000000000000,0.0000000000000000)
   4.3439379208347055E-002      (-9.46325645305774177E-002,-0.11445112241118900)               (0.0000000000000000,0.0000000000000000)               (0.0000000000000000,0.0000000000000000)
   6.4819952247922197E-002      (-6.46319410945780382E-002,-0.12493358278232447)               (0.0000000000000000,0.0000000000000000)               (0.0000000000000000,0.0000000000000000)
   5.2396233724552259E-002  (5.28285190832005272E-002,-2.01341125976375636E-002)               (0.0000000000000000,0.0000000000000000)               (0.0000000000000000,0.0000000000000000)
   6.6353343888253882E-002   (8.21734132301597982E-003,1.06026647117217834E-002)               (0.0000000000000000,0.0000000000000000)               (0.0000000000000000,0.0000000000000000)
   4.7660296601291029E-002        (6.54589872749840040E-002,0.10469441717017458)               (0.0000000000000000,0.0000000000000000)               (0.0000000000000000,0.0000000000000000)
   6.0006497318002172E-002   (9.05289437494202903E-002,3.35064175026240016E-002)               (0.0000000000000000,0.0000000000000000)               (0.0000000000000000,0.0000000000000000)
   7.3253297101632295E-002  (-5.68565384267736215E-002,6.79734416672392316E-002)               (0.0000000000000000,0.0000000000000000)               (0.0000000000000000,0.0000000000000000)
   4.4406155266807613E-002   (4.18140287074370981E-002,4.13414752916970330E-004)               (0.0000000000000000,0.0000000000000000)               (0.0000000000000000,0.0000000000000000)
   7.5352411340741471E-002      (-0.13791649256090202,-9.34553029045361305E-002)               (0.0000000000000000,0.0000000000000000)               (0.0000000000000000,0.0000000000000000)
   4.2032653360692285E-002   (6.36802822612526631E-002,8.02039162394811850E-002)               (0.0000000000000000,0.0000000000000000)               (0.0000000000000000,0.0000000000000000)
   7.8549042766965033E-002 (-3.51984180686118753E-002,-2.39662970618812823E-002)               (0.0000000000000000,0.0000000000000000)               (0.0000000000000000,0.0000000000000000)
   6.0823693355495791E-002       (4.51914245311145837E-002,-0.10543305511054089)               (0.0000000000000000,0.0000000000000000)               (0.0000000000000000,0.0000000000000000)
   6.2066910844029918E-002 (-4.22916940763068752E-002,-9.42972183013269941E-004)               (0.0000000000000000,0.0000000000000000)               (0.0000000000000000,0.0000000000000000)
   5.5032990006425614E-002      (-3.29451110729369959E-002,-0.19347138951521720)               (0.0000000000000000,0.0000000000000000)               (0.0000000000000000,0.0000000000000000)
   6.5853703584353107E-002  (-1.58502811333073590E-002,4.94148075901301095E-002)               (0.0000000000000000,0.0000000000000000)               (0.0000000000000000,0.0000000000000000)
   6.8023849390912869E-002      (-0.12460177439699688,-2.06031301610940590E-002)               (0.0000000000000000,0.0000000000000000)               (0.0000000000000000,0.0000000000000000)
   6.1846870807731213E-002   (5.84934434275999893E-002,6.59369852645705079E-002)               (0.0000000000000000,0.0000000000000000)               (0.0000000000000000,0.0000000000000000)
   7.0224305046019592E-002  (-5.99000820554964064E-002,7.97501095879375316E-002)               (0.0000000000000000,0.0000000000000000)               (0.0000000000000000,0.0000000000000000)
   3.5207786055310671E-002      (-1.96976493506500656E-002,-0.12012021344610772)               (0.0000000000000000,0.0000000000000000)               (0.0000000000000000,0.0000000000000000)
   5.5304491705526142E-002           (-0.14898099737372905,-0.12824767218712171)               (0.0000000000000000,0.0000000000000000)               (0.0000000000000000,0.0000000000000000)
   5.4025319330692587E-002 (-7.14307670251703320E-003,-2.68781496139003850E-003)               (0.0000000000000000,0.0000000000000000)               (0.0000000000000000,0.0000000000000000)
   5.4061967043014053E-002  (-5.63392897021481875E-002,3.40612068248519820E-002)               (0.0000000000000000,0.0000000000000000)               (0.0000000000000000,0.0000000000000000)
   6.1150475731377628E-002        (3.83568719450806287E-005,0.12133417623388257)               (0.0000000000000000,0.0000000000000000)               (0.0000000000000000,0.0000000000000000)
   5.6354802042932035E-002      (-9.11478912924432311E-002,-0.12415205876078056)               (0.0000000000000000,0.0000000000000000)               (0.0000000000000000,0.0000000000000000)
   4.2986025139632775E-002   (4.75785885197602051E-002,8.87725413141061681E-002)               (0.0000000000000000,0.0000000000000000)               (0.0000000000000000,0.0000000000000000)
   4.3730033983469432E-002  (3.89969299104595893E-002,-1.42064328247521032E-002)               (0.0000000000000000,0.0000000000000000)               (0.0000000000000000,0.0000000000000000)
   4.2298566450686734E-002   (4.72877701870302522E-003,5.84120250014760201E-002)               (0.0000000000000000,0.0000000000000000)               (0.0000000000000000,0.0000000000000000)
   6.1667515064394059E-002   (1.22686986751057697E-002,5.78270987304498468E-002)               (0.0000000000000000,0.0000000000000000)               (0.0000000000000000,0.0000000000000000)
   5.1770113245186725E-002 (-3.51051966668540910E-002,-5.43326810631055562E-002)               (0.0000000000000000,0.0000000000000000)               (0.0000000000000000,0.0000000000000000)
   4.5740174097998548E-002      (-6.44966232200663570E-002,-0.10563188332240039)               (0.0000000000000000,0.0000000000000000)               (0.0000000000000000,0.0000000000000000)
   6.1061452141586189E-002           (-0.17380602949689936,-0.10900617496634812)               (0.0000000000000000,0.0000000000000000)               (0.0000000000000000,0.0000000000000000)
   5.8702973825486060E-002      (-1.12846117666224530E-002,-0.10363296233664847)               (0.0000000000000000,0.0000000000000000)               (0.0000000000000000,0.0000000000000000)
   6.3314209816786329E-002  (-5.19668147538936316E-003,2.14103631176135040E-002)               (0.0000000000000000,0.0000000000000000)               (0.0000000000000000,0.0000000000000000)
   5.4651665209454511E-002 (-4.58342670169150437E-002,-2.57079340519788188E-002)               (0.0000000000000000,0.0000000000000000)               (0.0000000000000000,0.0000000000000000)
   5.7693595406304560E-002      (-0.10528650541979845,-1.50689402533891819E-003)               (0.0000000000000000,0.0000000000000000)               (0.0000000000000000,0.0000000000000000)
   5.3782436450720374E-002   (7.72903605993115334E-002,3.67472534898123301E-002)               (0.0000000000000000,0.0000000000000000)               (0.0000000000000000,0.0000000000000000)
   3.0779397192449546E-002  (9.38107286029634252E-002,-5.85367075576759682E-002)               (0.0000000000000000,0.0000000000000000)               (0.0000000000000000,0.0000000000000000)
   4.8096614451393641E-002        (8.99454867522207248E-003,0.10288707255131949)               (0.0000000000000000,0.0000000000000000)               (0.0000000000000000,0.0000000000000000)
   6.2276509043710980E-002       (0.14797446722678825,-5.80815945427683861E-003)               (0.0000000000000000,0.0000000000000000)               (0.0000000000000000,0.0000000000000000)
   3.8151965263087791E-002  (-7.26822259622812196E-003,4.84214918157874694E-002)               (0.0000000000000000,0.0000000000000000)               (0.0000000000000000,0.0000000000000000)
   5.9627196378302862E-002  (9.66966735723558679E-002,-3.62175057798736974E-002)               (0.0000000000000000,0.0000000000000000)               (0.0000000000000000,0.0000000000000000)
   5.0780537971398199E-002            (-0.12952035324873884,0.13750915944925657)               (0.0000000000000000,0.0000000000000000)               (0.0000000000000000,0.0000000000000000)
   5.1175082096878939E-002       (0.22483682420556889,-5.33181757842362963E-002)               (0.0000000000000000,0.0000000000000000)               (0.0000000000000000,0.0000000000000000)
   5.0429441050046458E-002            (-0.10684444637716048,0.23166618351652737)               (0.0000000000000000,0.0000000000000000)               (0.0000000000000000,0.0000000000000000)
   4.9837487419103377E-002           (-0.21072097959310107,-0.19260830206711130)               (0.0000000000000000,0.0000000000000000)               (0.0000000000000000,0.0000000000000000)
   4.9783658757894117E-002       (-4.05410398520256732E-002,0.13140156655771013)               (0.0000000000000000,0.0000000000000000)               (0.0000000000000000,0.0000000000000000)
   7.0662760908213704E-002        (4.92457763652201855E-003,0.10635977441399576)               (0.0000000000000000,0.0000000000000000)               (0.0000000000000000,0.0000000000000000)
   3.9307782785630040E-002  (-5.97963416715901475E-002,1.10913243169272896E-002)               (0.0000000000000000,0.0000000000000000)               (0.0000000000000000,0.0000000000000000)
   5.5606234193372614E-002   (6.06431179123016056E-002,5.22751032226595677E-002)               (0.0000000000000000,0.0000000000000000)               (0.0000000000000000,0.0000000000000000)
   6.3513899955698352E-002  (-3.23935451576706519E-003,3.60353052648315492E-002)               (0.0000000000000000,0.0000000000000000)               (0.0000000000000000,0.0000000000000000)
   5.7708281145678504E-002  (7.63459708607938659E-002,-3.89121796150758634E-002)               (0.0000000000000000,0.0000000000000000)               (0.0000000000000000,0.0000000000000000)
   5.4041085452598260E-002        (0.14534325965207948,1.74885878843801454E-002)               (0.0000000000000000,0.0000000000000000)               (0.0000000000000000,0.0000000000000000)
   5.0693378748639412E-002  (8.31628715734886448E-002,-2.13935923129650284E-002)               (0.0000000000000000,0.0000000000000000)               (0.0000000000000000,0.0000000000000000)
   3.0380661674760747E-002  (-5.57203805528700066E-002,5.90165915039392378E-002)               (0.0000000000000000,0.0000000000000000)               (0.0000000000000000,0.0000000000000000)
   6.3477182084674677E-002  (4.81844594066573317E-002,-3.82962349866400042E-002)               (0.0000000000000000,0.0000000000000000)               (0.0000000000000000,0.0000000000000000)
   8.1543673759470386E-002 (-3.49343234337786204E-002,-1.58049632164015859E-002)               (0.0000000000000000,0.0000000000000000)               (0.0000000000000000,0.0000000000000000)
   6.4359930908446356E-002       (-4.51995758718933827E-002,0.11573763721704058)               (0.0000000000000000,0.0000000000000000)               (0.0000000000000000,0.0000000000000000)
   3.8114173506099032E-002   (1.54310120895914428E-002,5.14841798159869982E-002)               (0.0000000000000000,0.0000000000000000)               (0.0000000000000000,0.0000000000000000)
   6.9877634280477829E-002       (1.31081933783123248E-002,-0.10585457060950770)               (0.0000000000000000,0.0000000000000000)               (0.0000000000000000,0.0000000000000000)
   7.5539924981409906E-002       (-5.90680416146864215E-003,0.16374020611979698)               (0.0000000000000000,0.0000000000000000)               (0.0000000000000000,0.0000000000000000)
   5.9239671906346984E-002   (4.92908025168085975E-002,4.27453449006226591E-003)               (0.0000000000000000,0.0000000000000000)               (0.0000000000000000,0.0000000000000000)
   7.4459756392511997E-002  (8.51139899324552217E-003,-1.16589053843508175E-002)               (0.0000000000000000,0.0000000000000000)               (0.0000000000000000,0.0000000000000000)
   7.1102394278954428E-002  (-3.72682331434245132E-002,5.76820101516342526E-002)               (0.0000000000000000,0.0000000000000000)               (0.0000000000000000,0.0000000000000000)
   5.1366654718773962E-002       (0.15125020954432908,-8.10629936383113793E-003)               (0.0000000000000000,0.0000000000000000)               (0.0000000000000000,0.0000000000000000)
   6.1062729052021945E-002           (-0.12488934843979391,-0.12047030825683497)               (0.0000000000000000,0.0000000000000000)               (0.0000000000000000,0.0000000000000000)
   5.5876865575689993E-002   (4.37849146903855277E-002,1.81470046577015161E-002)               (0.0000000000000000,0.0000000000000000)               (0.0000000000000000,0.0000000000000000)
   5.3723327982053197E-002             (0.10175817032165772,0.12731692068668085)               (0.0000000000000000,0.0000000000000000)               (0.0000000000000000,0.0000000000000000)
   5.3672156404246732E-002  (-7.58264434083330413E-002,4.37866252892497240E-002)               (0.0000000000000000,0.0000000000000000)               (0.0000000000000000,0.0000000000000000)
   6.8972733289258972E-002  (3.93909832496629683E-002,-9.58058290003892671E-002)               (0.0000000000000000,0.0000000000000000)               (0.0000000000000000,0.0000000000000000)
   8.5369724856988183E-002  (4.52728045787616652E-003,-3.51934356835160861E-002)               (0.0000000000000000,0.0000000000000000)               (0.0000000000000000,0.0000000000000000)
   6.4048733189498261E-002   (1.16168933220844716E-002,1.09101013767370515E-002)               (0.0000000000000000,0.0000000000000000)               (0.0000000000000000,0.0000000000000000)
   4.5263596795180799E-002      (-0.14628282803312800,-5.96199799414766571E-002)               (0.0000000000000000,0.0000000000000000)               (0.0000000000000000,0.0000000000000000)
   5.9819385874582111E-002       (-0.14525028975050008,6.13377364310255663E-002)               (0.0000000000000000,0.0000000000000000)               (0.0000000000000000,0.0000000000000000)
   5.3111665575981369E-002   (9.81593483427676688E-002,5.96793504548560061E-002)               (0.0000000000000000,0.0000000000000000)               (0.0000000000000000,0.0000000000000000)
   6.9275911945860927E-002        (0.19945921359001342,9.76695985721823257E-002)               (0.0000000000000000,0.0000000000000000)               (0.0000000000000000,0.0000000000000000)
   5.9048799414050522E-002  (-1.72020905207562430E-003,8.79577741056223050E-002)               (0.0000000000000000,0.0000000000000000)               (0.0000000000000000,0.0000000000000000)
   6.2849929155534057E-002  (-3.01937008230848940E-003,8.27813047901175963E-002)               (0.0000000000000000,0.0000000000000000)               (0.0000000000000000,0.0000000000000000)
   5.5097536501299955E-002   (9.57419639416857982E-002,7.22263867442483609E-002)               (0.0000000000000000,0.0000000000000000)               (0.0000000000000000,0.0000000000000000)
   7.2535093560334774E-002       (-1.70631107330996082E-002,0.11769545942725550)               (0.0000000000000000,0.0000000000000000)               (0.0000000000000000,0.0000000000000000)
   5.3830663903364780E-002      (-1.65623098846116035E-002,-0.10559911811082269)               (0.0000000000000000,0.0000000000000000)               (0.0000000000000000,0.0000000000000000)
