  0.99900000000097311     
  0.11285992389774954     
   2.0520878253770428E-002
   1.4310713429066958E-002
   3.6566241301642750E-003
   4.6451713373935367E-003
  -3.8431739277383518E-002
  -6.9040293079795289E-003
  -1.1125227394465361E-002
   8.9797575423917701E-003
   3.5453815588893885E-002
   6.7300500644433743E-004
  -6.0106848037043047E-002
  -1.7348160018665806E-002
   3.3393293601098654E-002
  -5.1195239600141974E-002
   1.6501964501203906E-002
   1.4020097359869948E-004
   3.6062509885773773E-002
   1.5308456561471879E-002
   3.4008963711644406E-002
   5.9389513726397086E-003
   4.9563555469716261E-002
  -1.8678562366740138E-002
  -4.8934130827552054E-002
   1.1134492856492182E-002
  -4.3594952882732747E-002
  -3.2157771638685273E-002
  -1.6670968129713054E-002
   2.6694786290540492E-003
  -2.0183261558584378E-002
  -3.2212652431648399E-002
  -3.5587187902718156E-002
  -9.7605107635179739E-002
  -2.1615303269591501E-002
  -6.7561259256921059E-006
  -2.4276378713276044E-002
   6.1768693195034582E-003
   1.9783229908528637E-002
   3.6205304205277664E-002
   5.0845752397780733E-002
  -2.0458036130431012E-002
  -6.8793971098075608E-004
  -7.1016463495097867E-002
  -2.4539649550472251E-002
   3.8297418197477152E-002
   2.9704583507228636E-003
  -2.0157859655578605E-002
   1.6461460718491985E-002
   2.2606474553050059E-002
  -6.1270525745385444E-003
  -5.0471505703482855E-002
  -1.0754074625717969E-002
   3.4927239141166631E-003
  -8.8918630326391496E-005
   3.9507420397676810E-002
   4.9488812359703711E-002
   3.3575309617899410E-002
  -3.9159658971519587E-002
  -2.4034394060363910E-003
  -4.6163871585474699E-003
   8.2468990574982946E-003
   2.0285214612032861E-002
  -3.6492324727420818E-002
   1.2327406102862490E-002
   3.0514692078714128E-002
  -5.8200565031300416E-002
  -1.9827865642863308E-002
  -5.6065157351908736E-002
  -3.1661210443873149E-002
  -2.3565868598816098E-002
  -2.1060001987224044E-002
  -7.1780668558790492E-002
  -3.1441578944325775E-002
   6.8056909524440406E-004
   3.9135564779164966E-002
   1.2174818989707957E-002
   3.7131670038804743E-002
   3.6510408812179936E-002
   3.3877372270120047E-002
  -3.7519453542354904E-003
  -2.9925693153328999E-002
   1.7053378176187697E-002
  -1.6894310868454238E-002
   4.7333972242251682E-003
   2.5942622629776809E-002
   6.0630190614396194E-002
   3.0696459213934549E-002
  -6.9625773465936611E-002
  -8.5204178205155690E-002
  -3.3561820541632592E-002
  -4.5810367549741875E-003
   1.1901712633326990E-003
  -3.7767513815390286E-002
   3.3915508985315444E-003
   2.3826979703487416E-002
   2.2574361942667275E-002
  -3.3260517332870374E-004
   2.8884844656198488E-002
   4.8714994497845332E-002
   1.4028161064952707E-002
   9.0765749001938487E-003
   3.5972043942580453E-002
   3.8957786849950084E-002
   5.6505308235350174E-002
   4.8377825955944725E-002
   7.1387197616422145E-003
   5.6413611909442940E-002
   1.0199953600463819E-002
  -1.7463537212997707E-003
  -2.7016451324537404E-002
  -3.7690940406333903E-002
  -6.9911771205287132E-002
  -7.6167834730662696E-003
  -1.1789101627160312E-003
   3.9129753450426082E-003
   4.6192357239832164E-003
   4.1566331928629061E-002
  -5.8488728342719135E-003
   5.2469423793231823E-003
   3.7346187153802543E-002
   8.4473290138132786E-003
   1.8474607632849929E-002
   4.5904788928105515E-003
  -2.4773521851052499E-002
  -4.3229476807526569E-002
  -2.1746869411784376E-002
   6.9873302729021267E-005
  -7.1511279180566135E-003
  -3.4642229885459848E-002
  -3.6620588778495050E-003
   2.8352924796078522E-003
  -9.2084468637072519E-003
  -3.5745259528355604E-002
  -8.1923838413126490E-003
   3.5044269379919293E-002
  -1.6510971385564890E-003
  -5.6578557215787133E-002
  -1.8141537357628523E-002
   6.4097438713492286E-002
   7.8810912790634926E-003
   5.1776649713399014E-002
  -9.7016300555622498E-004
   5.7294102027724749E-003
   1.3585014608695212E-002
  -3.4033300993192774E-002
   1.1198936328036002E-002
  -7.7693471181641853E-003
   2.7544532988272256E-003
  -1.4639098246044589E-002
  -2.5337126566677772E-002
   8.6806929546358377E-003
  -2.7841096860512816E-003
  -1.5211126662135185E-002
  -2.9395124618414717E-002
   2.8676893393455416E-002
  -1.1071132828984104E-002
  -1.5698790816761306E-003
  -8.6015141238695345E-002
  -1.3015655806035675E-002
   1.6469987590028420E-002
   4.6619888282190242E-002
   5.3135633709969932E-002
  -6.4161271545106020E-003
  -3.1303817137157423E-004
   2.7097167234831496E-002
  -1.6194710129342209E-003
  -5.1413347359501906E-002
  -3.8979243663765303E-002
  -4.2458718206201077E-002
  -2.1628615550720386E-002
  -1.6147178988231876E-002
   1.5995824176203995E-002
   6.3564159002893394E-003
  -8.0174496340809795E-002
   1.7654159529017763E-002
   4.2725085959167859E-003
  -5.9569807187337794E-002
  -3.6844049528080416E-002
  -1.6945365209577450E-002
  -1.3980370267364598E-002
  -1.9622064561847698E-002
   5.6565994761047969E-002
  -2.2852282408430839E-002
   4.6271421598818918E-002
  -2.9741853162982392E-003
  -1.0583251452441125E-002
  -5.1600816272049453E-002
  -1.3110691047982031E-002
  -4.8740714313263520E-003
  -2.0619411797499831E-002
   3.3974149965684208E-002
   4.4475708011284233E-002
   5.6277550819868044E-002
   2.2356393237898342E-002
   6.2439197458098233E-003
  -2.1862751927238366E-002
  -1.9852721250263172E-002
  -3.7677371832320797E-002
  -1.1968006417533936E-002
   1.0542011101501282E-003
  -4.6293849713540522E-003
   5.6964566116172677E-002
  -1.0134581155927587E-002
  -2.2839972942044845E-002
   1.5113360296437992E-002
   1.5152025137997642E-002
  -4.1811484224740056E-002
  -5.8364662086230513E-002
  -6.0202663939506011E-002
  -2.5321348073955877E-002
  -5.6509480849351685E-003
   1.4607139729795784E-003
   1.5943757256247949E-002
   1.6924775988186321E-002
   1.4483803858194530E-003
   2.9352624165096663E-003
  -7.2188746850333968E-002
  -1.2044426322998625E-002
  -1.4868045573336585E-002
   1.1392496782618862E-002
   6.8854152099306912E-002
   5.1861731196341583E-002
  -3.0744129047540425E-002
  -7.3234329110153087E-003
  -2.7139931698181674E-003
   2.9324392821265394E-002
   2.3390108674146648E-002
  -2.8693676956772045E-002
  -2.9070025991444030E-002
   3.7575964734589178E-002
  -6.1334762061499987E-002
  -6.5726210883381778E-002
   1.4995394879493557E-003
   1.4913087294422432E-003
  -1.2827863557614156E-002
   3.4277433723426671E-003
   6.5948511088461823E-002
   4.2824353935497293E-002
   3.9376751513375052E-002
   5.2475593839346017E-002
   5.7824334783806303E-002
  -5.0662752254859063E-003
   1.4963269437266882E-003
  -1.7763531146594791E-002
  -5.0307413555664086E-002
   3.1246324668357448E-002
   2.5717379263797243E-002
   4.5700935129923230E-002
   1.5653620023691223E-002
  -4.4346382140659319E-003
  -3.6569527835975030E-002
  -1.8016343520542397E-004
  -7.1198257316890431E-002
  -4.4603712200388966E-002
  -2.3122130768190301E-002
   1.7501551095527972E-002
  -5.7497579664017306E-003
   3.8861101241315338E-002
   3.2402385701401269E-002
  -4.2602848271137139E-002
  -3.5507535097906530E-002
   2.8530787465445750E-002
  -1.8259122471793571E-003
  -3.5584594328786273E-002
   5.3591226630732790E-004
   7.0855445623262949E-003
   3.9174244353022337E-002
  -3.2415490855772599E-003
  -1.3160867205377434E-002
   2.1930298234637172E-002
   7.9445676885820903E-003
  -2.0927455198333934E-002
  -1.1127837886883787E-002
   1.6796623471047739E-002
   7.1775230848060756E-002
   4.5495125268414184E-002
   3.6123418987843076E-002
   2.7613533462274929E-002
  -9.5102989635084331E-003
  -6.4414827089341086E-003
   2.5545427583949957E-002
  -1.9109213789095747E-002
   3.6499183054239125E-002
  -6.0052984069489813E-002
  -5.6794112156050056E-002
  -1.1929135242886222E-002
  -1.1657683071046212E-003
  -2.1465858158387786E-002
   5.4385407383185654E-002
   3.8951950452778050E-002
   4.9158346133322046E-002
   2.8359215855248698E-002
  -2.8091082492565908E-002
   1.7150444394310710E-002
  -9.3380502691815109E-003
   3.5138087580296337E-002
   5.5323065395740292E-002
  -5.4301252672494998E-002
  -3.5163860767446611E-002
   1.4186869977629054E-002
  -3.7084498739098033E-002
   3.8640590096138982E-003
  -6.8612270159928532E-002
  -6.2228625045890232E-002
  -4.8416332699247255E-003
  -9.3625357717343885E-002
  -2.0744664046054198E-002
  -6.8689208772772722E-002
  -5.0771650065611074E-002
  -7.1393111201158529E-002
  -3.4995930578312205E-002
  -1.7154127445566013E-002
  -2.8371666693594845E-002
  -1.4329476087663275E-002
  -1.6290018120554042E-002
   5.8627698157842599E-002
  -9.8956765087185473E-003
  -7.3657873019320516E-002
  -1.2817108290708050E-003
  -1.1348725726313181E-003
  -2.2158348814166388E-002
  -1.1938603745354531E-002
   7.2003904497660906E-002
  -2.1025963570194952E-002
  -2.9114519254798618E-002
  -3.6535591833920043E-002
   1.1252356044128180E-002
  -6.5060367623897428E-002
  -2.3708193713324367E-002
   1.4539821919960486E-002
   4.4611904595955022E-002
   3.0549090190143600E-002
   1.9306543035385468E-002
   3.5797312933213983E-002
  -3.2094246133498969E-002
   4.4727073635448381E-002
   1.6709463273450832E-002
  -2.7353598607408131E-002
  -5.5151998759475560E-003
   2.8329863052801958E-002
   5.2750220697920375E-002
   1.4521443499395674E-002
   2.1085626875031405E-002
   2.3447388191806411E-002
   2.5514213591494177E-002
  -4.4500435276791910E-003
  -7.1694859626881789E-003
   1.3909617285388109E-003
  -8.9890084674379162E-003
   1.4415210959573505E-002
   1.7692586005687454E-002
   2.3511985815507671E-002
   2.3136995246942061E-002
  0.11867214045618514     
   9.3669782785981509E-002
   2.3191251622352450E-002
  -2.3066183680483361E-002
  -4.4927039309503793E-002
  -4.3872175723047989E-002
  -8.4075544145930312E-002
   5.9944174972423415E-002
   9.2038927439171858E-002
  -7.0780798325868699E-002
  -8.6453372701645229E-002
  -2.6497412225424358E-002
  -7.5649607685061210E-002
  -4.1452599050103851E-002
   6.1266377885364313E-003
   1.5101349541545401E-002
  -5.6702145677158464E-002
  -6.3431683502008021E-003
   4.1698620670939136E-002
   3.1019115725108574E-002
  -6.3975501361931649E-004
   2.9460478863636858E-002
   9.1050242905623857E-002
   2.0825154598171410E-002
   2.1306568643461619E-002
  -4.0671185406708478E-002
  -2.6275966897884379E-002
  -9.8676052237778641E-003
  -3.6813909101427876E-003
  -2.4249610882582259E-002
   6.2771581283905628E-002
  -5.7106555178133962E-002
  -6.1549785311788341E-002
   5.0387383947028803E-002
  -3.5691844239900156E-002
  -2.9619937330823159E-002
  -1.6120586051980287E-002
  -9.1314279958034251E-003
  -2.0080033040174868E-002
   3.6948320810246182E-002
   5.2022195446430414E-002
  -2.7091445326750684E-002
   4.2999038519112145E-002
   4.1006352519443408E-002
   3.3881875789746926E-002
  -2.9607301898597487E-002
   2.1965079070780939E-002
   5.7216470214781850E-002
  -3.7495861095307751E-003
   3.9509497765262084E-003
  -2.7199099435306198E-002
  -5.3465975532201851E-002
  -2.3487932744814593E-003
  -5.4438894735992102E-002
  -7.2049843104067174E-002
   7.6001063720325182E-002
   4.3273431985726106E-002
   3.8203231079068312E-002
  -1.5927996975529251E-002
  -2.5016147702451065E-002
  -5.0074919725041050E-002
  -1.2758515334401806E-002
  -1.3785488528064429E-002
  -6.6170210193700393E-003
   5.7819216300826464E-003
   3.5658872378394504E-002
  -7.5630507785141313E-002
  -3.9301046895289293E-002
   1.8861575904880797E-002
  -3.9136426255490060E-003
  -2.3403969141796550E-002
  -1.7351668217943449E-002
  -3.4611176742547552E-002
   1.4364731342031574E-002
   2.0290472630895860E-002
   4.4454565868308491E-003
   4.4636910345335908E-002
   2.4256855207580381E-002
   5.0973399092385296E-002
   1.4390622290565319E-002
  -4.1502911139236619E-002
  -2.1127648416672633E-002
   3.0467256889560940E-002
  -4.3946166061434443E-002
   5.7838949044024202E-002
  -7.3081215403276835E-003
   6.3262418371107396E-002
   2.1948378537302290E-002
  -6.0119801127517539E-002
  -3.6980701674689205E-002
 -0.10719888539957095     
  -2.3748890040313494E-002
   3.7612057222117995E-002
   2.9694706795898034E-003
   4.1545941002551587E-002
   6.4846654396213538E-003
   3.7362975338729181E-003
   7.1626930017777854E-002
   1.0673876257211499E-002
   1.5668917780641486E-002
   2.8990700351928030E-002
   2.3619202678526727E-002
  -1.4829393662927750E-004
   5.1160154617777197E-002
   6.0497606916526711E-002
   2.0838642796087183E-002
  -5.7261044157466703E-002
  -2.9960603699466876E-002
   7.8190598409739603E-002
  -8.4134324989088252E-002
   1.9152697982561688E-002
  -7.3947170436076907E-003
  -5.9970180553386127E-002
  -2.4190466276323851E-003
  -4.7515151109764633E-002
  -4.4566321637988279E-002
   6.1317011173175732E-004
   7.8953437814168928E-002
   2.5334733552207837E-002
 -0.11508557547939754     
  -7.2095620242774563E-002
   4.4370726148671748E-002
   4.2378389586151262E-002
  -3.5558520640548742E-002
  -3.8046826737412323E-003
  -3.1453665598174224E-002
   4.2871304234259049E-002
   1.4431046064176924E-002
   1.4723035376792325E-002
  -5.9215303620531401E-002
  -1.0383318553020501E-003
   8.3210784750738120E-002
   7.6586942408733441E-002
   5.0086892666117251E-004
  -8.5846126288921488E-004
   4.4657816418196244E-002
  -9.8833862813601070E-002
  -4.1937737063428834E-002
   6.7140850836047020E-003
   3.0588929017363545E-002
  -2.1776196551431207E-002
  0.10014204583993520     
   9.4316352835745285E-002
   2.1369075255112727E-002
  -2.6037420104810347E-002
  -9.7625801544288349E-002
  -8.4852422691551396E-002
  -3.9818859771627281E-002
  -7.5371000632763177E-004
   3.7581240096514569E-002
  -1.3744505840864460E-002
  -1.8780566907820945E-002
  -3.8325884814487281E-002
  -1.8471256684750102E-002
  -3.1480675803700647E-002
   4.5096165328134081E-003
   2.7337737239513799E-002
  -1.1036658272103061E-003
  -8.4867568516167752E-002
   5.4567091514777871E-002
   3.9407604429947375E-002
   8.9167662905159650E-002
  0.10115210888789315     
   2.9289440582069559E-002
   2.2227035507055095E-002
  -7.9131782575756482E-002
   9.0914881156824133E-003
  -2.0820184354221297E-002
  -4.5505749831206803E-002
   2.7569203613122893E-002
   3.0430311624675185E-002
  -1.8137119380439971E-002
   1.7712038753952657E-002
   2.9377634206258267E-002
  -2.6883370774762130E-002
  -4.4154352761882495E-002
  -1.1388796382638573E-002
   2.6003939119851344E-002
   8.4967644130067368E-002
   5.7764173990460500E-002
   6.4488967187071908E-002
   5.2790262570750861E-002
   2.9663898068603204E-005
   5.4783330389465736E-002
   2.9049137960381659E-002
  -6.8217148424343482E-002
  -3.2307412395876034E-002
   1.0728344412112994E-002
  -4.7391010038157787E-002
  -2.9936774143550324E-002
   1.9867404258118868E-002
   9.5674187766085148E-003
  -5.0387628988218101E-002
  -7.2998100194649085E-002
  -1.0423377610870931E-002
   8.3988323278525387E-003
  -7.2928408923044183E-002
 -0.10135817448790514     
  -3.3887111122173998E-002
   7.6466105012311977E-002
   5.5152597882154831E-003
   4.3924102226708733E-003
   3.1683143054241331E-002
   2.6317843028284649E-002
   2.5288776765409374E-002
  -4.9646899617671499E-002
  -2.2467068268052660E-002
  -3.7831510861299454E-003
   6.2186814737195041E-002
   1.7036806584238617E-002
  -4.2898180065257538E-003
  -6.5821475987297234E-002
   9.2004670711730324E-002
  -2.9158000711550350E-002
  -1.7801165149973885E-002
   1.8661379873350394E-002
   1.6564264355126677E-002
   3.0417734428667232E-002
  -1.8876930097833779E-002
  -2.4708774348755760E-002
   3.1966307033572026E-002
   3.0923637417391969E-003
  -7.1457750109292228E-002
  -7.6413055004402597E-003
   9.6611531930488586E-003
  -1.0058534046056347E-002
   1.9620851060900103E-002
  -7.7379957651149064E-002
   3.0415585195945664E-002
  -7.0402193960916251E-002
  -2.6651661626180649E-002
 -0.10072368049883462     
 -0.15160160734792388     
  -4.1614993189323046E-002
  -3.5209095474081874E-003
   3.1256265833537626E-002
  -6.0270806865178529E-002
   7.9401036206200506E-003
   4.5207101547401977E-002
   9.4988655372045903E-003
   8.9652611350405934E-002
  -4.2634749885088492E-003
  -1.8181989134839815E-002
  -1.3367492406871644E-002
  -2.6557920850980182E-003
  -5.8609869727863632E-002
  -8.2421700964188660E-002
  -3.7640756793047722E-002
   4.8879612448380697E-002
   5.1265222200904369E-002
 -0.10538687445631560     
  -8.8185651997141332E-002
  -5.1486061953578313E-002
  -9.5542340777241733E-002
   1.3163170432430307E-002
  -3.9700894770169727E-002
  0.12363864848666625     
   8.2362569421690901E-002
   5.5232947204726761E-002
   2.1679311311925735E-002
   7.1874953241522974E-002
   2.2362083995009156E-002
   2.1313667455495754E-002
   5.1458941804169954E-002
   3.9157200290186302E-002
   5.8213418900048622E-002
   1.5124896011841209E-002
   5.0741070454703885E-002
  -6.3739337953091266E-002
   5.0678299952287134E-002
   6.0255106989616627E-002
  -1.7253393534058716E-002
  -6.2908377252983471E-003
   1.3586520550289820E-002
  -2.8018313077467320E-002
  -7.8587251734661231E-002
   3.7973552828208003E-002
   8.2956777190706169E-002
   6.9753078424809323E-002
   6.6597036765306816E-002
  -1.1792051449298702E-002
  -2.7525736616330506E-002
   4.7450562897271287E-002
  0.13660700902913908     
  -2.6165141676912067E-003
   5.9736026171954025E-002
   4.1024439014999914E-002
  -4.4641118991231798E-002
   2.2349585942507993E-002
   4.6953639794201439E-002
  -4.7888082911595811E-002
 -0.14271305749740160     
  -7.7828112336471328E-002
  -9.4784181274636448E-002
   4.0572392898597820E-002
  -2.7129905150854068E-002
   1.4617157195905164E-002
   3.8932359047570871E-002
   3.5592941009078428E-002
   5.8219733354382087E-003
  -2.2447129761949763E-003
  -8.9579868255881406E-002
   1.8081254166407476E-002
  -9.9150077396297290E-003
   1.7860702737287595E-002
   1.3192688618603421E-002
  -2.4246005449132024E-002
  -5.6778230407097730E-002
  -4.9579799739171586E-002
  -7.1006275760145871E-002
  -1.6934395010825977E-002
  -9.7669267112330815E-002
  -4.9632325894547524E-002
  -6.2137580908130626E-003
   8.8131372672853227E-003
   2.3730623806767263E-002
   5.1310448350566140E-002
   7.0301975125052346E-002
   1.2929717331682029E-002
  0.11906591106073322     
   5.5548169436588565E-002
  -1.7839803982010505E-002
  -4.6436335837122889E-003
  0.11392856016874313     
   4.7257548316016931E-002
  -3.6664230340982151E-002
  -5.1513594424135800E-003
  -1.8412880948873330E-002
  -7.4313859794867765E-002
  -9.2943694199339011E-002
  -4.7761989547611128E-002
   7.8641105306010480E-003
   3.8097988602818621E-002
   3.1954793128967170E-003
  0.13110102396055917     
   2.9356638450230343E-002
  -3.6244688305770080E-002
   1.6660667604223506E-003
  0.14094528896957009     
   8.1815049964186717E-002
 -0.11810732999229323     
  -2.4939643797427396E-002
  -1.4846065783350678E-002
   3.2102743756260439E-002
   5.1176768239071073E-002
  -9.8506626749216546E-003
  -7.4781017211961801E-002
  -2.5859498652892898E-002
  -1.8495832691272057E-002
 -0.12021357426536818     
 -0.12992606412952259     
   1.0740216512083471E-002
   1.1721192744693184E-002
  -2.8588348667310869E-002
   9.9796357464383770E-002
   7.2518380270454028E-002
   5.5097229138196792E-002
   7.2460767132310810E-002
  -5.3943353126582883E-002
   5.3556851570318330E-002
  -5.1175828989343350E-002
   5.3425519567218735E-002
   5.6631125659231306E-002
   4.4718424247751500E-002
   5.3068552603479702E-002
   1.4952741630787985E-002
  -5.4824380445806738E-002
  -7.5631625150147277E-002
  -1.9398134063239647E-002
   3.5940956722163783E-002
  -5.7538835646076406E-003
  -4.5517240820093591E-002
  -9.8064435662426862E-003
   4.5409046831392921E-002
   8.6143751796745952E-002
   8.3821067134282917E-002
   9.7328067741883059E-002
  -8.4253498703120683E-002
  -4.6275488397617233E-003
   7.8196566651785149E-002
   3.0495173816965357E-002
   1.8329185539835142E-003
   1.0876419253750524E-002
   3.3207799478787887E-002
   3.7644158362780643E-002
  -8.0228571726063638E-002
  -5.2364946013636740E-002
  -4.9418299098849074E-002
  -3.4129280817849987E-002
   6.2143622652390908E-002
   5.7249912590308814E-003
   8.5935753478129165E-002
   1.6295440429029214E-003
   1.8109387499362639E-002
  -7.2818719018226730E-002
  -7.1330799170764361E-002
  -1.0884274364674386E-002
 -0.13331770798729695     
  -2.2878541350773380E-003
   5.5168966385288155E-002
   6.2003830171901080E-002
  0.14177396659320834     
  -5.5091538217821060E-003
   1.1395552772463687E-002
   1.8934339129134729E-002
   2.3833453021121494E-002
   4.1099746877315914E-002
  -9.9170259493803287E-002
  -4.3818535726157286E-002
   2.2140135577498644E-002
  -2.2394203165973663E-002
  -5.1162175774699802E-002
  -6.1606269110196135E-002
   4.6947347387785159E-002
  -4.5388333302631770E-002
  -6.3713231770810994E-002
  -4.7134437126884424E-003
  0.10657403372651296     
  0.12197592059939862     
   4.7846377329224124E-003
   4.2840479254372885E-002
   4.9983342934527900E-003
  -3.7382561528748262E-002
  -1.8924899404411312E-002
   4.0154855923996619E-002
  -6.1453069946183631E-002
  -3.1583868627248378E-003
  -2.3967493718843085E-002
   1.7106114211486164E-002
   3.7121057499422946E-002
   6.5706149461620580E-002
   8.0729638140730253E-002
  -4.2560837699078667E-002
   3.8632043723759307E-002
  -2.7401074308403980E-002
  -3.4168974576427702E-002
  -3.0230553006757803E-002
   3.3682760047038907E-002
   7.4662207877281422E-002
   3.0571457684586852E-002
  -4.2296594963375053E-002
  -3.9409917145716622E-002
  -7.5126768832376262E-002
   4.9505930263268043E-002
  -9.9756786431968170E-002
   3.1319934485560606E-002
   4.3127653585016038E-002
   2.5692893624884995E-003
   6.6910291424140469E-002
  0.12718176606573647     
   4.6519996750487770E-002
  -1.6430112723598001E-002
  -9.7347511526036754E-002
   7.6938852916088582E-002
  -7.4547690636379274E-003
   3.3528911166084613E-002
  -5.3983695631990632E-002
 -0.12122677949377152     
  0.13791956467307961     
  -1.5154573065169326E-002
  -5.9451200726350142E-002
  -9.3701916785954263E-003
   1.7723973229236308E-002
  -7.8885676725961043E-002
  -6.2660336966748525E-002
  -3.8169610741063453E-002
  -2.6726932634249821E-004
  -9.9934995462267223E-002
 -0.10417981645542629     
 -0.11796358354950540     
  -3.9635109883608514E-002
  -3.0644065627318584E-002
  -5.5080969254954787E-002
  -4.4874180831116182E-002
  -7.4496029875468411E-002
 -0.10987468332042849     
  -4.2587269339942335E-002
  -7.0225202195117534E-002
  0.11662099529208789     
  -6.0117641784164851E-002
   2.0269394522703179E-002
  -5.1235841807765609E-002
   9.2818519706735752E-003
  0.10961742171192032     
  -1.1503796545059860E-002
   7.0400893316227104E-003
  -3.5200615988101869E-002
   2.8675824423919617E-002
   3.2951820736980893E-002
 -0.13580554231983744     
  -4.6344828873567823E-003
 -0.11384541099270216     
 -0.17516575611430990     
  -7.4944694334798164E-003
  -7.1744511171134034E-002
   6.2437992695320597E-002
   5.5131592011062651E-002
   6.3802219381587861E-003
   5.4890815892041311E-002
  -2.0675275669114923E-002
   7.2220926186427462E-002
   3.0949701064087809E-003
   1.7172147571291600E-002
   8.5595192435003312E-002
   6.0474416672332561E-002
  -3.0625232682556187E-002
  -1.5967307785379171E-002
  -2.6858791941058127E-002
  -2.6182480100975052E-002
  -4.5556844706180162E-002
  -2.6291198451809687E-003
   5.6404877725790184E-002
  -3.2995143231802117E-002
 -0.15872221316706173     
   8.1178366147507522E-002
   5.5940114175078333E-002
  -3.2087497482329363E-002
  -6.8386487846905037E-003
  -3.9053469028851082E-002
  0.12917795422322947     
   1.9055097125519317E-002
   4.9166443001927913E-002
  -2.3199523018874103E-002
   9.0746967765263781E-002
   1.1461519132371478E-002
   6.9505487311237249E-002
  -4.2284240009866081E-002
  -8.2534291487863717E-002
   7.1215922190563483E-002
   3.4434593077660072E-002
  -5.2058399684482178E-002
   4.9830297993841741E-002
   2.3781517721941248E-002
  0.16105902415734405     
  -3.9538983011115886E-002
  0.25918891871315775     
  -8.0363422147371008E-002
   8.4469082854416969E-002
   5.9022889753775155E-002
   5.2081148532028623E-002
  0.14378113000864193     
  -6.0345362076595639E-002
   5.0613251101530081E-002
  -4.6364780708663900E-002
  -1.0768824278520732E-002
  0.15909390599087553     
   4.7362286413855453E-002
 -0.30102846469643663     
   1.6352482797049123E-002
  -3.9396587729218634E-002
  0.20831160156711739     
  -4.3766687161997143E-002
   4.6619143895829003E-002
  0.20766827765795987     
   4.5305511265663422E-002
  -7.8092880855717153E-002
  0.25268986385536274     
   7.9042751284146229E-002
  0.10544150684802185     
 -0.16241663632043088     
  0.13591275335304268     
 -0.17469073955538866     
   1.0646098470927732E-002
 -0.12027560265657040     
   7.7530852799037139E-002
  -4.8058615229409338E-002
  -9.9573778124657744E-002
   1.2037998269845711E-002
  -5.2546213593507737E-002
 -0.10438437143172573     
  -7.4638335353289162E-002
  -8.0763053625194078E-002
 -0.13903805249727449     
  -6.7545707053720434E-003
 -0.10213681079704577     
  -8.1047677969712281E-002
  -8.3329719553822762E-002
  -5.1879016968060493E-002
  0.23334074369688890     
   6.2921489301148270E-002
  0.12439316136629487     
   2.7787978160068057E-002
  -6.5979693484416804E-002
 -0.23549832154520906     
 -0.10563090819870551     
  0.15031392622274037     
 -0.16476913362746573     
  -2.7152463167786814E-002
  -7.9147868319775244E-002
 -0.10357454345966348     
   9.8285706582801197E-002
 -0.29574589736393897     
   5.3981911777071255E-002
 -0.17121358828697034     
   4.2168877416256974E-002
  0.13266110900052297     
  0.15286924103297908     
  0.23524748451605315     
  0.16460056372276366     
  -5.3724634881471285E-002
  -9.8359282105127357E-002
 -0.23142282403761255     
   7.1986130129536433E-002
 -0.20321229550735195     
   3.9078022396566180E-002
   4.4989986866563268E-002
  -4.3864844602781429E-002
 -0.14565512046004425     
 -0.22621621344912915     
   1.4061465369796753E-002
  0.33951531322809464     
   2.6908802521446576E-002
  0.26765472564282666     
  0.18318094774078075     
  0.17190223647909783     
  0.11556335476458550     
  -8.9055588189364931E-002
  0.18118634159629673     
 -0.17362540307269128     
  0.24162123454205697     
  -5.3198506857754624E-002
  0.19040108726153279     
 -0.32813752245137984     
 -0.28970650917691121     
   2.6033882199161650E-002
   1.9468070275837666E-002
  0.21276818764282387     
   9.5920432748723375E-002
 -0.19578989736888663     
 -0.14334127992444470     
 -0.64057092917115077     
  0.13647066778119657     
  0.13968203708670726     
  0.45675578011904361     
  0.22004527224403250     
  0.12943952708068562     
 -0.19393569379764450     
 -0.50908409633583185     
 -0.24603282440883378     
   2.1708007901889048E-003
  0.76881770126327531     
  0.51747926652931597     
  0.42017161994401525     
 -0.55692614603623114     
 -0.91924255334694660     
  -1.6277118681014526     
