   1.0000000000000000     
  0.39071903177738782     
  0.27146210332639381     
  0.19768670220343601     
  0.16573174748587233     
  0.12806357758250189     
  0.10575416415415166     
   8.6630434166659734E-002
   9.7494070021501386E-002
   7.3567498248907764E-002
  0.10591508209260848     
   7.0918257426974218E-002
   5.3467058277904343E-002
   2.9249878030845930E-002
   3.5958968413091534E-002
   2.1845516376299917E-002
  -1.6053027614783079E-004
  -5.6950488134474044E-002
  -2.7768201927698605E-002
  -3.7337369420920044E-002
  -4.9583743327644793E-002
  -3.5736246696208847E-002
  -6.0753527035855986E-002
  -4.9273367441335793E-002
  -6.6871094772731579E-002
  -6.3667698240996426E-002
  -4.5603946955091054E-002
  -9.0817268573151838E-002
  -4.6907504023765416E-002
  -6.9308465176010262E-002
  -3.9763638980699990E-002
   1.6460790545387707E-002
  -1.1516770532308439E-002
  -3.3622730400592021E-002
  -4.7045600328773515E-002
  -2.3738177924444957E-003
   7.1751623971794357E-003
  -1.4126542745493386E-002
  -1.8740059077114190E-002
   1.0493192346732250E-003
  -8.1325047171297484E-003
  -3.7164673638265075E-002
  -9.9366118665234729E-004
  -1.9640353010256699E-003
   9.1313955803278054E-003
   7.7318791846777354E-002
   7.3591820292292193E-002
   4.7561631008495267E-002
   4.7353732268712645E-002
   2.1537343783323941E-002
  -1.2589507595597158E-002
  -1.7700134150520092E-002
  -3.5572802517282225E-002
  -2.1663740589817175E-002
  -1.8064177343907917E-002
  -2.1569991611050880E-002
   1.7238158272346548E-002
   9.9680745619384926E-003
   4.1092715145409971E-002
   3.4503747262383269E-002
   2.4905502883621161E-004
   1.5257965644054768E-002
  -2.8177376132354593E-002
  -7.3967624561914270E-003
   6.0662041071311750E-003
  -6.5949874985126705E-003
  -2.9983660439640025E-002
  -1.8568354817699414E-002
  -1.2751380956807117E-003
   2.1567750596490142E-002
   3.9987461473828751E-003
  -1.9807735411548889E-002
  -2.1852374273159038E-002
  -2.2832387454275807E-003
  -4.0316027734050427E-003
  -1.3596970452435346E-002
   2.2404956258896821E-002
   3.1771469947632809E-002
   2.1087004516904744E-002
   3.6373496317004907E-002
   2.4181343341975508E-002
   1.9265987292682543E-002
  -5.8675061288752051E-002
  -7.2429506871700813E-002
  -8.2141918641106967E-002
 -0.12032003230041916     
 -0.12315665983321533     
 -0.10557957142307134     
 -0.11885098783848208     
 -0.12901077337047159     
  -9.1024190799698687E-002
  -9.9283404693294497E-002
  -7.3544485069731255E-002
  -9.1693162932232800E-002
  -5.5144020237719610E-002
  -7.3603482049878391E-002
  -9.3563938496204355E-002
  -6.1524754153511690E-002
 -0.13664491919187802     
  -8.7516239956874783E-002
  -9.4265626143488712E-002
  -5.9705640602955544E-002
  -4.6571248857345766E-002
  -2.8757481176728744E-002
  -6.3331471553640503E-004
   1.5187286036978763E-002
   1.1535004626336273E-002
   2.5412022126134581E-002
   1.6260010216023989E-002
   9.4358817595116898E-003
   1.5893495800128048E-002
  -1.5580794028769137E-003
   2.9379881359564340E-002
   1.3124515330106452E-002
   3.7343700448621467E-002
   4.8891920720968686E-002
   1.5952851455127367E-002
   1.4922100540577232E-003
   6.5666854965809596E-003
   1.8077991429827439E-002
   2.9938113646393150E-002
   3.1269878066715752E-002
   4.9397470596820731E-002
   1.2202940593696426E-002
  -1.3876063353309065E-002
   5.4276449868961199E-002
   4.5893087167973114E-002
  -2.8560741406517625E-003
  -1.5646061267923270E-002
  -4.0884431343416489E-002
  -1.7859602456519182E-002
  -2.0971621492662691E-002
  -1.2019729630032372E-002
   2.5107592551395920E-002
  -2.4644814115324740E-002
  -1.6604809327196466E-002
  -2.5661948031237187E-002
  -3.1000663566501406E-002
  -3.3343014339105997E-002
  -5.3475398421006836E-003
   2.8158430840688137E-003
   1.0463297498900381E-002
  -3.1139784284030043E-002
  -2.1926051406854295E-002
  -2.4480630912471810E-002
  -3.5106777657628874E-002
  -5.8069960209568609E-002
  -1.4979377412483954E-002
  -2.0606933711576500E-002
   6.2228672485496687E-003
   3.2567975902384784E-003
   6.0955856726874168E-003
   5.9050734622752565E-003
   1.6660683006918170E-002
  -1.2099110909450475E-002
  -1.9119073982822216E-002
  -2.0535029412525590E-002
  -1.7151509081370711E-002
  -5.6128495699926367E-002
  -3.9225776631336869E-002
  -1.7410556966921464E-002
  -1.9231523128777388E-002
  -1.0838238143267221E-002
  -2.5335381092200199E-002
   1.0954323007322478E-002
  -2.6413856207940074E-002
  -2.7124261343646577E-002
  -2.7106390741935427E-002
  -2.6044706004044023E-002
  -7.0476494514269900E-003
   3.4169356663112768E-003
   2.2235993938309793E-002
   1.0088541679467612E-002
  -1.2546254741820360E-002
  -1.0114992965608804E-002
  -3.5743431493286702E-002
  -1.4478967145712399E-002
   8.2166978391046350E-003
   4.7146347552971118E-002
   2.8272686454479903E-002
   2.5564405060588082E-002
   4.8353898256298510E-002
   6.5315501278674429E-002
   6.8679071133511960E-002
   5.5545896347038437E-002
   5.9719792602353813E-002
   7.0374270545131887E-002
   3.1694368587673528E-002
   1.1116904460014782E-002
   5.7769381893441808E-002
   4.9450442225362670E-002
   1.1242387256142440E-002
   8.9686283281196780E-002
   5.7297863078227845E-002
   2.4189130223680039E-002
   3.0486979982388196E-002
   3.0936764208983083E-002
   3.1446935970498885E-002
   3.5068397056234935E-002
  -8.0075003266698308E-003
   5.0919536310279019E-002
   4.9415958018068785E-002
   9.6430231908438718E-002
  -6.8248813232139362E-003
  -2.6452099294725657E-002
  -4.0878962337517047E-002
  -9.3578420075210455E-004
   8.3274468933364782E-003
   1.9991982300814892E-002
  -9.4838758028816458E-003
  -1.6841461924514505E-002
   4.5100180571022866E-003
  -4.2691365853591831E-002
  -3.2259114604620963E-002
  -3.0254261561934774E-002
  -5.3283938103543746E-002
  -2.8191469959230622E-002
  -3.5345456513112133E-002
  -3.0725711591528957E-002
  -3.6060189136103406E-002
  -1.0147610619835516E-002
  -1.0015475714866606E-002
  -2.1184606889475991E-002
  -1.2553944719158629E-003
  -4.6620610133334711E-002
  -2.1311117176244360E-002
  -2.3595543999728092E-002
  -3.1014254837780659E-002
  -2.1286750200178457E-002
  -1.4203186341698188E-002
  -7.8905730837555196E-003
   8.4506821090049068E-003
   4.6503067153874283E-002
   8.8651792552976224E-003
   1.1569869765950234E-002
   4.5034039585342529E-002
   2.5116811206988318E-002
   9.5090367092659403E-002
   7.0012316475272340E-002
   5.6661386170589349E-002
   5.2801567571765184E-002
   4.7517173995877147E-002
   5.9987890338441693E-002
   6.2218994627914463E-002
   5.4613855799262860E-002
   9.1551227083128697E-002
  0.10976160715195102     
  0.13579997912255834     
   7.5985498115168637E-002
   6.6241910653639630E-002
   9.7299475605491514E-002
   7.4652049661883879E-002
   4.9987005499044841E-002
   6.9142985846001842E-002
   4.3447216743248258E-002
   1.2444743688141451E-002
   9.1817233646754627E-003
   1.5540922922192809E-002
   1.4881824687970361E-002
  -1.1064618533629484E-003
  -4.0237374786900745E-002
   2.4100395146929212E-005
  -1.2567363578918404E-002
  -2.7124152552151885E-003
  -6.4774861816092946E-002
  -2.9284936621958232E-002
  -3.1842032904818636E-002
  -4.2385608399081787E-002
  -2.6069425297979551E-002
  -1.9916426088226236E-002
  -2.2506127900733985E-002
  -1.3829281712087616E-003
  -1.3623957717516070E-002
  -1.0201548179920991E-002
  -2.0158585729378394E-002
   2.2012273207061080E-003
  -3.7420860170900253E-002
  -3.5752304620458440E-002
  -5.2840627740589188E-002
  -4.7242839372903224E-002
  -5.5626114388490439E-002
  -5.6806875976851641E-002
  -4.6663863804262296E-002
  -4.7759003717741395E-002
  -1.2209955756860348E-002
  -6.1419621501460138E-002
  -1.1019564516800513E-002
  -5.6369170389056790E-002
  -5.4059678822151361E-002
  -2.9210606517247582E-002
  -5.4194868108549746E-002
  -9.0709844241434343E-002
  -8.2534311194389628E-002
  -2.7891909840610522E-002
  -3.3348262269162966E-002
  -4.5953895501515817E-002
  -4.2319509688898437E-002
  -5.9237861712649380E-002
  -3.9049061590896959E-002
  -5.7255403577476847E-002
  -4.8425956812085239E-002
  -4.3482537036236973E-002
  -6.9504863549957108E-002
  -2.3540363363165617E-002
  -3.3540899670596758E-002
  -5.4536792930739139E-002
  -9.4390359130797200E-002
  -5.0090686571265877E-002
  -1.4052749707312030E-002
  -2.7188224088628013E-003
   2.8148109166210068E-002
   2.2376718241926413E-002
  -7.0797331489662729E-003
  -1.9860774483003524E-002
   7.6107045640341217E-003
   4.6477874446438985E-003
   1.5055478001897155E-002
   4.7269034874638523E-002
   3.6173175437111446E-002
   4.5565655938524824E-002
   6.7422819532220674E-003
  -1.3266440801115416E-002
   1.4780075624351456E-002
  -8.4617991981410755E-003
  -2.0651270936800848E-002
   1.3396341410459392E-003
   2.4513364081000924E-002
   1.8476813564881230E-002
   1.3810542075997205E-002
   9.2446394731226442E-003
  -2.9268271920707984E-002
  -3.7039371998532945E-002
  -1.7985097372997284E-002
  -2.2319016389906684E-002
  -6.1579775224947071E-002
  -5.2486619954080466E-002
  -9.3282296577641061E-002
 -0.12270730811986040     
 -0.14600712117586487     
  -9.3596404285925111E-002
  -8.2405802600003214E-002
  -8.5394547304762466E-002
  -9.9778919781124062E-002
 -0.11318915794175832     
  -9.2376042303196876E-002
  -8.6059381030877860E-002
  -6.0301068176497073E-002
  -5.3904945728029834E-002
  -6.3674861577925762E-002
   1.9568101859488575E-002
   1.5673445494296515E-002
   5.4174927738988000E-002
   2.9859824358061549E-002
   3.2675516628236090E-002
   4.2579945906914302E-002
   4.2354311860902799E-002
   1.4884886682018421E-002
   2.7564313590406959E-002
  -6.6025593696345572E-004
  -1.3101728996170057E-004
   1.2026396305970983E-002
   2.2673547145742892E-002
   5.9601837770673537E-002
   5.2418514668402458E-002
   2.9495140969264689E-002
   4.2097965406304373E-002
   9.7340439652914661E-003
   2.0042217789246607E-002
  -2.1551788757635700E-002
  -2.6935853014466288E-002
   9.1852742984239386E-003
   6.0301874948568090E-002
   6.8263629264223954E-002
   6.6293993872287835E-002
   8.2333179094178491E-002
   8.0190984072591287E-002
   3.9878106540390111E-002
   5.1577088675908392E-002
   5.8578685363092950E-002
   7.0472017525164923E-002
   9.8829390613549242E-002
   8.3581517622730167E-002
   9.7014674835519121E-002
   9.9733717520197551E-002
   6.4070164850793684E-002
   5.4211025645883100E-002
   3.5299321241770834E-002
   4.0671223280712501E-002
   8.0955198323303584E-002
   5.8136388251850100E-002
   6.0957891000548471E-002
   7.3555177502517596E-002
   4.7273807089816468E-002
   3.4699326327528070E-002
   6.5632235588236415E-002
   3.3666132012206654E-002
  -6.0161143937477691E-003
   5.6104896484469938E-002
   3.1747761096468256E-002
  -1.9972986955789493E-003
   1.3697314990404059E-003
  -2.5878438029187396E-002
   1.1674163036301804E-003
  -7.4113289685217541E-003
  -1.2551655833032634E-002
  -3.1841920186806698E-002
  -2.7595228947445663E-002
  -9.8178115795765714E-002
  -8.0496027939608403E-002
  -3.7174493110628204E-002
  -3.0984350729311980E-002
  -8.6446887036812650E-002
  -8.5113861127774845E-002
  -6.0555673541652734E-002
  -3.6210900498215001E-002
  -6.7907203615495612E-002
  -5.9466012699426890E-003
  -2.9246380908478694E-002
  -2.7741798540486844E-002
  -5.4815524877488385E-003
  -8.9899331194608252E-003
  -1.9676728906227549E-002
  -1.0891319196486424E-002
   2.7607485595721196E-002
   2.8947174786114506E-002
   4.3717444635546672E-002
   3.9519178587030170E-002
   5.7320232625742498E-002
   6.2898441885492110E-002
   8.2001565656165634E-002
   7.7656033932183399E-002
   6.3728260300764727E-002
   5.3772506169159899E-002
   3.2485723705817905E-002
   3.2361208346420256E-002
   4.3862452993671357E-002
   5.8805972840619600E-002
   2.2280563504720515E-002
   6.5735264177153342E-003
   3.5743939093609157E-002
   7.2688570172387253E-003
   2.5124999326572094E-002
  -1.7768811718120846E-002
  -1.1105822672580390E-002
  -1.7356340843572588E-002
   1.8821207939146101E-002
  -3.7325340922357113E-002
  -3.7676541512031474E-002
  -4.1395720978418045E-002
  -3.0321525782583788E-002
  -3.8781395068838077E-002
  -2.4604768966817507E-002
  -4.1905475473052553E-002
  -2.8831962322527511E-002
  -3.5628253767277895E-003
  -3.7604223085531387E-002
  -3.8558423569327482E-002
  -3.7029471441724143E-003
   8.2621498773104707E-003
  -2.2721033871539658E-002
  -2.9603620531806762E-002
  -2.2493121573273857E-002
  -1.9657735360754148E-002
  -8.7204686886025164E-005
   1.6688340344800847E-002
  -9.4747690528508201E-003
  -6.1511761231519260E-002
  -2.2927822344953233E-002
  -3.1839404615627877E-002
  -2.8292162623132694E-002
  -4.3415450433001219E-002
  -5.3811565803987209E-002
  -2.5342017399862124E-002
  -6.7947180239631366E-002
  -3.3750775444608222E-002
  -3.1051836588301157E-002
  -1.0095749818255829E-002
  -3.3246927856088425E-002
  -3.7336081977504813E-002
  -4.3665163911554297E-002
  -5.3297280796177043E-002
  -2.4403313595718939E-002
   7.8835274377953204E-003
  -3.0180708047381096E-002
   1.5236135567552336E-002
  -3.3926137875787054E-003
  -5.2955130272537357E-003
   4.4235633754217957E-004
   1.8442008099692556E-002
   2.2147891989473228E-002
   1.8631328272180080E-002
   1.6626261753913379E-002
  -1.9426190368565181E-002
   4.6730583975426203E-003
   2.9665887391589194E-002
   7.1715921417158338E-002
   7.1313981347249783E-002
   7.1078118333006812E-002
   1.5206535983875362E-002
   2.6913109143170230E-002
   5.0129375273753288E-002
   2.6913109143170258E-002
   1.5206535983875346E-002
   7.1078118333006854E-002
   7.1313981347249727E-002
   7.1715921417158365E-002
   2.9665887391589287E-002
   4.6730583975426385E-003
  -1.9426190368565240E-002
   1.6626261753913376E-002
   1.8631328272180111E-002
   2.2147891989473263E-002
   1.8442008099692559E-002
   4.4235633754217512E-004
  -5.2955130272537227E-003
  -3.3926137875787427E-003
   1.5236135567552407E-002
  -3.0180708047381165E-002
   7.8835274377954088E-003
  -2.4403313595718852E-002
  -5.3297280796177050E-002
  -4.3665163911554249E-002
  -3.7336081977504869E-002
  -3.3246927856088376E-002
  -1.0095749818255792E-002
  -3.1051836588301136E-002
  -3.3750775444608291E-002
  -6.7947180239631325E-002
  -2.5342017399862110E-002
  -5.3811565803987237E-002
  -4.3415450433001268E-002
  -2.8292162623132645E-002
  -3.1839404615627925E-002
  -2.2927822344953205E-002
  -6.1511761231519198E-002
  -9.4747690528508115E-003
   1.6688340344800864E-002
  -8.7204686886035464E-005
  -1.9657735360754120E-002
  -2.2493121573273867E-002
  -2.9603620531806738E-002
  -2.2721033871539658E-002
   8.2621498773104169E-003
  -3.7029471441724256E-003
  -3.8558423569327406E-002
  -3.7604223085531366E-002
  -3.5628253767278043E-003
  -2.8831962322527532E-002
  -4.1905475473052511E-002
  -2.4604768966817556E-002
  -3.8781395068838015E-002
  -3.0321525782583743E-002
  -4.1395720978417996E-002
  -3.7676541512031536E-002
  -3.7325340922357154E-002
   1.8821207939146111E-002
  -1.7356340843572581E-002
  -1.1105822672580406E-002
  -1.7768811718120843E-002
   2.5124999326572132E-002
   7.2688570172387314E-003
   3.5743939093609144E-002
   6.5735264177153542E-003
   2.2280563504720463E-002
   5.8805972840619593E-002
   4.3862452993671211E-002
   3.2361208346420187E-002
   3.2485723705817884E-002
   5.3772506169159816E-002
   6.3728260300764714E-002
   7.7656033932183427E-002
   8.2001565656165565E-002
   6.2898441885492248E-002
   5.7320232625742387E-002
   3.9519178587030267E-002
   4.3717444635546776E-002
   2.8947174786114423E-002
   2.7607485595721119E-002
  -1.0891319196486419E-002
  -1.9676728906227556E-002
  -8.9899331194608269E-003
  -5.4815524877488394E-003
  -2.7741798540486837E-002
  -2.9246380908478677E-002
  -5.9466012699427220E-003
  -6.7907203615495515E-002
  -3.6210900498215022E-002
  -6.0555673541652776E-002
  -8.5113861127774790E-002
  -8.6446887036812553E-002
  -3.0984350729312014E-002
  -3.7174493110628197E-002
  -8.0496027939608306E-002
  -9.8178115795765603E-002
  -2.7595228947445691E-002
  -3.1841920186806705E-002
  -1.2551655833032633E-002
  -7.4113289685217732E-003
   1.1674163036301864E-003
  -2.5878438029187385E-002
   1.3697314990404651E-003
  -1.9972986955789540E-003
   3.1747761096468291E-002
   5.6104896484469896E-002
  -6.0161143937477631E-003
   3.3666132012206688E-002
   6.5632235588236318E-002
   3.4699326327528063E-002
   4.7273807089816482E-002
   7.3555177502517777E-002
   6.0957891000548381E-002
   5.8136388251850094E-002
   8.0955198323303487E-002
   4.0671223280712501E-002
   3.5299321241770813E-002
   5.4211025645883065E-002
   6.4070164850793671E-002
   9.9733717520197551E-002
   9.7014674835519205E-002
   8.3581517622730250E-002
   9.8829390613549228E-002
   7.0472017525164937E-002
   5.8578685363092901E-002
   5.1577088675908482E-002
   3.9878106540390104E-002
   8.0190984072591176E-002
   8.2333179094178421E-002
   6.6293993872287890E-002
   6.8263629264224038E-002
   6.0301874948567938E-002
   9.1852742984238813E-003
  -2.6935853014466365E-002
  -2.1551788757635693E-002
   2.0042217789246624E-002
   9.7340439652915077E-003
   4.2097965406304394E-002
   2.9495140969264692E-002
   5.2418514668402409E-002
   5.9601837770673426E-002
   2.2673547145742833E-002
   1.2026396305971033E-002
  -1.3101728996163468E-004
  -6.6025593696346536E-004
   2.7564313590406980E-002
   1.4884886682018431E-002
   4.2354311860902910E-002
   4.2579945906914177E-002
   3.2675516628236180E-002
   2.9859824358061525E-002
   5.4174927738988091E-002
   1.5673445494296560E-002
   1.9568101859488526E-002
  -6.3674861577925707E-002
  -5.3904945728029910E-002
  -6.0301068176497039E-002
  -8.6059381030877832E-002
  -9.2376042303196931E-002
 -0.11318915794175836     
  -9.9778919781124006E-002
  -8.5394547304762466E-002
  -8.2405802600003172E-002
  -9.3596404285925139E-002
 -0.14600712117586467     
 -0.12270730811986040     
  -9.3282296577640991E-002
  -5.2486619954080452E-002
  -6.1579775224947161E-002
  -2.2319016389906660E-002
  -1.7985097372997368E-002
  -3.7039371998533036E-002
  -2.9268271920708033E-002
   9.2446394731226685E-003
   1.3810542075997257E-002
   1.8476813564881209E-002
   2.4513364081000903E-002
   1.3396341410459077E-003
  -2.0651270936800897E-002
  -8.4617991981411518E-003
   1.4780075624351442E-002
  -1.3266440801115375E-002
   6.7422819532220735E-003
   4.5565655938524754E-002
   3.6173175437111453E-002
   4.7269034874638551E-002
   1.5055478001897032E-002
   4.6477874446439037E-003
   7.6107045640340775E-003
  -1.9860774483003527E-002
  -7.0797331489662330E-003
   2.2376718241926375E-002
   2.8148109166210022E-002
  -2.7188224088628581E-003
  -1.4052749707312020E-002
  -5.0090686571265759E-002
  -9.4390359130797380E-002
  -5.4536792930739153E-002
  -3.3540899670596744E-002
  -2.3540363363165652E-002
  -6.9504863549957108E-002
  -4.3482537036236876E-002
  -4.8425956812085259E-002
  -5.7255403577476847E-002
  -3.9049061590896966E-002
  -5.9237861712649394E-002
  -4.2319509688898395E-002
  -4.5953895501515567E-002
  -3.3348262269163188E-002
  -2.7891909840610508E-002
  -8.2534311194389615E-002
  -9.0709844241434565E-002
  -5.4194868108549767E-002
  -2.9210606517247599E-002
  -5.4059678822151347E-002
  -5.6369170389056651E-002
  -1.1019564516800551E-002
  -6.1419621501460027E-002
  -1.2209955756860421E-002
  -4.7759003717741486E-002
  -4.6663863804262372E-002
  -5.6806875976851474E-002
  -5.5626114388490466E-002
  -4.7242839372903210E-002
  -5.2840627740589119E-002
  -3.5752304620458510E-002
  -3.7420860170900253E-002
   2.2012273207061075E-003
  -2.0158585729378366E-002
  -1.0201548179920968E-002
  -1.3623957717516056E-002
  -1.3829281712087528E-003
  -2.2506127900733978E-002
  -1.9916426088226274E-002
  -2.6069425297979554E-002
  -4.2385608399081724E-002
  -3.1842032904818587E-002
  -2.9284936621958298E-002
  -6.4774861816092932E-002
  -2.7124152552151755E-003
  -1.2567363578918392E-002
   2.4100395146918312E-005
  -4.0237374786900829E-002
  -1.1064618533629326E-003
   1.4881824687970396E-002
   1.5540922922192888E-002
   9.1817233646754853E-003
   1.2444743688141467E-002
   4.3447216743248349E-002
   6.9142985846001800E-002
   4.9987005499044876E-002
   7.4652049661883962E-002
   9.7299475605491681E-002
   6.6241910653639699E-002
   7.5985498115168706E-002
  0.13579997912255870     
  0.10976160715195139     
   9.1551227083128767E-002
   5.4613855799262916E-002
   6.2218994627914470E-002
   5.9987890338441624E-002
   4.7517173995877196E-002
   5.2801567571765150E-002
   5.6661386170589419E-002
   7.0012316475272382E-002
   9.5090367092659542E-002
   2.5116811206988270E-002
   4.5034039585342391E-002
   1.1569869765950248E-002
   8.8651792552975946E-003
   4.6503067153874325E-002
   8.4506821090048756E-003
  -7.8905730837555161E-003
  -1.4203186341698154E-002
  -2.1286750200178488E-002
  -3.1014254837780659E-002
  -2.3595543999728096E-002
  -2.1311117176244326E-002
  -4.6620610133334787E-002
  -1.2553944719158475E-003
  -2.1184606889476005E-002
  -1.0015475714866589E-002
  -1.0147610619835528E-002
  -3.6060189136103392E-002
  -3.0725711591528926E-002
  -3.5345456513112189E-002
  -2.8191469959230515E-002
  -5.3283938103543843E-002
  -3.0254261561934691E-002
  -3.2259114604620949E-002
  -4.2691365853591838E-002
   4.5100180571022762E-003
  -1.6841461924514512E-002
  -9.4838758028816684E-003
   1.9991982300814906E-002
   8.3274468933364817E-003
  -9.3578420075213957E-004
  -4.0878962337517033E-002
  -2.6452099294725646E-002
  -6.8248813232139197E-003
   9.6430231908438704E-002
   4.9415958018068779E-002
   5.0919536310278998E-002
  -8.0075003266698308E-003
   3.5068397056234921E-002
   3.1446935970498892E-002
   3.0936764208983062E-002
   3.0486979982388206E-002
   2.4189130223680088E-002
   5.7297863078227845E-002
   8.9686283281196641E-002
   1.1242387256142482E-002
   4.9450442225362629E-002
   5.7769381893441780E-002
   1.1116904460014766E-002
   3.1694368587673549E-002
   7.0374270545131873E-002
   5.9719792602353855E-002
   5.5545896347038354E-002
   6.8679071133511876E-002
   6.5315501278674443E-002
   4.8353898256298530E-002
   2.5564405060588033E-002
   2.8272686454479945E-002
   4.7146347552971084E-002
   8.2166978391046332E-003
  -1.4478967145712358E-002
  -3.5743431493286751E-002
  -1.0114992965608785E-002
  -1.2546254741820346E-002
   1.0088541679467608E-002
   2.2235993938309745E-002
   3.4169356663112712E-003
  -7.0476494514269987E-003
  -2.6044706004044030E-002
  -2.7106390741935486E-002
  -2.7124261343646601E-002
  -2.6413856207940112E-002
   1.0954323007322544E-002
  -2.5335381092200206E-002
  -1.0838238143267226E-002
  -1.9231523128777399E-002
  -1.7410556966921450E-002
  -3.9225776631336980E-002
  -5.6128495699926374E-002
  -1.7151509081370742E-002
  -2.0535029412525593E-002
  -1.9119073982822237E-002
  -1.2099110909450470E-002
   1.6660683006918225E-002
   5.9050734622752201E-003
   6.0955856726874046E-003
   3.2567975902384940E-003
   6.2228672485496773E-003
  -2.0606933711576469E-002
  -1.4979377412483966E-002
  -5.8069960209568595E-002
  -3.5106777657628839E-002
  -2.4480630912471792E-002
  -2.1926051406854313E-002
  -3.1139784284030053E-002
   1.0463297498900362E-002
   2.8158430840688007E-003
  -5.3475398421006862E-003
  -3.3343014339105963E-002
  -3.1000663566501423E-002
  -2.5661948031237208E-002
  -1.6604809327196435E-002
  -2.4644814115324747E-002
   2.5107592551395972E-002
  -1.2019729630032385E-002
  -2.0971621492662677E-002
  -1.7859602456519172E-002
  -4.0884431343416530E-002
  -1.5646061267923287E-002
  -2.8560741406516692E-003
   4.5893087167973148E-002
   5.4276449868961150E-002
  -1.3876063353309129E-002
   1.2202940593696414E-002
   4.9397470596820786E-002
   3.1269878066715703E-002
   2.9938113646393125E-002
   1.8077991429827425E-002
   6.5666854965809934E-003
   1.4922100540577519E-003
   1.5952851455127367E-002
   4.8891920720968658E-002
   3.7343700448621425E-002
   1.3124515330106433E-002
   2.9379881359564319E-002
  -1.5580794028769297E-003
   1.5893495800128089E-002
   9.4358817595116707E-003
   1.6260010216024016E-002
   2.5412022126134571E-002
   1.1535004626336271E-002
   1.5187286036978774E-002
  -6.3331471553642465E-004
  -2.8757481176728720E-002
  -4.6571248857345746E-002
  -5.9705640602955516E-002
  -9.4265626143488726E-002
  -8.7516239956874825E-002
 -0.13664491919187824     
  -6.1524754153511711E-002
  -9.3563938496204258E-002
  -7.3603482049878433E-002
  -5.5144020237719631E-002
  -9.1693162932232841E-002
  -7.3544485069731283E-002
  -9.9283404693294428E-002
  -9.1024190799698673E-002
 -0.12901077337047170     
 -0.11885098783848208     
 -0.10557957142307134     
 -0.12315665983321517     
 -0.12032003230041920     
  -8.2141918641106954E-002
  -7.2429506871700827E-002
  -5.8675061288752002E-002
   1.9265987292682574E-002
   2.4181343341975477E-002
   3.6373496317004921E-002
   2.1087004516904814E-002
   3.1771469947632795E-002
   2.2404956258896786E-002
  -1.3596970452435323E-002
  -4.0316027734050488E-003
  -2.2832387454275894E-003
  -2.1852374273159041E-002
  -1.9807735411548903E-002
   3.9987461473828820E-003
   2.1567750596490149E-002
  -1.2751380956807154E-003
  -1.8568354817699383E-002
  -2.9983660439639997E-002
  -6.5949874985126644E-003
   6.0662041071311758E-003
  -7.3967624561914261E-003
  -2.8177376132354524E-002
   1.5257965644054778E-002
   2.4905502883625238E-004
   3.4503747262383234E-002
   4.1092715145409991E-002
   9.9680745619384562E-003
   1.7238158272346527E-002
  -2.1569991611050887E-002
  -1.8064177343907896E-002
  -2.1663740589817158E-002
  -3.5572802517282211E-002
  -1.7700134150520099E-002
  -1.2589507595597129E-002
   2.1537343783323962E-002
   4.7353732268712735E-002
   4.7561631008495253E-002
   7.3591820292292068E-002
   7.7318791846777410E-002
   9.1313955803277638E-003
  -1.9640353010256469E-003
  -9.9366118665235293E-004
  -3.7164673638265124E-002
  -8.1325047171297293E-003
   1.0493192346732361E-003
  -1.8740059077114197E-002
  -1.4126542745493414E-002
   7.1751623971794947E-003
  -2.3738177924444528E-003
  -4.7045600328773515E-002
  -3.3622730400592035E-002
  -1.1516770532308424E-002
   1.6460790545387703E-002
  -3.9763638980700018E-002
  -6.9308465176010262E-002
  -4.6907504023765485E-002
  -9.0817268573151852E-002
  -4.5603946955091054E-002
  -6.3667698240996412E-002
  -6.6871094772731524E-002
  -4.9273367441335772E-002
  -6.0753527035856021E-002
  -3.5736246696208875E-002
  -4.9583743327644779E-002
  -3.7337369420920093E-002
  -2.7768201927698626E-002
  -5.6950488134474064E-002
  -1.6053027614783036E-004
   2.1845516376299945E-002
   3.5958968413091541E-002
   2.9249878030845944E-002
   5.3467058277904364E-002
   7.0918257426974218E-002
  0.10591508209260848     
   7.3567498248907723E-002
   9.7494070021501414E-002
   8.6630434166659720E-002
  0.10575416415415166     
  0.12806357758250189     
  0.16573174748587233     
  0.19768670220343601     
  0.27146210332639392     
  0.39071903177738793     
