  0.54995854595435922        4.0202204143782887E-002   1.2067581885004753E-002   680.37063833402840        215.57786938363097        102.68202118313482       -34.432908781865578       -55.877137589834717        11.572822182873557       -63.523570579734390     
  0.54988012508330142        2.1867428033392686E-002  -6.0817822850969556E-003   661.54443900569845        155.10560800277813        139.50476348046138        60.593987503282705       -21.920609433265472        79.094260010727396       -8.5393046320664290     
  0.55019687307570664        1.0041740556403181E-002   1.3467317806915647E-003   535.65631468629238        62.431188246526418        147.52383785349994       -89.399215494411948        40.616683310087929       -9.2890822369582420        38.956839103695181     
  0.54945361931030512       -2.6214793084559378E-003  -6.9687739804493260E-003   754.13076621662799        104.64703433833786        63.529210886206492        66.559216497321856       -3.0314358180356309       -73.363477010131618       -32.426431525939037     
  0.54912157336962575        9.5144647601507915E-003   2.4908927875244444E-002   698.38976678532924        26.097074684795558        47.488409777293732        34.906409743198139        182.45511663359801        170.92007141242584        9.5548210195693919     
  0.54957366862236456        1.6100229257759908E-002   1.3690808809799038E-003   670.86465729973122        183.09084119637347       -48.232216604473734       -55.148446942274170       -12.887213616016014       -22.928137514213191       -56.704723493800735     
  0.54917330057885028        9.3790641761187522E-005   2.2290538362147661E-002   601.08722215787668        56.787726640711639       -63.075187287845765        5.0705299823736061        72.964465904386387        64.150313299961596        130.41137692782928     
  0.54967505187591603        2.8107174906401834E-002   1.7126888570227663E-003   448.93714270315331        151.43144422413317        93.333058784995856        116.45858400261113       -46.872688092048705       -35.776602249011930       -143.00506290060289     
  0.54774093336069130        1.9031569573197921E-002   1.0457974974684266E-002   497.45739463822321        79.886559697374935        23.161519719566915       -83.856897958095033       -190.16422452921461        110.58122159459852        21.581237754433364     
  0.54816651009019968        3.7544007166125234E-003  -6.9010552334943269E-004   479.72131067752099        46.893471940997621        89.418452816401327        74.240507692706075        49.671527805955662       -77.460217889965051        29.654110059218922     
  0.54871926450592579        5.9414828689463286E-003  -1.9938252713627532E-002   673.81462634797799        89.533876981444337       -14.609090597741197       -70.052618849600947        6.3166683745916945      -0.77926863607603403        42.106014426218842     
  0.54764206101768209        1.4980732965191366E-002   4.6985795176387804E-003   623.66069810599595       -7.8505144454409175        134.47151588564631        16.214459984612215       -117.53601245229511       -23.987031721040847        73.137546005080083     
  0.54894493925577914        8.1364009625359921E-003   1.1150191730921546E-002   679.41562336867582        3.1915976569342930       -18.960289502324574        83.909225268404498       0.45140261526070241       -184.20415327696185       -201.61728265654187     
  0.54737313824832634       -2.1098812376134871E-002   1.0730416888170870E-002   627.45512180144965        136.61133471557451       -18.094117486266956        37.288438732887208       -19.423491157904174       -5.0666826528898152        46.763737416335644     
  0.54996427918792379        2.4375674688227950E-002   1.2248464223313604E-002   588.00103426648320        2.2636395380822520       -52.718784535245803        60.149848420411274       -124.34841291508326       -84.082206075592993       -58.594321844321740     
  0.54852385319493113       -2.2235882543027636E-003  -1.5446880077934497E-002   695.88125777239270        148.32975381797456        12.658403214449741        41.050865201340734        47.679556136297499       -53.332428977119804       -59.560347638272162     
  0.54838323841996361       -3.2699669330658035E-003   1.3039790823248250E-002   507.26505255152279        9.8862754893091100        13.650015754401773       -14.707166416649800        143.74748231086531       -48.967655192055027       -73.324614435658589     
  0.54733622558097372       -1.0721021575264967E-002   1.3445813781043314E-002   532.39305328994021        43.087419242522657        26.404575347336880        66.420078538533815        38.079927960210306        76.194966023678134        58.955236637165626     
  0.54695770074732109        1.3308426855097465E-002  -3.2614576804184301E-003   536.83966398731945        70.791436305235820       -158.14093884819550        184.77258273174445        70.538812391258375        162.87678395162325        123.74114956003459     
  0.54615354145121187       -2.7569328333841629E-002  -5.0664073240097064E-003   579.64599746775286        167.35712941140250        96.355902602260599       -46.656877499081219        142.08333038444164        85.641232012380215        6.4754402942216327     
  0.54676364382920295       -2.1461856855451212E-003  -1.3086526487129466E-002   534.05205680828465        95.423518264464050        113.13678786913268        48.657122380943157       -114.25389920644243        32.177219053634296        64.367230428794386     
  0.54678478362136684        5.7754918131645459E-003   6.1709976600220311E-003   606.74536387505236        111.26045974066376        77.556884786614972        30.591203321743130       -45.847175305728236       -195.93563713232317       -151.43475573439162     
  0.54735129678623062       -1.0745545684968581E-002  -8.5352002900452913E-003   609.37485757931188        86.384968699094543        9.6068264327350263       -18.400706474818488       -61.128813996879423        104.06861489499822        115.84571317919693     
  0.54919910969503483        1.4122755321786433E-002   1.0815189389701031E-002   591.69850556111544        68.408189203988982        50.597384486375560       -110.04487208859410       -138.70406111484607       -32.656653350903916        87.716799277108422     
  0.54993802530493840        6.5574565800063369E-003   1.2777842378049893E-002   669.67975599306965        89.349949765643288        162.36018016361297        107.18803787501940        27.196939074326803        24.825636458545144       -112.77573960657207     
  0.54741879005170246        1.7687178145596533E-002  -5.3756408004335000E-003   657.64440530932245        219.87454072700612        112.58506407066315        154.13962638445045        110.07653395588981        82.732622026388356        9.4218758178307791     
  0.54994742132173990       -6.4876861145103347E-003   6.1675887370788458E-003   638.99869992296965        70.424330098966635        24.468721653304062       -44.003768973251525        152.98387107316296       -33.666240752994874       -15.983160845495750     
  0.54866150175990469       -5.3104882910420803E-004  -1.0148054728596104E-002   657.53094521346179        118.86893111965519        109.80430736660554        159.72158738790674       -16.009649010338837       -14.999543285196999        86.707084417646939     
  0.54811349006698029       -1.3126429996858013E-002  -5.3838773419019837E-003   640.32279563569102        151.77532148205134       -20.336276441566842       -58.429067952104710        5.6003994866477775        67.199474434946239       -141.48584050914457     
  0.54882590541943499       -8.8815568127785394E-003  -6.4124928242528315E-003   674.58259125293125        106.38352065654661        109.94250744838953        9.8556089180030249       -83.573668772599206        49.826104453875828       -134.69267734379855     
  0.55105871718266108       -1.0570336408897429E-003  -3.8177532447499544E-002   582.89385819032657        113.29251589317892        213.72895571229412        109.18956636296240        168.40197247333811        75.700713861737384        13.992423478686428     
  0.54983087012228782       -1.4337743211659836E-002  -3.8040039086304472E-003   661.27001270957828        154.47787955171975        142.10628819411914        179.65776837642855        3.3572615137311210       -93.907624916873317        20.797224551615528     
  0.54869135429419158        2.5149208310719279E-002   7.8410779728681646E-003   608.09160752704997        88.750892269923170        171.45812613766773        7.9893136420402842       -49.521270282619874        37.713964827322570        37.971764343693280     
  0.54957608305354377        1.9864237424020801E-003  -1.7747277032123671E-003   590.28754657577156        104.75008239825810       -64.260038729855324        32.754405231542449        18.492053468391386       -19.152838483325333        40.962421232415643     
  0.54891534280378806        2.1509752511834805E-003  -6.7442884871113688E-004   544.42192543535157        124.53413723625657       -99.710451716369661       -25.780429179034140        165.49051011019498       -30.691074676637903        80.984323967765476     
  0.54789719721359065       -1.0057060242132286E-002   2.4692905411068675E-003   533.42125444592932        103.07305853582598        56.418327747631515        18.896806813263169        66.218549062535004        26.366610817314434       -136.57698422451475     
  0.55117386766308374       -2.4133544472018754E-002  -4.9820025509198299E-003   728.03200676777783       -67.477017665354879        13.102099158094930       -3.3422446502404428       -103.58534623366208       -9.1951110914372904       -77.861648903927374     
  0.55107201241745152       -2.1233656156263284E-002  -2.6128396018627476E-003   538.42886442814654        198.76179477340355       -3.4301236360594851       -78.436078044941269       -106.65914699851410       -37.356754413433116        115.33821125710794     
  0.54768618758374599        4.6535717772488864E-003   2.4364857714596146E-002   480.56654751310435        188.18097716751060        112.46101690528377       -96.183405370074581       -12.538824663960039        36.209246513409489       -161.25688459601574     
  0.54747719063656475        3.1810103732910058E-002   1.1778959394278003E-002   730.25225269117925        48.961521573544196        99.328822904324312        168.54680407308751        9.1930961934273263        43.023626663052426        15.446178359633173     
  0.54681565663393428        1.4326119774896600E-002   6.6212737788788022E-003   449.92878696840449        33.847140668996694       -24.240230683328186       -87.433189716857882        74.581515566119919        160.62976931835567        48.677184184963757     
  0.55060627939259266        1.7726107844092502E-002   5.8589951654266486E-003   599.36095555003601       -24.167602997213933        131.09431168451658        122.99779041239903       -11.114496589569821       -5.6602180398357946       -149.58000420854037     
  0.54967046268187525        9.0462265272407119E-004  -4.7696058382022790E-003   653.89865198077189        108.64209961313585        88.296242478516064        42.289874950481334       -50.013380472514392        41.763242311217638        37.212500145463657     
  0.54926271066465349        1.8549774340555155E-002  -1.2889577435057649E-002   590.06607884580899        70.527755375707542       -59.113327099110137       -28.258948512321812        99.632668140781377       -13.112884038030458       -62.465978765066808     
  0.55127946004592210       -1.6997268615446617E-002  -1.8027916831877423E-002   626.47195510849235        135.86416559299340       -1.4341938410737414        214.19293344434087       -30.997396949432758       -82.107225522675677        56.367894445955017     
  0.54957534017580922        1.1406965206832979E-002  -2.2755459762295843E-002   623.55694056393781        224.05391276016869        72.536328117955094       -70.819805574012335        138.61414872816553       -72.770653041448483        71.125723171340439     
  0.54795952157716010        2.0720217933773918E-003   1.3016512832220701E-002   424.70502097568487       -46.684873415619386       -35.290892095261519        12.294855672757787        77.795274526570637       -17.480018788534142       -13.511785708826782     
  0.54786731034162839        1.3098649659415318E-002  -1.7151791432935343E-002   522.34191079377001        2.9542560846538284       -7.7953589282958555        38.125722775072333       -93.295047007672991       -9.4568624032851716       -20.700487086352855     
  0.54900944227362325       -1.8194632930073340E-002   2.0233270325380921E-002   613.14973943002587        61.371235501331839       -5.6792787548974557       -61.341121239986201        46.051698475401224       -32.393244635741404       -75.323254435714887     
  0.54883600173669267       -8.3125095599582820E-003  -1.5417363698175812E-002   678.40948049768838        194.02342032614968       -23.161177414080811        23.914174490745481        65.873923670395058       -31.320403382176039        45.561275052272848     
  0.54840064966061086        1.1781448854059877E-002   2.0124631038262706E-002   561.98939407604632        137.89748678852067        106.29429148856818        35.007501440920151       -44.250294907653036        83.788455807437387       -20.256053646689757     
  0.54832120280979535       -6.6161123494597280E-003  -1.9643455810962395E-002   625.10976285911511        193.79010027006854       -101.12522791725405       -28.506766930645384       -16.231539445328956        48.518719670669654       -73.392527142657627     
  0.54812632571917907        2.6296304037450352E-003  -2.8507073754933131E-002   615.45370602112791        65.092518749237641        44.458324752811137       -36.516307861092500       -23.345692394213344        88.364200297259870        51.430059913234260     
  0.54923041327032585        5.9929413502420280E-003   4.3301861909118304E-003   703.24537095433357        194.59430420970463        97.826673318616997       -72.347290868820664       -54.787291561097433       -89.985355875295625        21.707905403600396     
  0.54831713325064602        8.7803146086803292E-003   2.2304739694012459E-002   628.74725191256834        73.120704335328497        47.953027918416353       -32.843441812448468        31.607921632822816       -110.18076480862354        38.372654593655703     
  0.54799660443233433        9.0980793442222742E-003   2.0189692373702318E-003   583.03599843911888       -101.62947675274981        1.3599025368792290       -11.142842188015562        97.205421375751143        24.059328472220745       -141.80453364755260     
  0.54868006887290421        1.3261637061231877E-002   2.1421584375925826E-002   672.63612677648564        80.520946769665741       -62.205362246685404       -37.690584977976435       -4.9733700624137436        140.12576808578066       -65.492284974533888     
  0.55069935402814074        2.4312167138426911E-002   2.0199016114539902E-002   631.57399161552371       -6.8451363036184256       -100.04160198150379        7.7425769169848255        31.325224787980087        31.485469524418548       -92.509053973988600     
  0.55060573705903537        1.4731348539595554E-002   1.3945250125193702E-002   738.50233322129191        115.84772537378926       -2.2936049115292199        58.428785274303223       -37.109006234030623       -35.624750442508521       -52.142733216499458     
  0.55076937648658286        1.4622146225713265E-002   1.8728130519050982E-002   626.70745125356189        225.13529551839227        62.349596751065519        44.438486850540414       -69.557029490432001        54.572692273732230       -44.112868757731512     
  0.54958780461117762        2.8297607028075544E-002   2.1474631360460312E-002   629.88776253187427        293.70455744501385        38.318668692003733        44.576183911906597        102.66797094751334       -26.200369700846103        127.24360765515623     
  0.55038308306955874        2.4457707561198000E-002   1.7218986992076236E-002   598.48665272067979        73.672504701897296        52.966811527014180       -57.817261690782779       -15.217362349170438        178.35991127997301        42.762091256202432     
  0.54862701027452598        1.3372107873473036E-002   1.8307688314236226E-002   672.67944363923084        66.468760624461865        180.19986514380017        92.886630226484769       -167.75053114690348       -52.555016246761738       -2.3487842387810436     
  0.55016943877015079       -2.5954810452613938E-003   2.3023987453344618E-002   573.83912072817520        46.802684854120734       -6.9612018937215794        37.575835779208063       -51.319064269764731       -78.945744663979355        8.8334604889812844     
  0.54973749136074979       -9.7643470065396226E-003  -1.0408488766870557E-002   454.34315531093438       -59.700074802132974        6.3830781386166002       -99.431555863454022       -10.371883665851968       -18.421173425372086        17.110743123189671     
  0.55032849516960136        8.5429326910298614E-003  -9.2512687818608632E-004   529.08830478291202        60.761126725760320        113.23381736007282        72.452585965089867        33.114955084628576        22.620946723458751       -57.170082144068409     
  0.55238330050236017        7.8724278636157410E-003  -2.2171759309076319E-002   729.83989500657663        135.95090584197433        80.035074224233554       -38.581620209280509       -51.392664810132295       -145.74316523066324       -135.74832378663857     
  0.55167471213841479       -2.0615571326177067E-002   1.8262905378882699E-002   534.96359488837027        210.90459423348875        7.4842480632440198        41.073008175865887       -125.83954795364167       -49.669954943285099       -12.981702743997261     
  0.55019382705818620       -2.2696707184930030E-002   4.8662139598094432E-003   545.89112070816191        98.047479310923379       -30.181766437463157       -37.810136738853672        20.429842606430149       -30.401562860921509       -90.571408025412651     
  0.55115192938151769        4.5069961309872585E-003   1.0635187038538167E-003   601.68053368927326        102.51970710049915        51.598224923583921       -8.1383582103880538        12.150045739275047        25.160375615468016        144.23649774651312     
  0.55057461044382883       -3.4121964012918803E-002  -1.1439977557056752E-002   626.87767971473613        108.11391806344739        65.785481393655260       -18.365653606914652        82.359149857389895       -76.531558844106442        81.904194310380419     
  0.55387075792923501        1.7429913159849739E-002   1.5951068885091055E-003   736.79546641069658        176.29423557972021        106.68305446454228       -51.628868423062265        32.816828507004494       -65.139871237761369        30.955812854653729     
  0.55031970820696519        1.3438363270085127E-003   2.2816580135204628E-002   505.10337423172609        82.509743694079319       -22.390120420520436       -170.52446924535937        64.748608099127381       -127.11003996943484       -82.288659971353979     
  0.55039872630630171        1.1175642600460904E-002   1.9665362840219372E-002   509.34333227160482       -8.2057165435789798       -64.928529409822801        5.1823483508605719       -95.866474529729047       -33.570373560823086        67.477866228760263     
  0.54917773104306833        1.4741055740674427E-002   2.7612934874431158E-002   659.00836382612624        216.95291523533413        26.122601124041118       -158.32599475549449       -116.76080822341856       -8.8255166406634107       -146.52227465020314     
  0.54941072054099749       -4.7304377422236156E-003  -3.6654581658982352E-003   452.89249062573526       -1.6565245740999632       -8.8488834415051976       -147.36367848678188       -34.901535879466550        196.17964120759675       -46.264257102943766     
  0.54781917964635596        3.0849780088113895E-002   3.4010693262771100E-003   658.43759421812115        76.002197454382383       -81.710738660315073       0.83551230597751891       -49.840382790080007        73.300410969129047        15.359157078894103     
  0.55128190798775500        6.0120206766512958E-004  -2.4402758145438106E-002   738.11559564902495        48.669533437527534       -15.279331619788978       -53.754870832374451       -115.42183858446887       -78.686215341819889        26.057489527932532     
  0.54986911753250989       -3.6014677746142891E-003   1.2322868629597052E-002   583.87850282797899        191.47823193354569        133.62067689291339       -18.797357928542908        91.744068903530859       -146.90782449608207        28.707148385226080     
  0.55106300879978420       -1.5485152431514946E-002   7.1274140589316281E-003   637.66366624753755        102.98460617576038       -187.19637662889897       -197.85358451109641       -50.969572285889811       -32.409477751472281       -11.997520496575888     
  0.54960420552587563       -1.4959081852604103E-002   1.0389039711433439E-002   617.30565590025390        214.55169256217388        37.556914090820669        40.903390727557735       -100.12400671121443       -49.609088845606628        124.62024197662807     
  0.54944001508668050        1.6639114106594060E-002   1.9346505117573541E-002   549.22644859367097        57.847039306905039        63.432321204120043       -5.1175549933687261        2.4943833154260151        82.969347710658099       -80.894193576012967     
  0.54882698961793441        1.1139790576197581E-002  -7.5521321589489291E-003   565.89976417268520        120.31866405125049       -66.724002397545874       -80.191510707277715       -37.324961775998240        139.82666054565729        64.191349248845498     
  0.55044962945404985       -1.1007254029253937E-002   3.3291172139515504E-003   626.07342021882835        102.37137721962024       -46.500750525285930       -30.227979702968163        18.301438486436922        40.370837376675745        18.256752105979505     
  0.54843318840581512        1.1624849119688371E-003  -2.2185958006180041E-002   746.68127014705669        171.45153390690592       -54.974314459788417       -59.231039981976593        166.09548116066884        3.9203221841012081       -62.866637846155669     
  0.55013088862876514       -2.9782491082090243E-003  -1.5108399439245910E-002   545.33113595162195        131.66603754823399       -13.437965272501661       -55.339113689314239        38.091459092017921       -29.025112555425984        105.40522110523047     
  0.54953997405177812        1.9642855106310655E-002   4.1140153559217406E-004   639.29742826929680        80.798320358408105        137.80216391283309        108.36318642529031        73.390847440166027       -6.2587498744757362       -61.721473744922569     
  0.55030571437228715        6.3819399155843233E-003   2.8443660286255313E-003   789.09984665346224        116.65153011982981        46.347537587424881        110.83235383706986        25.398333411143238        101.57228621888802       -3.8653364858245727     
  0.55111324775220494        1.3475104987793978E-002   5.1861008454316317E-003   632.13112163687106        215.25868598883770       -7.5381368138232920      -0.63584507851303229       -30.708058901020085       -40.084532097205788        8.0556446154404480     
  0.54973926090511671        2.4350948917053604E-002  -8.3356611766378826E-003   594.30442930228696        124.88232394897003       -7.0674235107635131        117.91495794259826        161.19866578180981        144.08309274788584       -19.572955996099722     
  0.55055377015248641        9.9583644841744739E-003  -1.6814159240471725E-002   504.68181996122439        48.654863295399039       -64.321884032908713        94.505150317878915       -23.433818883826611       -71.325122555026780        69.049272813554325     
  0.54940577031154159        8.4713598284509271E-003  -2.2956701506405105E-002   654.99173707347632        92.104214341608866        51.612311650622125       -45.672844328320110        159.91057532240009       -81.601646306887716        98.031970010604738     
  0.55006765013947201        3.3354356830072138E-002  -1.1556470668469486E-002   562.08728915072754        121.75603686392439        144.91103219655801        65.948752588544522       -79.372293930571431        28.443851818190332        70.559681314228214     
  0.54989744304753896        2.3873435725906767E-002  -2.9792235887076807E-003   668.15119273857636       0.53213784528253871       -5.5041862970839137       -113.09968468289340        48.450777306855322        144.68387700745131        82.315456079219203     
  0.54912164720797008        1.5271828707272382E-002  -1.6246222069000629E-002   623.92986699113692        149.99410548458229       -108.50095480736233       -35.856426359696634        94.822706752618132       -34.942084899334013        118.50959018822604     
  0.54848037794895754        2.3682489911425876E-003  -1.4001260022109548E-002   681.92681673295669        129.58726504134691        68.168651894756849       -51.098787935313879       -67.151330021628112       -39.240098167953995        13.434168964075882     
  0.54874725972054683       -3.3734405910684617E-003  -1.1870345113327036E-002   567.91455827041500       -3.0769062255276838       -49.230816045410521       -37.242826444010134        7.7994527463836683        48.726567768615148       -6.4359357987966677     
  0.54975301635490093       -8.2029574595430827E-003  -1.8398466263280400E-002   683.90622157275050        48.531774334759760        52.383216303183119        46.500424117996758       -85.871302468364377       -135.62339709833836        159.07847511692836     
  0.54844694548039585        2.8328111627625415E-003  -2.8881464291019125E-002   617.14068461065710        3.4057528375818871        97.029264292349851        54.091817993697937       -62.678364966635868        39.803532688849856        36.623466144146619     
  0.54789646726331287        1.0192305473039695E-002   3.9195992108784199E-003   576.77769699275404        101.07331845135701       -110.21773190250607       -6.7390968013085235        12.015111526908095       -54.611239543902379        72.291390483095569     
