  0.99899999999945888     
  0.11483737477946052     
  -3.3408792313994852E-003
  -4.6221705482812299E-002
  -4.2041740345207211E-002
  -2.1742961861708068E-002
   1.6531681396615816E-002
  -1.1640783238065057E-002
  -3.1712780623050725E-002
  -2.9814596183161662E-002
   2.0922779784265075E-002
   7.5241654960552781E-002
  -1.0843346404912598E-002
   2.5073580314115291E-002
   4.3173320919237188E-002
  -3.1487160347805948E-003
  -2.0524916773791917E-002
  -2.8663794479579417E-002
  -4.4550099437727371E-002
  -1.2618886310504797E-002
  -2.8773145008272660E-002
   4.3043704682780910E-002
  -1.7456212621317069E-003
   1.6882407715896396E-002
  -4.5891530365967340E-002
   1.3743973214082175E-002
   2.7945514581342829E-002
  -2.3767994048662643E-004
   1.4732115174004497E-002
  -4.4116849536163065E-002
  -1.6045480136331686E-002
  -3.4184659613384738E-002
   2.6860656040789965E-002
   4.7276264280039712E-002
   2.9127222158723997E-002
   2.2971396550151957E-002
   3.7997506653510794E-002
  -1.3197642860310787E-002
  -5.4753736133793945E-002
  -1.2471720146862238E-002
  -3.0410168454488185E-002
  -3.6989131342833492E-002
   3.2159511756794622E-002
  -2.7958265950114948E-002
   7.8439013832588261E-003
  -2.2525141728510514E-002
   3.0647443989673629E-003
   7.5426170734531625E-003
   4.1342370148741418E-002
   7.0612890089941455E-002
  -1.1463667271525984E-002
  -4.3077340026168857E-002
  -9.2105385042622404E-003
   4.6482354606312577E-003
  0.11688149294829071     
  -2.4381973854441418E-002
  -2.8183272375983883E-003
  -4.2665271809374690E-002
  -1.1346363312665383E-002
   1.2639062726913253E-002
   1.7171023693521907E-002
  -1.6415651169961892E-002
   2.7545778465585646E-002
   2.5266565651241565E-002
   4.2631100097306300E-002
   7.0872830268925713E-002
  -7.9312309202195383E-002
  -2.4014952287850978E-002
  -9.4310653414032171E-003
  -7.2804106803869617E-002
  -2.0744765802928930E-002
   3.3181740162373657E-002
   8.4438598470644846E-002
   7.3262977553434760E-003
   1.5472459730415814E-002
   2.1731308055652619E-002
   7.8037164226607045E-002
  -9.0447246921987103E-003
   1.1469348008601957E-002
  -7.3020299638588805E-003
  -3.7254998950534197E-002
  -5.4161230149464702E-002
   7.5599012659076275E-003
  -5.0513647735494265E-002
   1.9652290166417050E-002
   5.9085651912665675E-002
   4.4868840172887926E-002
  -1.4386251029260630E-002
   1.0628974117303090E-002
  -1.1549529613448350E-002
   7.0379935866871288E-002
   5.0749561069410844E-002
  -4.5292500141444647E-002
  -1.8840679668429772E-002
  -5.1299056433049182E-002
  -4.4295910339978893E-002
  -4.9202887347109536E-002
   1.1180491768871863E-002
   1.2098107115578533E-002
   2.3965331284691790E-003
  -2.6709372687929167E-002
   1.1824911468351833E-002
  -2.2688211340098980E-002
  -2.7910522806828503E-002
  -1.5917759563332200E-002
  -1.7786342319832251E-002
  -6.1811467494325374E-002
  -5.1069082229320523E-002
  -2.4762104099972492E-002
  -5.9291750420709492E-003
   3.0690016217982452E-002
   5.1327496181339735E-002
   4.2631629793934145E-002
  -1.5876046880438647E-002
  -1.5588677944256958E-002
  -3.5639501667647483E-002
   4.7764504203546533E-002
  -2.5421265932337605E-002
   5.3323422041782684E-002
   2.8361174319901417E-002
  -4.7881323526444497E-003
   2.1018426879527770E-002
   7.4514830015768464E-003
  -2.2930523359296684E-002
   6.3433733019346933E-002
   5.2547688421598349E-002
  -9.3167916115708387E-003
  -1.0232781932274546E-002
  -1.6702177014044275E-002
   3.3637242695269756E-002
   7.9066783672206264E-002
  -7.1209717665726311E-003
   5.5345864774093971E-002
   1.1693789084947699E-002
  -2.5499055477507023E-003
  -8.4151255773537523E-003
  -1.8162208120332111E-002
  -2.9429850843916863E-003
   3.8908222351972992E-002
   3.3408421438044109E-002
   5.2766931394612630E-002
  -2.2181693464527523E-002
  -7.6358148739864642E-002
   3.5923710506666574E-002
   8.5828705773901642E-002
   5.7354422836098486E-003
   1.9377736509917781E-002
  -2.1728733433597675E-002
  -4.6605167466240868E-002
   1.6100503962909161E-002
   4.3033477477419056E-002
   8.1655097005329507E-003
  -3.5758252860564936E-002
  -2.7629505493253548E-002
  -4.8641780453995066E-002
  -4.6828312553090015E-003
   2.6709595516744506E-003
   3.2120524268656490E-002
  -2.4761256235306173E-002
  -6.0562141350207814E-002
   9.2915399678975726E-003
   8.2737406419210596E-002
   2.6658838961023917E-002
  -4.3083525470724977E-002
   5.0777880450297568E-002
   1.3908315280994775E-002
   5.6887763098780134E-003
  -8.3777760175311605E-003
  -4.6692025660848804E-002
  -4.5865703104993556E-002
  -4.0834230538002253E-002
  -7.0738819111900234E-002
  -1.5624864172050798E-003
   2.7968325093236105E-002
  -3.2368992551950380E-003
   6.0456082877392445E-002
   1.8516869820065739E-002
  -1.8054549165625565E-002
   2.2118383927037844E-002
   4.4853158460986539E-003
  -1.8218103355891642E-002
  -6.2071409711115305E-003
  -4.5098076724361960E-002
   2.4991388760437678E-002
  -6.5371917382327106E-003
  -7.3283292000756103E-002
   8.2299957024433729E-003
  -9.5792245329718497E-003
   2.8933082706587187E-004
   2.8121581745011049E-002
   3.5030764497752928E-002
  -3.1032198787023457E-002
   1.1425201727618255E-002
   2.8150706111009192E-003
   3.5167967604450685E-002
   1.8047578706903371E-002
   5.3309249111843475E-003
  -1.2535507531193167E-002
   7.0093484617671040E-003
  -6.1224222973642869E-002
   6.2485066520215848E-002
   1.3450555903837881E-002
  -3.9588701431096510E-002
   3.8766855411516539E-002
   1.2110490416624204E-002
  -1.1381769361095476E-002
   6.9207026783319598E-004
  -6.4276783021760486E-002
   8.9475667946507138E-003
   3.4227418857597010E-002
   1.5336158172582435E-002
  -2.6966732548245067E-003
  -3.6887329756473783E-002
  -2.6095046924285749E-002
   4.1917813013182502E-002
   5.2396971450043163E-002
   7.6017654559473069E-002
  -3.8353070931484677E-002
  -4.5405806791154683E-002
  -8.7970867687635915E-002
   1.9597341902409188E-003
  -3.2442959869863834E-002
  -3.0744111738819632E-002
   7.6335304081983097E-003
  -3.6858040432911028E-002
  -1.3816173659862358E-002
   6.7992987601262628E-004
  -5.5058625802247213E-002
   1.2069231596708500E-002
   6.5010297635138159E-002
   7.4371786399358118E-003
  -3.7611423573605522E-002
  -3.9535098669782255E-002
  -3.8212201688290225E-002
  -2.8889251494774927E-002
  -5.4675696615325252E-003
   2.7028950861325569E-002
   1.1386957704703800E-002
  -2.3907776925449351E-002
   5.1921696353203865E-002
  -2.2524778656426258E-003
   2.5682319849437848E-003
   4.7723276459392970E-002
  -1.8846682153451373E-002
  -4.4506217984182056E-002
  -7.0671798463551205E-002
   1.8681081182922884E-002
  -4.0011759068963168E-003
  -1.0558045047120839E-002
   2.7416231253308030E-002
   6.2933623820834159E-002
   2.4404321059087679E-002
   6.3070719221898927E-002
  -1.1693802918854902E-002
   5.6427466749305336E-002
  -2.7284242680871790E-002
  -2.1654642000396174E-002
  -2.3119990261439120E-002
   3.2152008697666365E-002
  -2.4496066135796534E-002
  -2.9346269237564053E-002
  -1.6421591577142883E-003
   6.4086622613277008E-002
   4.1044806409464743E-002
   5.6876512501516097E-003
   2.6594834598285204E-002
 -0.10965538797142156     
   1.4755738093001868E-002
   3.9741757319244300E-002
   2.5247430472933887E-003
  -4.6117204905730708E-002
  -3.1329218213820856E-002
   3.6241307606626029E-003
   2.0765843413147297E-002
   9.2672248928190412E-002
   3.7680230929272557E-002
   1.3447489085163649E-002
  -1.0481969092585043E-002
  -1.2551002809990237E-002
  -2.3092252343994507E-002
  -3.4345302700845091E-002
  -6.6875997411057680E-002
  -2.2874237363100194E-002
   5.3104964169057101E-003
  -2.7075185984945195E-003
  -2.9801655866312296E-002
  -3.9497139935760636E-002
  -3.9726491550338180E-002
   4.8943310017426356E-002
  -4.7444845277711421E-003
  -1.3007689122233644E-002
  -1.8622800740110121E-002
  -6.7824335411128020E-002
   4.0254429650397015E-002
   6.8344844011656164E-002
   1.4784348338219993E-002
  -3.6059347007237313E-002
  -8.2494440783766401E-002
  -3.5615257574109813E-002
   3.1596332817246060E-002
   9.8484751244788102E-002
   3.3934430108242694E-002
  -2.5436689135631321E-002
  -4.8377987611939489E-002
   8.6386309851256532E-002
   4.0467707252479883E-002
   9.0613638767618188E-002
   3.3502196564275749E-002
  -5.8403667931208006E-002
  -9.1736091415008894E-002
  -3.1556746818232756E-002
  -1.2706278777820977E-002
  -7.0332592098127394E-002
  -4.3473398431437570E-002
   1.8822860552104494E-002
  -5.2004694067619966E-003
   3.9904205795236644E-004
   5.8158771311809042E-002
  -4.6208048554074149E-002
  -5.4067724916509290E-003
  -1.7021461537950301E-002
   4.3282821029873492E-002
   5.4805799767427947E-004
   4.1522946039795382E-003
  -1.5339871098715487E-002
   1.4966389837172221E-002
   8.1625186236175915E-002
   6.6399786511743969E-002
   3.5642972619486887E-002
  -2.6417901268579735E-002
   6.4967153578752490E-002
 -0.12740069397427098     
  -4.3138198378991841E-002
  -2.4931730762015041E-002
  -1.3963466584902497E-002
  -7.1026866698314872E-002
  -2.7232514936440012E-002
  -1.6093282733534595E-002
   1.5216332564017845E-002
   1.3786720289572361E-002
   5.2357082552947597E-002
   3.1610734214509863E-002
  -3.7380883340231964E-002
  -1.6617957673845881E-002
  -4.9127922669661095E-002
  -6.5229254917180693E-002
  -2.5652197030365434E-002
   4.3091512349069529E-002
   6.4828674292920621E-002
   3.6953318855648391E-002
  -3.9174210917301087E-003
  -1.1311293219540733E-002
  -5.3845824250748450E-002
   5.9318021132382701E-002
   7.7427291969277570E-002
  0.10309357952671620     
  -1.2526469598627590E-003
 -0.13483725057021037     
  -3.7526372389753153E-003
   1.5589140433248507E-003
  -2.0211215149276589E-002
  -1.6416840575845939E-002
   9.1779457970868632E-004
  -2.0193522974194553E-002
   1.8848151604322842E-002
   3.9479976216196845E-002
  -1.4431375831801204E-002
  -9.7827885103854900E-002
  -9.1660589844765647E-002
  -1.1492477178170658E-002
   1.3163550980415509E-002
  -2.6761361038918366E-002
  -3.3970075233763976E-002
   8.5407651988722508E-003
   1.4336440132092178E-002
   4.9434130451472026E-002
  0.11043030330014089     
  -2.8595566600797505E-002
   1.7053737938136113E-002
   7.7154072129262383E-002
  -3.4284223946908061E-002
  -2.7399213653458560E-002
  -7.6879176978029318E-002
  -4.0172898245545888E-002
  -1.0596343864295657E-002
  -4.8517182035860078E-002
   9.8404816898672656E-003
   2.7697238627683699E-002
   2.7788754040787657E-002
  -9.8491367231452430E-003
   5.7959489769058174E-002
   2.6188052773794820E-002
   1.7638348105176435E-002
   5.4393331109936242E-003
  -8.6861233942728336E-003
   1.9511762698330624E-002
  -5.0306399499536497E-002
   2.7954014750969595E-002
  -5.4622480021876149E-003
  -9.9509852096384618E-003
  -3.3350324147070794E-003
  -5.2314163979518449E-002
   2.0235363570899074E-003
  -1.5452216397367278E-003
   3.6732972507582368E-002
   3.9321120773848639E-003
  -3.2425356056065724E-002
  -1.2555862410295169E-002
  -2.7752304120963515E-002
   1.1400727687672122E-002
  -5.3522715182220557E-002
   4.1404099955925311E-002
   4.3770400859040173E-002
  -3.5671945147793724E-003
  -1.1013482592672283E-002
   1.0974872338836285E-003
  -6.7888824101320133E-002
  -7.5245418291518623E-002
   5.3743676577118843E-002
   6.3190546872682477E-003
   4.0326285848490732E-002
  -7.1099261004836739E-002
  -5.3445169568911884E-002
   8.2305760575553097E-002
   3.2253156046705027E-002
   4.2227435997853752E-002
   3.5362891439902496E-003
  -1.9837823383931096E-002
   2.1218903047931378E-002
  -5.0432284527622369E-003
   6.0267376376784990E-002
  -8.6220470488405122E-003
  -3.5533890725795735E-002
  -2.2094541589031628E-002
   2.6048888806832884E-002
   1.7467595541305253E-002
   2.4658190488054590E-002
   8.8936205930149906E-002
  0.10794860957063764     
   6.2185515122809794E-002
   4.8518322770662252E-002
   2.8433237060540982E-002
  -5.3907590208022750E-002
 -0.12773671337808098     
  -8.2475434692419174E-003
  -5.0796022991988252E-002
  -3.6364801161597807E-002
   1.8289038997483405E-002
   3.0219054016918157E-002
   4.4835490604583576E-002
   4.7618886010015061E-003
   5.0138448922171175E-002
   7.8683704165756554E-003
  -8.8588040163149862E-002
  -5.6390594960992038E-002
  -9.9799005084313698E-003
  -3.7974163294716999E-002
   9.6741627871186186E-003
   5.2208256344579847E-004
  -1.9424575411731329E-002
  -7.6188871729996083E-002
  -8.5431145685815391E-002
  -2.7489273060055256E-003
  -5.4970337115205724E-004
  -2.8123365679593301E-003
   3.1750305301116132E-002
   1.0086635296985584E-002
   2.6515121924668518E-002
   2.5988498426009143E-003
   5.8046267219747762E-003
   1.6154364324190901E-002
  -2.3212067581407664E-002
   1.4275080454267137E-003
  -8.9632768011537415E-003
   1.1488301546560734E-002
   1.9678824269436242E-002
  -3.2457456233633726E-002
   4.0306071479494065E-003
  -2.6062384808663800E-002
   2.7856248987809373E-003
  -3.1452219353115818E-002
  -1.8026525905640179E-002
   3.7749894303079616E-002
   2.3023824078269486E-002
   3.6557686632554751E-002
   2.2650185147027744E-002
  -7.6904133553226867E-002
   2.2992152645914223E-002
   2.5774649236692506E-002
  -9.1271604178563819E-003
  -2.2542975579431447E-002
  -4.0488128811392195E-002
  -4.5883788481580534E-002
   3.5187479376753115E-002
   4.8132594905209644E-002
   2.3092654328904127E-002
  -5.5004801894524259E-002
  -7.9320025488892040E-002
   4.6098949980546575E-002
  -5.8880548224088052E-002
   5.9820711628625258E-003
   8.2487775365529051E-003
   2.9451226459450024E-002
  0.11792219900473556     
   5.3208180522772465E-003
  -3.6150595348172318E-002
  -6.2592061049176723E-002
 -0.10773229966385164     
   2.5212145773523983E-002
   5.2878479496159383E-002
   5.7695645219022609E-002
   2.4683853552107143E-002
   5.9549092005292591E-002
  -8.6217980295441872E-005
   1.0280627030684143E-002
  -9.3111062373570780E-003
   2.0306144875007447E-002
  -7.3779813126401667E-002
  -7.8110585988626205E-002
   3.8624311745707261E-002
   4.4846492727454293E-002
   5.1022810851173710E-002
   2.6020986367205211E-003
   5.1904304891172683E-002
   5.7516108571697205E-003
  -5.2379757492557695E-002
  -3.2537333974656510E-002
  -1.5877972052041660E-002
  -3.5750833555590597E-002
  -6.2894976740376154E-002
  -4.5571276302267288E-002
  -4.1023763349178396E-003
 -0.10905117364707201     
  -5.0857514166142419E-002
   3.4086014002614892E-002
   4.3652720830272889E-003
   5.7123298918692438E-003
   8.3343725908533159E-002
  -4.1697897833237067E-002
  -4.3621675383534286E-002
  -4.3107267807911326E-002
  -2.3544124625202455E-002
   2.3801119784699579E-002
  -3.0591867754931910E-002
   6.1376386757419138E-003
  -3.3623897808085390E-002
  -2.4881483380255132E-002
  -4.9822413346279189E-002
   1.8377356154504650E-003
   3.9123362651591283E-002
  -1.9023453191842277E-002
  -2.4796659832637416E-002
   4.5054929033249778E-002
  -5.0725058459417695E-002
   9.0055536875624648E-003
   5.6675670667642203E-002
  0.10572894026015532     
   4.0602814643851910E-002
   9.0132365695249697E-003
  -2.5604472219665788E-003
  -5.7993126808431446E-002
  -8.2679621390808034E-002
  -1.8998564238182983E-002
   2.5745896200075707E-002
   1.5823644685830123E-002
  -4.9656818958383961E-002
   1.7389095644745872E-002
   1.5849184028311966E-002
   7.2210357679540982E-002
   4.4191557950586144E-002
  -2.1076269987138786E-002
  -5.0483916277580691E-002
  -7.2861196876113726E-002
   1.5137378042074098E-002
   1.1400688306278025E-002
  -6.2997154917552797E-003
  -2.6800700920588855E-002
  -5.5115331021116473E-002
   1.8471410289040958E-002
   5.4072409628508844E-002
  -1.2839165339797259E-003
  -1.2116959266232578E-002
  -1.3369410479001519E-002
 -0.14604959626035136     
   8.5159091033929074E-002
  -4.8853023157218782E-002
  -2.8733512307930718E-002
  -5.1689500596992753E-002
   1.1592502121270384E-002
  -9.7187260372971152E-002
  -3.5967294493434346E-002
   3.3989456133746723E-002
   7.6917748867841081E-003
  -2.7638809918115849E-003
  -1.3156747687091463E-002
  -1.6864097035011181E-003
  -4.7150197629384327E-002
  -6.6197033267049845E-003
   1.4015467975648488E-002
   1.9672242122790218E-002
   1.6485241919503158E-003
  -3.5088914027932780E-003
  -6.7167826110275761E-002
   5.5214684150583677E-002
  -5.9914925619943882E-002
   2.5800583245785019E-002
  -6.7229326033219225E-002
  -6.5628690640148077E-002
  -5.5301952041771303E-002
   3.6728683775374978E-002
  -2.0037552522600439E-002
   2.7779844539766708E-002
   2.0781529298749126E-002
   5.3258278913479895E-002
   4.3068520041005115E-002
  -7.3486441532035832E-002
  -1.3756494307598281E-002
  -6.5068359843728246E-002
  -3.8733788471280506E-002
  -6.2985564486235449E-002
  -5.7485481600652255E-002
  -6.1505319620948296E-002
  -2.8250565107509285E-002
   8.1972287612167086E-002
   5.4598042822533131E-003
   5.1337620748186374E-002
   7.1659843337506260E-002
   2.3770314556237581E-002
  0.11928569940569068     
  -4.4424589267874112E-002
   4.9340730842427370E-002
   7.7520507030760209E-003
   2.1412800597750758E-002
   6.6281391299773411E-004
   5.8677097579442075E-002
 -0.12127884230299162     
  -2.8861160444723030E-002
  -5.2643500550840189E-002
   9.8203573826029424E-003
   3.0574002668799631E-003
   2.2582663488683815E-002
   4.7738833776180475E-002
  -4.8677986902512613E-002
   9.0819911548599246E-003
   6.2119565679164004E-002
  -5.2512339468640257E-002
  -2.9906951192446588E-002
   4.5932311888906625E-002
   1.3071718399025671E-002
   4.3758448898392387E-002
  -3.8479443420723146E-002
  -7.5682294011760520E-002
  -1.2227195580981794E-002
   2.8643161640947306E-002
   3.1241209316181578E-003
   2.5649993092973652E-002
 -0.15250725035879126     
  -9.2245082220506924E-002
  -2.6720233542027065E-002
  -1.4343526953884791E-002
  -6.1327813214099788E-003
  -4.5240155003474163E-002
  -2.0073289638520984E-002
  -3.6950183077767942E-002
  -1.5674732619396590E-002
   3.8187886316293738E-002
  -4.0399789499614624E-003
   6.3110560122751735E-002
   6.4594850851380336E-004
  -5.6258280696903806E-002
   6.3219044069352517E-003
  -4.2981060931473143E-002
  -1.4368819786411862E-002
   1.8579264385872579E-002
   6.8675645945089122E-003
  -5.0881054624414427E-003
   5.4544225767667341E-002
   1.3783830311189127E-002
  -1.3684329880144530E-002
   3.7770372837968004E-002
   2.9252719794792333E-002
   6.6688432774663881E-002
  -1.5490939568218934E-002
  -9.1266583610782135E-003
  -4.1005355075404322E-002
  -4.3291217226122829E-002
  -2.9870580191802016E-002
   5.2946511074349160E-002
   8.8506061470568623E-002
  -5.8898513072484927E-002
   1.2847143409526232E-002
   1.1237700643726603E-002
  -7.9193446983880797E-002
  -4.8646184961450836E-003
   2.2899035136705083E-002
   4.5595838814161661E-002
  -3.8517420442814095E-002
  -1.2389161318900698E-002
   7.5856629879745396E-002
  -1.4869805762595259E-002
  -3.3768012575101626E-002
   8.8635319385110004E-002
   7.4818451440316638E-002
   7.1428942947812213E-002
   9.3444561008762042E-002
  -9.5195861445700219E-002
  -5.2756021818738223E-002
  -9.0414382611195832E-002
  -1.0297009488920785E-002
   3.5086423314314559E-002
  -4.0898904859175897E-002
   4.9433212503703493E-002
   1.3641120857861953E-002
   2.4684577433144875E-003
  -2.4685302903675148E-002
  -3.7141256638582580E-002
   5.1319450312337013E-002
  -2.2284704957675365E-002
  -8.3316760836353101E-002
  -4.8655145621388091E-002
 -0.20836743843495661     
  -2.3842560273637067E-003
  -9.9654304315897183E-002
  -6.8410800714091358E-003
   7.9702923440475790E-002
   4.1858048200426767E-002
  -9.2185178334845581E-003
  -2.3526269754432418E-002
  -2.8119002887371545E-002
   3.7535966493953611E-002
  -1.6682277777137755E-003
  -7.6237962142111634E-002
  -4.4457233374610786E-002
 -0.11673181039751236     
   8.1592742079415068E-002
  0.11095796312525096     
  -6.7571316792204905E-002
   2.7791410100934350E-002
   5.5217572581450197E-003
  -2.0183788127194322E-002
  -1.2443175841397921E-002
  -2.2992859724292370E-002
   4.7321210148506064E-002
   1.6448927942510113E-003
   5.5713023481340558E-002
   2.8738350878830091E-002
   2.2207641485274227E-002
 -0.11188613227763435     
  -1.2562300047055530E-002
  -1.4524561590891376E-002
  -5.1252164596306757E-002
  -7.8950532388308049E-003
   8.9752590632875967E-002
   3.9650982517599388E-002
 -0.10843567413814990     
  -3.8624820362354852E-002
  -1.3449390448709166E-002
   5.6286071539020939E-002
   7.9021767436709744E-002
  -3.9209849806396031E-003
  -1.1753529415343977E-002
  -4.8109789039516036E-002
   1.8350862224816317E-002
   2.7816885859431673E-003
   7.4210071425041060E-002
   8.8346118276741534E-002
  -1.0548370715920631E-002
  -1.5943489382885673E-002
   6.5369421069705322E-002
   6.1498375961752123E-002
   5.1844013989423475E-002
   2.9494376609164940E-002
  -6.3396061021921024E-002
   3.7254730228924594E-002
   7.2407292095792051E-003
  -3.7164936135359395E-003
   3.5330915183471860E-002
  -8.5804064068372030E-002
   6.0160162385971706E-003
  -1.0968493775597818E-002
  -4.9989613081740950E-002
 -0.10930868637148514     
  -9.2967146107338958E-002
  -8.1473225105157074E-002
   9.0188951722376412E-002
  -6.1456377018770804E-002
   7.6009755070340936E-004
   2.2132267618781926E-002
  0.12260632972769434     
   2.8411024423593268E-002
  -7.9415764320625359E-002
 -0.13775093071990030     
  -1.5164621715601651E-002
  -5.2640730647110862E-002
  -4.1695027050877881E-002
   3.1492348537536477E-002
  -2.2617302737062295E-002
  -3.7310370645433612E-002
  0.11015476370741192     
   7.4036321657631798E-002
  -4.2129259688005329E-002
  -3.6037322114436082E-002
   7.6549583550758235E-002
   3.2792755129821535E-002
  -2.6629400871303301E-002
  -7.5903802010252763E-002
   5.5110486320430110E-003
  -5.5656817427952018E-002
 -0.14655996908696275     
   6.9367834620916918E-002
  -3.1923660542225979E-002
   3.9018694914752051E-002
  -5.7474914378953988E-002
   3.3489083479711128E-002
   6.3041037194941623E-003
  -8.0272625136704356E-002
   3.6955858503043511E-002
   2.6424821537196188E-002
  -2.5011419474855741E-003
   2.5946374550035421E-002
  0.14448870294121829     
  -7.2259757952039483E-002
   4.5474790951181267E-002
   6.1693923752954377E-002
   5.8365609813924552E-002
  -7.7120034355108683E-002
  -1.8654650840624783E-002
   5.9667642805809835E-002
  0.12503229925038487     
  -4.4014670106112368E-002
   9.9742769940963191E-002
  -5.4711636753409169E-002
   7.3260881870470029E-002
  0.11019826128894089     
   9.6156687084527251E-002
 -0.12761445685938960     
  -1.1902584494966220E-002
  0.10663142150770280     
   8.3722418751114913E-002
  -7.0376810972533288E-002
  -1.6801492496438832E-002
   1.7935441096036286E-002
   8.0172096705141314E-004
   7.4855240522744448E-002
   7.1044016520966480E-002
  -9.4205118704500726E-002
  -8.9359214871623845E-003
   3.6105342837618716E-002
   2.4115814902812730E-002
  -1.2883239163733210E-002
 -0.13610117682197342     
   9.7150980359344725E-003
  -6.4266553951360536E-002
  -4.9706160479948962E-002
  -2.0474029406151912E-002
   4.3849756771096406E-002
  -4.1042721106552695E-002
  -6.5883361965175496E-002
   2.1505240445850182E-002
  -1.5778105940756671E-002
   4.5477839506059256E-002
   3.6862106879085511E-002
  0.11513804019552039     
   3.2939896074621042E-002
   5.6482001931716513E-002
  -4.6191872104728603E-002
  -8.1855941410860569E-002
   5.1799759548630121E-002
   6.0285238558448889E-002
  -9.6595276595332499E-002
  -3.4891895210000176E-003
  -5.9036354486555392E-002
   1.9331134254325533E-002
   5.0070027502056684E-002
  0.23202925857458043     
  -3.2694765542486702E-002
   9.9036571563570312E-003
   4.3667910310737426E-002
  0.15489259950479431     
  0.12148267373589536     
   1.8842770345007653E-002
   3.8001107568340804E-002
   6.5204395984364040E-003
  -7.4165182682815689E-002
  -7.6760833698668804E-002
  -4.4164848892936752E-002
   8.8901362398416436E-002
   7.3842690399422484E-002
   4.7606313573900036E-002
   4.9017468055475029E-002
  -2.4659698311400982E-002
   4.8058962726169288E-002
  -2.1537969199427092E-003
  -3.0451900450261148E-002
   7.8223224381910567E-002
  -2.3797339457129904E-002
   8.1765243039632160E-002
  0.18169283015229057     
   2.8702032002448493E-003
  -4.4755108272252812E-002
 -0.10464195635147255     
  -6.1358137875909755E-002
  0.13600436930472359     
  -4.7565508873032729E-002
  0.12237895171285713     
   2.5423363168475037E-002
 -0.15098123750212633     
  -3.0239968334800069E-002
  0.10151031853301658     
   3.4052423484612744E-004
  -2.6474840776004874E-002
  -6.2910223960449652E-002
   1.3346814658697331E-002
  -1.1457728079918190E-003
  0.13091447315201107     
   1.5218041667492126E-002
  -2.1736904182932584E-002
   2.4439975453886803E-004
  -4.0810477808359669E-002
  -5.4375253497311433E-002
 -0.16467429492766605     
   6.6833878090937406E-003
   8.3313848808591176E-002
   2.0904278167958774E-002
 -0.10204222991183744     
   8.4697544967181296E-003
 -0.16126661473932438     
   3.8188367376632434E-002
   7.4238730596577840E-003
  -2.1745961089385320E-002
  -4.9067080801863665E-002
   1.4162414029412405E-002
  0.18807567138265019     
  0.12945220341106761     
  -6.0587384915539846E-002
   9.4198855461629562E-003
  -4.9270595908434696E-002
  -9.3273535166463320E-002
   9.7643347655006617E-005
   5.8356168727577845E-002
   9.3779724934672321E-002
   2.7621420119011052E-002
  -4.5648987295561104E-003
   2.5101165508494963E-002
  -3.7328693578191144E-002
  -9.8025714764406677E-002
   7.0384328906347729E-002
  -7.0375171396312761E-002
  -6.1684496695124463E-002
   6.9169524512370892E-002
   9.3794853979839207E-002
   8.4748721788446224E-002
  0.14076011446402981     
  0.10938562488650928     
  -8.6738484496775379E-003
  -6.1285154009111359E-002
 -0.11473584948671187     
   3.2908270517699609E-002
  -3.4387967385930654E-002
  -9.2175724099696196E-002
   7.2153605580542943E-002
 -0.21795792996999314     
  -5.3494385152407370E-002
  0.13425505583499575     
 -0.13115710167555680     
  0.22197139014532746     
  -3.3102790262875867E-002
  -9.9724211995997972E-002
   2.3837662338412252E-002
 -0.32948972112281427     
 -0.17549709592068774     
   6.0000193634621946E-002
 -0.12241435847087824     
  -3.0388578827967239E-002
  -5.2073322702451831E-002
 -0.34031696077625723     
  -9.4765631291007582E-002
   7.0115365176647376E-002
 -0.10739863342566219     
   2.5619925547403943E-002
 -0.13763029795585113     
  -1.9325954784778457E-002
  -8.3120376051420683E-002
   7.0785792799445621E-002
  0.36009456326116895     
   6.1506067982706844E-002
   5.2863829655633722E-002
  0.44257224443890608     
 -0.14628312146851624     
  0.13968187463163492     
 -0.15271899745052797     
   6.5298562286836948E-002
   6.1394125511059994E-002
  -4.9122166784079206E-002
   8.5550000779568244E-002
 -0.12303092707315545     
 -0.80582819099208258     
   7.1148107353311882E-002
 -0.14478752457179647     
  0.28349176238571733     
