  0.25626951218288568       (9.30872500256801350E-002,-5.27271068531306106E-002)               (0.0000000000000000,0.0000000000000000)               (0.0000000000000000,0.0000000000000000)
  0.25409733505360882      (-6.29403958463639699E-003,-6.70909324673987506E-002)               (0.0000000000000000,0.0000000000000000)               (0.0000000000000000,0.0000000000000000)
  0.25635169067551100           (-0.12828349241364984,-4.84158849908525660E-003)               (0.0000000000000000,0.0000000000000000)               (0.0000000000000000,0.0000000000000000)
  0.24578884506840601      (-9.97610811149511265E-003,-5.36125619953500068E-002)               (0.0000000000000000,0.0000000000000000)               (0.0000000000000000,0.0000000000000000)
  0.25961666553367158       (8.33884348511094997E-002,-4.26742594777407419E-002)               (0.0000000000000000,0.0000000000000000)               (0.0000000000000000,0.0000000000000000)
  0.25962823486254166       (-6.93073998894983782E-003,6.94178799314387612E-002)               (0.0000000000000000,0.0000000000000000)               (0.0000000000000000,0.0000000000000000)
  0.24403929976455146        (9.14785032291546563E-002,5.74708165399439447E-002)               (0.0000000000000000,0.0000000000000000)               (0.0000000000000000,0.0000000000000000)
  0.26365403089208933      (-4.10045796806720528E-002,-5.15600008180283342E-002)               (0.0000000000000000,0.0000000000000000)               (0.0000000000000000,0.0000000000000000)
  0.26318574557014812           (-4.70787464949670650E-002,-0.14488099207077607)               (0.0000000000000000,0.0000000000000000)               (0.0000000000000000,0.0000000000000000)
  0.22660382769949547           (-0.12977621726874464,-1.53848618583407159E-002)               (0.0000000000000000,0.0000000000000000)               (0.0000000000000000,0.0000000000000000)
  0.22999887187845741             (3.99265007270501460E-002,0.14228991639777910)               (0.0000000000000000,0.0000000000000000)               (0.0000000000000000,0.0000000000000000)
  0.24205091496851511       (7.36457994290153628E-002,-5.72525944243945165E-002)               (0.0000000000000000,0.0000000000000000)               (0.0000000000000000,0.0000000000000000)
  0.24370420012734814      (-3.92867705724246445E-003,-5.44094603358351997E-002)               (0.0000000000000000,0.0000000000000000)               (0.0000000000000000,0.0000000000000000)
  0.24825814689232512            (-8.06777466855648079E-002,0.13264340749122994)               (0.0000000000000000,0.0000000000000000)               (0.0000000000000000,0.0000000000000000)
  0.24531641408754523      (-3.89727952404047423E-002,-3.52801219782605605E-002)               (0.0000000000000000,0.0000000000000000)               (0.0000000000000000,0.0000000000000000)
  0.24190715269528923            (-6.25204152596301049E-002,0.10892485433534542)               (0.0000000000000000,0.0000000000000000)               (0.0000000000000000,0.0000000000000000)
  0.25619143072254152      (-7.31506054315053406E-003,-6.29567271919454358E-002)               (0.0000000000000000,0.0000000000000000)               (0.0000000000000000,0.0000000000000000)
  0.22427961661683987      (-4.62551236671782662E-002,-3.84664465449596690E-002)               (0.0000000000000000,0.0000000000000000)               (0.0000000000000000,0.0000000000000000)
  0.23895831346471025       (3.40488459626884510E-002,-1.29915564760537550E-002)               (0.0000000000000000,0.0000000000000000)               (0.0000000000000000,0.0000000000000000)
  0.23995614090730413       (2.83037371214240607E-002,-5.26127164735672587E-002)               (0.0000000000000000,0.0000000000000000)               (0.0000000000000000,0.0000000000000000)
  0.27322879533764810       (2.34609660790596440E-002,-6.51934326227307515E-002)               (0.0000000000000000,0.0000000000000000)               (0.0000000000000000,0.0000000000000000)
  0.25451647844572484      (-4.88572597481481061E-002,-5.23655790151363182E-002)               (0.0000000000000000,0.0000000000000000)               (0.0000000000000000,0.0000000000000000)
  0.24422372901541295             (0.11762154604931710,7.94298164053094807E-002)               (0.0000000000000000,0.0000000000000000)               (0.0000000000000000,0.0000000000000000)
  0.25535579423879107            (0.11813330978574307,-1.77552931472151829E-002)               (0.0000000000000000,0.0000000000000000)               (0.0000000000000000,0.0000000000000000)
  0.23533920990207671      (-4.37628180286946805E-002,-1.92210578963258431E-002)               (0.0000000000000000,0.0000000000000000)               (0.0000000000000000,0.0000000000000000)
  0.22815371863820422            (0.12251328712994212,-3.13324956398377472E-002)               (0.0000000000000000,0.0000000000000000)               (0.0000000000000000,0.0000000000000000)
  0.22529796754435474        (2.85289896472619396E-002,6.92187100721240733E-002)               (0.0000000000000000,0.0000000000000000)               (0.0000000000000000,0.0000000000000000)
  0.25997646414700565             (0.11545879864684540,9.59986658261590374E-003)               (0.0000000000000000,0.0000000000000000)               (0.0000000000000000,0.0000000000000000)
  0.23244531387540415             (4.75492859097182766E-002,0.13783656999409410)               (0.0000000000000000,0.0000000000000000)               (0.0000000000000000,0.0000000000000000)
  0.24160331752788888            (6.15596863984120279E-002,-0.17123679207998285)               (0.0000000000000000,0.0000000000000000)               (0.0000000000000000,0.0000000000000000)
  0.26561036894064138           (-4.64626521333164622E-002,-0.10051041368328192)               (0.0000000000000000,0.0000000000000000)               (0.0000000000000000,0.0000000000000000)
  0.22058230309650440       (2.32403290448796492E-002,-1.18631307716925809E-002)               (0.0000000000000000,0.0000000000000000)               (0.0000000000000000,0.0000000000000000)
  0.23706241112926676            (9.69765617341020875E-002,-0.17778889466691630)               (0.0000000000000000,0.0000000000000000)               (0.0000000000000000,0.0000000000000000)
  0.24860809186235863             (0.16329395076353176,3.24599069937281659E-002)               (0.0000000000000000,0.0000000000000000)               (0.0000000000000000,0.0000000000000000)
  0.25541619586992176       (-7.86824262305445971E-002,7.63717305020931575E-002)               (0.0000000000000000,0.0000000000000000)               (0.0000000000000000,0.0000000000000000)
  0.25683780755408225       (-5.32733848562202544E-002,6.90828254522029769E-003)               (0.0000000000000000,0.0000000000000000)               (0.0000000000000000,0.0000000000000000)
  0.25613129910624899           (-2.00115814624277147E-002,-0.10260040156564849)               (0.0000000000000000,0.0000000000000000)               (0.0000000000000000,0.0000000000000000)
  0.23058724056608967            (1.91083626623999719E-002,-0.11346631556761730)               (0.0000000000000000,0.0000000000000000)               (0.0000000000000000,0.0000000000000000)
  0.22524858954145618        (4.13419921509598168E-003,1.65870223518527517E-002)               (0.0000000000000000,0.0000000000000000)               (0.0000000000000000,0.0000000000000000)
  0.22764622016643349       (8.83900753289456886E-002,-6.72327763397770894E-002)               (0.0000000000000000,0.0000000000000000)               (0.0000000000000000,0.0000000000000000)
  0.24114958839846051       (9.88788459797682040E-002,-3.64173811834788211E-002)               (0.0000000000000000,0.0000000000000000)               (0.0000000000000000,0.0000000000000000)
  0.22906872763288152       (-4.06075669315815652E-004,6.03977356024318415E-002)               (0.0000000000000000,0.0000000000000000)               (0.0000000000000000,0.0000000000000000)
  0.22483200405452375       (-9.89908639270569990E-002,7.64640088669171214E-002)               (0.0000000000000000,0.0000000000000000)               (0.0000000000000000,0.0000000000000000)
  0.27424531221128251       (-2.82751119215144406E-003,4.20612093610913187E-002)               (0.0000000000000000,0.0000000000000000)               (0.0000000000000000,0.0000000000000000)
  0.25234343715033625      (-4.46028496506902482E-003,-7.49704230323541693E-002)               (0.0000000000000000,0.0000000000000000)               (0.0000000000000000,0.0000000000000000)
  0.22952726798926842      (-2.22217284649786247E-002,-2.68915418194828858E-002)               (0.0000000000000000,0.0000000000000000)               (0.0000000000000000,0.0000000000000000)
  0.25088426418020049        (5.99877079942413224E-002,1.69360148715326231E-002)               (0.0000000000000000,0.0000000000000000)               (0.0000000000000000,0.0000000000000000)
  0.22714041704220683      (-1.45297267623330437E-002,-9.19135585099310898E-002)               (0.0000000000000000,0.0000000000000000)               (0.0000000000000000,0.0000000000000000)
  0.24394426506777472            (-0.11641186780262720,5.75723031477471739E-002)               (0.0000000000000000,0.0000000000000000)               (0.0000000000000000,0.0000000000000000)
  0.24480713756425754             (0.12300314014347799,8.01754277546215255E-002)               (0.0000000000000000,0.0000000000000000)               (0.0000000000000000,0.0000000000000000)
  0.25172706050126187            (7.85822840192060418E-002,-0.10001462179403064)               (0.0000000000000000,0.0000000000000000)               (0.0000000000000000,0.0000000000000000)
  0.24927703378257116            (0.10202122911110122,-5.93736812249248506E-003)               (0.0000000000000000,0.0000000000000000)               (0.0000000000000000,0.0000000000000000)
  0.25516602220919710      (-2.34604735613572115E-003,-5.40684683932576918E-002)               (0.0000000000000000,0.0000000000000000)               (0.0000000000000000,0.0000000000000000)
  0.22999927591691538            (-3.29411832522517739E-002,0.15297294487973917)               (0.0000000000000000,0.0000000000000000)               (0.0000000000000000,0.0000000000000000)
  0.24814994640411356       (7.21143050528641333E-002,-2.31385274505132091E-002)               (0.0000000000000000,0.0000000000000000)               (0.0000000000000000,0.0000000000000000)
  0.24257425373108185                 (0.15008793842330534,-0.14325778337987435)               (0.0000000000000000,0.0000000000000000)               (0.0000000000000000,0.0000000000000000)
  0.23313668192517720       (5.01443733804087174E-002,-1.54565198227504599E-002)               (0.0000000000000000,0.0000000000000000)               (0.0000000000000000,0.0000000000000000)
  0.22888294601509981        (2.53274111483804132E-002,4.11195135591993430E-002)               (0.0000000000000000,0.0000000000000000)               (0.0000000000000000,0.0000000000000000)
  0.24198797766312263       (-7.24163684891751952E-002,4.54463991152029290E-002)               (0.0000000000000000,0.0000000000000000)               (0.0000000000000000,0.0000000000000000)
  0.24056521303361864        (4.78592941588124390E-002,7.79909526276428237E-003)               (0.0000000000000000,0.0000000000000000)               (0.0000000000000000,0.0000000000000000)
  0.23918576381952866             (8.71114369896640872E-002,0.15495760965244060)               (0.0000000000000000,0.0000000000000000)               (0.0000000000000000,0.0000000000000000)
  0.25297989223427547            (7.57405324510359856E-002,-0.12672160394749915)               (0.0000000000000000,0.0000000000000000)               (0.0000000000000000,0.0000000000000000)
  0.25050218336265956       (-6.84887443963990983E-002,2.51034062524460484E-002)               (0.0000000000000000,0.0000000000000000)               (0.0000000000000000,0.0000000000000000)
  0.24971475585159769        (4.17079104907080479E-003,3.51512809341833904E-002)               (0.0000000000000000,0.0000000000000000)               (0.0000000000000000,0.0000000000000000)
  0.25831112478532026       (5.55471266726899685E-002,-2.04073138084257290E-002)               (0.0000000000000000,0.0000000000000000)               (0.0000000000000000,0.0000000000000000)
  0.23828966701521087            (0.11225048667256704,-1.15818820385196683E-002)               (0.0000000000000000,0.0000000000000000)               (0.0000000000000000,0.0000000000000000)
  0.25529513832679002           (-0.12689715793145029,-5.03828945919274768E-002)               (0.0000000000000000,0.0000000000000000)               (0.0000000000000000,0.0000000000000000)
  0.21724417243069333             (1.43356408565730401E-002,0.11229229553667312)               (0.0000000000000000,0.0000000000000000)               (0.0000000000000000,0.0000000000000000)
  0.22620857922539014        (8.39398983457833592E-002,8.65560865337176681E-003)               (0.0000000000000000,0.0000000000000000)               (0.0000000000000000,0.0000000000000000)
  0.25555330821079020       (-6.68827521195537039E-002,3.11585950043732907E-002)               (0.0000000000000000,0.0000000000000000)               (0.0000000000000000,0.0000000000000000)
  0.25563383003243456            (0.12534575275129262,-6.60735728534124211E-002)               (0.0000000000000000,0.0000000000000000)               (0.0000000000000000,0.0000000000000000)
  0.25819392024770454            (4.29025838245916807E-002,-0.13915582525445136)               (0.0000000000000000,0.0000000000000000)               (0.0000000000000000,0.0000000000000000)
  0.26594836470324773            (-0.10621754109907011,7.18747398738804784E-003)               (0.0000000000000000,0.0000000000000000)               (0.0000000000000000,0.0000000000000000)
  0.25480593798911599       (-2.31233258463311511E-002,7.95155787760055133E-002)               (0.0000000000000000,0.0000000000000000)               (0.0000000000000000,0.0000000000000000)
  0.24337069043284512            (0.17208240335148525,-7.76786331004343383E-002)               (0.0000000000000000,0.0000000000000000)               (0.0000000000000000,0.0000000000000000)
  0.25113390270899744            (0.10949579422492037,-1.61138238637444677E-002)               (0.0000000000000000,0.0000000000000000)               (0.0000000000000000,0.0000000000000000)
  0.22600699827779011      (-5.39988781713125893E-002,-3.38339217822308871E-002)               (0.0000000000000000,0.0000000000000000)               (0.0000000000000000,0.0000000000000000)
  0.25407900057473304      (-1.03887777919597392E-002,-1.81269306212184719E-002)               (0.0000000000000000,0.0000000000000000)               (0.0000000000000000,0.0000000000000000)
  0.26003058293931791                 (-0.10463312454499633,0.13751258052030668)               (0.0000000000000000,0.0000000000000000)               (0.0000000000000000,0.0000000000000000)
  0.23019429254604062       (9.92491742084261747E-002,-8.59225856203183203E-002)               (0.0000000000000000,0.0000000000000000)               (0.0000000000000000,0.0000000000000000)
  0.23793857659465700       (8.60965878255444683E-002,-3.95289620349680362E-002)               (0.0000000000000000,0.0000000000000000)               (0.0000000000000000,0.0000000000000000)
  0.23366303485117981       (4.29185843770498454E-002,-3.80459263028560674E-002)               (0.0000000000000000,0.0000000000000000)               (0.0000000000000000,0.0000000000000000)
  0.23906070340963417      (-4.00364161079119346E-002,-4.67267683925480792E-002)               (0.0000000000000000,0.0000000000000000)               (0.0000000000000000,0.0000000000000000)
  0.23157993550733053            (0.11444126350465851,-8.18730147397163655E-002)               (0.0000000000000000,0.0000000000000000)               (0.0000000000000000,0.0000000000000000)
  0.23797438813969551      (-8.36277622573839557E-002,-8.82167640629911570E-002)               (0.0000000000000000,0.0000000000000000)               (0.0000000000000000,0.0000000000000000)
  0.24881138014152121            (-6.54789781756154876E-002,0.11737286213594160)               (0.0000000000000000,0.0000000000000000)               (0.0000000000000000,0.0000000000000000)
  0.24055373831099230             (0.18505713908709698,1.24288671324588734E-002)               (0.0000000000000000,0.0000000000000000)               (0.0000000000000000,0.0000000000000000)
  0.26365994769354456           (-9.22899462539672893E-002,-0.11411086251756171)               (0.0000000000000000,0.0000000000000000)               (0.0000000000000000,0.0000000000000000)
  0.24919479816677920        (1.57304748356430005E-002,1.71900569655789341E-003)               (0.0000000000000000,0.0000000000000000)               (0.0000000000000000,0.0000000000000000)
  0.25469724603130633           (-5.49418930777144654E-002,-0.11325925430979709)               (0.0000000000000000,0.0000000000000000)               (0.0000000000000000,0.0000000000000000)
  0.25407738091648208       (-1.22974866394587028E-002,2.44225260451676057E-002)               (0.0000000000000000,0.0000000000000000)               (0.0000000000000000,0.0000000000000000)
  0.23850830231680781      (-2.94614216798386765E-002,-4.06296319867804345E-002)               (0.0000000000000000,0.0000000000000000)               (0.0000000000000000,0.0000000000000000)
  0.25008841389089942       (-8.84061877535098628E-002,4.06248048923108732E-003)               (0.0000000000000000,0.0000000000000000)               (0.0000000000000000,0.0000000000000000)
  0.25147776852541009            (0.12495031676567284,-9.94842209547489448E-002)               (0.0000000000000000,0.0000000000000000)               (0.0000000000000000,0.0000000000000000)
  0.25408990549548210        (4.67308811183766090E-002,5.73380980009778399E-002)               (0.0000000000000000,0.0000000000000000)               (0.0000000000000000,0.0000000000000000)
  0.24995789253104347             (0.15404238457201169,1.99907839008567605E-003)               (0.0000000000000000,0.0000000000000000)               (0.0000000000000000,0.0000000000000000)
  0.24676005044888771             (4.31641514890720099E-002,0.11742396342042663)               (0.0000000000000000,0.0000000000000000)               (0.0000000000000000,0.0000000000000000)
  0.23385346320898565            (0.13274768930941361,-1.54510717901759735E-002)               (0.0000000000000000,0.0000000000000000)               (0.0000000000000000,0.0000000000000000)
  0.24122961177656069        (9.82638376770018918E-002,5.56477386839014862E-002)               (0.0000000000000000,0.0000000000000000)               (0.0000000000000000,0.0000000000000000)
  0.25773604282160745            (-6.64921942292986817E-002,0.16097833019153435)               (0.0000000000000000,0.0000000000000000)               (0.0000000000000000,0.0000000000000000)
