   1.0000000000000000     
  0.26856729580207822     
   3.3501051305708747E-002
  -2.8263060529246695E-002
   6.6100747738260350E-003
 -0.10650515694936050     
  -8.2661173058333842E-002
  -2.9122444810584663E-002
   1.2896760007213294E-002
 -0.22164702114565207     
 -0.13634567325993607     
  -4.1965433192649837E-002
   9.2089387280622909E-002
   8.9570828678462486E-002
  0.14657962141706099     
  -4.8346321251053460E-002
  -1.1215486205666590E-002
   2.5526081269354857E-002
  0.15632373578050190     
  -1.2699443702040970E-002
  -2.8305580680623946E-003
   2.3089689225895830E-002
 -0.12785381103968640     
 -0.20467974966305541     
  -5.4051621819785241E-002
  -3.8264305013381766E-002
   2.1749593167749187E-002
  -4.9352346890412589E-002
 -0.15126116999333317     
  -6.0855669669840635E-002
  -6.6723344711047086E-002
   7.3896276479898951E-002
  0.12242865036211262     
  0.13504959849059850     
  -1.4909797950060248E-002
   3.4315826454227563E-003
 -0.13440925375514887     
  -7.4991434558353900E-002
  -8.6736361762472500E-002
  -1.4812331741360069E-002
  -2.9418517932990353E-002
  -6.8307433738874254E-002
 -0.14081006409038552     
  -2.2818460948903049E-003
  -3.6994343798907211E-004
   9.4593030663485525E-002
  -7.8100669506033615E-002
   6.1937409267144021E-002
   4.1611934900292497E-002
  0.16590340252948146     
   8.8870882989555103E-002
  0.16590340252948146     
   4.1611934900292503E-002
   6.1937409267144049E-002
  -7.8100669506033671E-002
   9.4593030663485470E-002
  -3.6994343798907867E-004
  -2.2818460948903253E-003
 -0.14081006409038560     
  -6.8307433738874268E-002
  -2.9418517932990294E-002
  -1.4812331741360076E-002
  -8.6736361762472472E-002
  -7.4991434558353928E-002
 -0.13440925375514892     
   3.4315826454227741E-003
  -1.4909797950060285E-002
  0.13504959849059855     
  0.12242865036211267     
   7.3896276479898937E-002
  -6.6723344711047100E-002
  -6.0855669669840663E-002
 -0.15126116999333308     
  -4.9352346890412555E-002
   2.1749593167749173E-002
  -3.8264305013381794E-002
  -5.4051621819785192E-002
 -0.20467974966305535     
 -0.12785381103968638     
   2.3089689225895823E-002
  -2.8305580680623977E-003
  -1.2699443702040953E-002
  0.15632373578050185     
   2.5526081269354840E-002
  -1.1215486205666600E-002
  -4.8346321251053516E-002
  0.14657962141706107     
   8.9570828678462472E-002
   9.2089387280622867E-002
  -4.1965433192649823E-002
 -0.13634567325993605     
 -0.22164702114565210     
   1.2896760007213303E-002
  -2.9122444810584673E-002
  -8.2661173058333787E-002
 -0.10650515694936047     
   6.6100747738260315E-003
  -2.8263060529246677E-002
   3.3501051305708733E-002
  0.26856729580207822     
