  0.99899999999961142     
  0.49721504665900779     
  0.33084584595621386     
  0.21124964051478753     
  0.14958808424908035     
  0.10788349368852622     
   4.3213828453712001E-002
  -6.3711996832709747E-003
  -5.4627572271277118E-002
  -5.7534627869224426E-002
  -8.4815072397508698E-002
  -7.8887626474260522E-002
  -6.7538162520197398E-002
  -5.7804707053321573E-002
  -8.4266683347453533E-002
  -8.1419745110924535E-002
  -6.2309775922931465E-002
  -3.0093084048253012E-002
  -1.5626870198078350E-002
  -1.8245270309407145E-003
   1.7174812766832501E-002
  -1.5194724623670639E-002
   2.2365232881641373E-002
   3.8913015676843660E-002
   3.3347940662718470E-002
   2.1860615068620592E-002
  -1.2435445315888551E-002
  -1.6022894527669047E-002
   2.3469629656215289E-002
   4.5332791881901868E-002
   1.1745580814015456E-002
   1.9516385786186318E-002
   3.7681778408692093E-002
   2.2211782051528576E-002
  -3.7644962079552043E-002
  -4.7520637082556369E-002
  -2.0686516302240440E-002
  -1.7647162066815367E-002
  -3.0913150763317819E-002
  -4.9894862996669460E-002
  -2.9214417932918225E-002
   5.3904143371808827E-003
   2.8204036634696928E-003
   1.7108114516192423E-002
   1.4461817700541547E-002
   6.3265435254079433E-002
   4.3380183008026499E-002
   2.1279551137433947E-002
   2.8475451604866579E-002
   2.7615868085968394E-002
   2.1594870263979379E-002
   3.9205220154222800E-002
   1.8269395982110168E-002
   1.3082157580787139E-003
  -5.7644105693441972E-002
  -6.7693972929722970E-002
  -3.3772121459427505E-002
  -1.0220032783783934E-002
  -6.3900464314039878E-004
   7.0350664267008114E-003
   9.4719108498579087E-004
  -3.5693293055584531E-002
  -2.8069399033734923E-002
   1.4478777154548313E-002
   2.5146261402943852E-002
   1.3312791334808890E-002
   1.4297966768358856E-002
  -2.3615474520897295E-002
   1.7352947191657808E-002
   2.0184995374356852E-002
   2.6435606421620052E-002
   3.7832213405746253E-002
   3.2337783869449362E-002
   2.5979396175672166E-002
   3.1418112901034488E-002
   3.8158716321699843E-002
   2.7458669853798780E-002
   1.7460810105128250E-002
  -4.7950778116028162E-003
   4.2121581358761630E-002
   2.0059761232179507E-002
  -1.1244596931377034E-002
  -2.8080064603128840E-002
   2.4397746298433928E-002
   1.2416856618140137E-002
   2.5098290033326850E-002
   8.6175621219282423E-003
  -7.8908532609931539E-003
  -5.0718174896611555E-003
  -7.3225412770752632E-002
  -8.7973246518975395E-002
 -0.12257610011100183     
 -0.13601847404235742     
 -0.15464254846234946     
 -0.11936232629793944     
  -8.2822441378245931E-002
  -3.1851710507036987E-002
  -4.8000277818071362E-002
  -6.2468682079758621E-002
  -4.9921497883636833E-002
  -4.7243183940987810E-002
  -2.3159925153153488E-003
   4.5292777660939927E-002
   3.4526684200126764E-002
   3.4354595425571469E-002
   4.6204721090971602E-002
   4.4982910144290445E-003
   4.2448138893719255E-002
  0.10293050024044477     
   9.1198410465731655E-002
   7.3566176382637682E-002
   5.4102314612646175E-002
   5.1580452068659820E-002
   2.8135727095688776E-002
   9.2035767916686002E-003
   2.9069735423889801E-002
   3.6399641951623755E-002
   9.4479960037000835E-002
   6.8608391460401277E-002
   6.7334958605552650E-002
   2.6232098562908420E-002
   1.7655348273836309E-002
  -1.4452910300016083E-002
  -1.8445797918063500E-002
  -5.9645292251928493E-003
  -5.1912634722180604E-003
  -2.0285078446363680E-002
   1.2596824414768419E-002
   2.1716106930861307E-002
  -6.3475156970780079E-003
  -7.2666575658630146E-003
   1.2473805948199364E-002
   4.3731327157377785E-002
   2.4405928331377783E-002
   4.0741971527034355E-002
   3.1846392491350475E-002
   4.9700983092496605E-002
   3.2229862202708202E-002
   6.5021913111211280E-003
   1.1678808052891048E-003
   3.6021896855608478E-002
   2.2044285883977242E-002
  -3.5767146371211395E-002
  -1.3889309500585739E-002
  -2.6322040635496063E-002
  -4.4549331422674872E-002
  -5.6117557741080869E-002
  -2.5448093347654546E-002
  -2.5302509778021544E-002
   1.4549688187940140E-003
  -1.0101504685337602E-002
  -1.4268196430959508E-003
  -1.4872545543147686E-002
   4.6917932134463575E-002
   3.7019071528923801E-002
   4.4827438093926537E-002
   4.7942085735216099E-002
   2.1618769549139227E-002
   2.6361315363970125E-002
   3.0017194593230288E-002
   5.3858770510607452E-002
   1.4453961699387546E-002
   9.4847163823877405E-005
  -2.8789656407611115E-002
  -2.8504502911840375E-002
  -4.0377823915405786E-002
  -3.6935516802526608E-003
  -2.3613499659542035E-002
  -4.1450212043640765E-002
  -3.2087757264558675E-002
  -5.2842631892889819E-002
  -5.3320818649389659E-002
  -5.6352332099318461E-002
  -4.9583608375214819E-002
  -5.8621118303888241E-002
  -4.2935905574039541E-002
  -2.2195949994186288E-002
  -4.4564741199359256E-002
  -5.8668448067480471E-002
  -3.9201437358898833E-002
  -9.2959631001917221E-003
   6.0827792364795033E-002
   6.6061803089874860E-002
   5.2954124471265872E-002
   5.7428473432167851E-002
   6.8228385353067689E-002
   8.2316231890804448E-002
   7.6044824661503543E-002
  0.10741609634800312     
  0.12161126679147906     
  0.10250534527209451     
   8.1946154908716706E-002
   7.8283709452406050E-002
   5.9096513030664183E-002
   2.0868218212817140E-002
   1.9465777200662806E-002
   5.4895620287903214E-002
  -1.1660720718535331E-002
   2.5378320642827634E-003
  -6.7230455070316178E-002
  -8.6785672196129107E-002
  -6.4485522624203095E-002
  -2.4818504569036542E-002
  -1.3054028661844427E-002
  -2.5220687863457478E-002
  -2.7090788491921189E-002
  -7.8595860700996362E-003
  -5.0433098034584171E-003
  -3.5674068032283242E-002
  -2.4356776409755462E-002
  -4.4748919201172278E-002
  -4.8904846648272883E-003
   4.9104223997530104E-003
   2.7320268022209097E-002
  -8.2391499985978636E-003
  -2.9662762682125109E-002
  -2.9976041788075735E-002
  -3.3947404167563665E-002
  -5.3405744490182268E-002
  -3.5522566455891330E-002
  -7.0433840247345988E-002
  -7.9898619564062037E-002
  -8.0370853078750595E-002
  -4.7949213679422197E-002
  -2.8032340002554352E-002
   3.4634674966757171E-003
   4.1495166961083400E-002
  -4.3854883942839179E-003
   2.9972083659700895E-002
   7.2772952490428007E-003
   3.6131832619211053E-002
   3.3281212850460408E-002
   5.0245333369953862E-002
   1.0446689601201140E-002
   3.7699818598962730E-002
   2.3457636275518855E-002
   4.1560270519730692E-002
  -1.3651516383758854E-002
  -3.3959149123053055E-002
  -2.4788913853221274E-002
  -6.1013050596790450E-002
  -2.9038195983086205E-002
  -6.0621898388454179E-002
  -6.8647845157310913E-002
  -6.3749258853478902E-002
  -4.4039730726947120E-002
  -5.1998734331980878E-002
  -5.5288658508981195E-002
  -4.8431758414326731E-002
  -3.7806304937709340E-002
  -6.7094436352798173E-002
  -3.6259799552523377E-002
   2.5782559850942594E-002
   3.1057868740109063E-002
   8.6828730236450088E-002
   7.6273645590313410E-002
   7.4834241198130216E-002
   4.3584249454965286E-002
   6.6305074130592057E-002
   6.8507698370350423E-002
   7.3851357366050252E-002
   7.3765664454007229E-002
   7.9607248947500514E-002
   6.1088436480849377E-002
  0.11344912746536978     
  0.12462835251248182     
   8.3945835384158771E-002
   3.5034436591952600E-002
   6.3564585594401590E-002
   2.7438868433067580E-002
  -2.3176966502770718E-002
  -2.0822361462063121E-002
  -3.9957960461689743E-002
  -6.4714844572180241E-002
 -0.10763251320710929     
  -8.3182433619117244E-002
  -7.9876904199058255E-002
  -3.0076061269758630E-002
  -3.7083898972953548E-002
  -9.0620035256477355E-002
  -9.2118260521864365E-002
  -3.7454165418239885E-002
   9.4933095223822348E-003
   4.1135829873425511E-002
   8.5417020161306881E-002
   5.7708675248548329E-002
   3.7651550730351262E-003
   1.8465443876712850E-002
   2.0984413622417986E-002
   3.8929545867276864E-002
   4.8236001691273282E-002
   5.0035968793110959E-002
   1.3751661057587501E-002
   4.9792575868180804E-002
   4.7029285591793098E-002
  -7.6496953681499530E-003
   6.2305467836659091E-003
   9.7886555683830059E-003
  -1.1508122365627175E-002
  -9.1166933448696419E-003
   2.4309400545843417E-003
  -1.2733514795279181E-002
  -2.3245627595736958E-002
  -1.9199237769001079E-002
  -6.6397585889172005E-003
   2.8725140191583103E-002
   1.3200665847342280E-002
   4.3266497412861094E-002
  -3.6195480185350405E-003
   5.7389095248479134E-002
   3.9749573535028913E-002
   5.0323369906031062E-002
  -1.1914846091804203E-003
   2.0163139489180696E-002
   1.1246097762661493E-002
   1.2040960120822572E-002
   3.5060995255360621E-003
  -1.8726353210400632E-002
  -3.9831563381846229E-002
  -3.5473119307056357E-002
  -2.0358613536458962E-002
  -3.7537370020984014E-002
   1.7522141331328470E-002
  -2.0393286812514205E-002
  -1.6110526261877228E-002
  -1.7921422032543505E-002
   2.6834209210302154E-003
   7.7059027742149575E-003
   5.1306313606474918E-002
   1.5925887238301659E-002
  -6.7875601325313078E-003
  -1.4878986998641390E-002
  -4.5497994844064839E-002
  -6.7748928845869139E-002
  -3.6634985803252411E-002
  -1.5658747241679705E-002
   4.1244367972220579E-002
   2.3367855611512941E-002
   1.8341764280284625E-002
   8.8853323343836693E-003
   1.5580898928018852E-002
   2.0981853689697167E-004
   3.0670959315345294E-003
   8.8387087310732131E-003
  -7.2772698942868011E-003
  -3.3136521458742962E-002
  -5.6283868191615891E-002
  -6.6325470588840904E-002
  -1.7485277631560634E-002
  -2.9908067325468597E-002
  -4.2516218434827835E-002
  -1.4426600809327944E-002
  -5.0678041091352218E-002
  -1.5086659520024937E-002
  -5.6521222749966335E-002
  -6.0027977763454650E-002
  -6.1074020912815837E-002
  -9.5606040809510517E-002
 -0.11984858448367447     
 -0.10956186480779657     
  -9.7448334285992755E-002
 -0.11923546311324550     
  -9.3753825790514222E-002
  -7.2998707553460315E-002
  -3.0120876257738266E-002
  -2.1463703082957978E-002
  -4.2575195152638905E-002
   1.5020464504156970E-002
   7.2155033422861781E-002
   4.2945015444994697E-002
   2.3479989908131379E-002
   3.0455483312306651E-002
   9.7110296069136945E-002
  0.14710976977080775     
   7.1274469514178887E-002
   4.0133977514582156E-002
   2.5998332295421808E-002
   7.1666205529424015E-002
   2.2520563518196204E-003
  -4.4468147455166565E-003
  -4.5428031269518214E-002
  -5.4174633405118758E-002
  -5.1721422392440694E-002
  -3.7847050319709731E-002
  -3.3113454240115497E-003
   2.1812105308826386E-002
   1.6903963760199991E-002
   1.8321712697982589E-002
   3.5814149856232921E-002
   6.5596989254262435E-003
  -9.3395093457313873E-003
  -7.3654137203678055E-002
  -2.8177108643013690E-002
  -5.2789453900986300E-002
  -3.1100811796854637E-002
  -1.5127155833521411E-002
  -2.1803798642671735E-002
  -3.5080770240583772E-002
  -6.3197042153713801E-002
  -3.2109930650657842E-002
   2.2125464561988210E-002
   7.5382714345610294E-002
   6.5658321807507136E-002
   1.5112344146040936E-002
   1.8735512196376723E-002
   2.5347943902125102E-002
  -2.1033968130038543E-002
  -4.5691406186315529E-002
  -6.5946499492995012E-002
  -5.5643557930700388E-002
 -0.11056515454873743     
 -0.13924256800245347     
 -0.10692652580357534     
  -9.1687978641345091E-002
  -1.2160724025114523E-002
  -1.9882263462256307E-002
  -4.4296813585937558E-003
   1.5168108559698638E-002
   8.2264390070587792E-002
   8.2678113442431977E-002
   9.1278136442459967E-002
  0.11370438564248503     
  0.11520706699777608     
  0.11526596675910768     
  0.11316803436900398     
   5.4260705260489595E-002
   9.3867993261604089E-003
  -3.2988189389887858E-003
   1.0179316760707421E-002
  -6.2143468598770249E-002
  -4.3578672110191716E-002
  -9.4241420566697598E-002
  -4.5358246978277492E-002
  -2.9344793447441463E-002
  -2.0161335246291189E-004
  -3.1096736882252750E-002
  -3.6715122233939770E-003
   2.5240363130592216E-002
   2.6703586394784436E-002
   5.5094549247405880E-002
   2.4733531429351117E-002
   4.9030163626335541E-002
   1.2560882465916721E-002
  -5.8841208857960082E-003
   2.2085189629557498E-002
   4.8122700307784455E-002
   8.4673724004538958E-002
   9.3029531294475512E-002
   8.2062201679782204E-002
   4.0449500582061662E-002
   9.3531115790468744E-002
   9.5568091093094665E-002
  0.11341737908950929     
   7.1884220381233613E-002
   6.1939771823551253E-002
   4.2358060860391837E-002
   2.5450705170668057E-002
   3.7907187376352000E-002
   3.3721540896659692E-002
  -2.5309345046004128E-002
  -2.3902316443359700E-003
  -3.1751539970924419E-002
  -6.2650538195491032E-002
  -4.7382874051703182E-002
  -4.4346946959921162E-002
  -2.0786929999009683E-002
  -4.5720745648499268E-002
  -2.9086709422510956E-002
  -4.3826231848382427E-002
  -3.2824209869677795E-002
  -6.2871066393827644E-003
   5.5946585703843699E-002
   3.8576552073000106E-002
   5.5736806226645098E-002
   2.7517396679899674E-002
   1.4628650306248969E-002
  -2.7626345763601495E-002
  -4.9896876112185462E-002
  -5.4254362487549314E-002
  -4.4584606469115166E-003
   6.6866324038275943E-003
  -5.4482611684937565E-002
  -5.5917844216345818E-002
  -6.6624755461853341E-002
  -4.9791936241132491E-002
  -9.1245021771044522E-003
  -8.4047817934818133E-003
   1.1175263570314632E-002
  -6.0409206027069125E-002
   6.2222811065063008E-003
  -9.3606275438714946E-003
   2.6970491439818910E-002
   6.9477884966955436E-002
   1.0272345543022190E-002
   2.0400099194635490E-002
  -1.7792011688456299E-002
  -2.0768596660290038E-002
  -2.7982696768337350E-002
  -3.5249797755621738E-002
  -4.9019262607589729E-002
  -3.0702897647769404E-002
  -6.5101251221422268E-002
  -6.3921859262420638E-002
  -2.9726655415884207E-002
   3.9421223626208167E-002
  -3.5148681260498494E-003
  -3.6162546169760626E-002
  -1.2821124167278952E-003
  -2.0661656131074631E-002
   4.1368424369774021E-003
  -4.3871348263033703E-002
  -2.0646248707954585E-003
  -1.5330138166486276E-002
   6.9372207334509502E-003
  -8.8536052583819934E-004
  -6.2883633406305359E-002
   6.4195326557334271E-003
   5.0200108168362366E-002
   4.3322901467184871E-002
   6.8835342401601975E-003
   4.0501264478698153E-002
   1.1121874056738174E-002
   1.0408595057784761E-002
   2.3779554328752658E-002
   7.7841090492694236E-003
  -2.8744328823937671E-002
  -7.7738071921569618E-002
 -0.10598879468605184     
 -0.12716992785324949     
 -0.10903221460119722     
  -7.0870935273569940E-002
  -4.7475261157399168E-002
  -3.6711629205341580E-003
   5.6412511996526086E-003
   3.1255761435850628E-003
   2.2091665523580405E-002
   2.7082632788470333E-002
   3.2594872531784058E-002
  -4.1769004764665663E-002
  -5.9945033844393453E-002
  -9.7456690608162630E-002
  -8.8023271359030236E-002
 -0.10302897798665210     
  -8.5534290392332152E-002
 -0.10227920288720684     
  -6.8879844750807245E-002
 -0.10159299732802557     
 -0.11997868428662743     
  -4.9022191152050594E-002
  -5.5863523791879527E-004
  -7.9587244653302157E-003
  -2.5053682995558071E-002
   9.8861847356518859E-003
   4.9687506442386634E-002
   9.3310817098163953E-002
  0.10950241890261170     
   9.9517657474774354E-002
   3.9850293293770080E-002
   4.6819311285891084E-002
   6.5399259126390941E-002
   1.5041294803121887E-002
   4.3044031544025280E-002
   2.2621479092263811E-002
   1.0915858550790091E-002
  -4.2680302461997784E-002
  -3.1323695459790378E-002
  -8.4274302836494092E-002
 -0.10766287293484947     
 -0.10976031203542971     
 -0.11386619920848620     
  -8.4949855799089563E-002
 -0.11163364475821123     
 -0.13183722603375769     
  -6.8281708140828276E-002
  -4.0836934967324245E-003
   2.0619161127193118E-002
   4.5136136379399276E-002
   8.8632425863177058E-002
   3.5589063173121459E-002
   2.5955847362657297E-002
   7.8221593159873593E-002
  0.10653730689446045     
   8.0965745407642314E-002
   7.5215506621576653E-002
   3.5628402301290094E-002
  -4.2074750920601325E-002
  -7.5682749717737058E-002
  -7.1163855573074794E-002
  -6.5934988496101202E-002
  -7.0965340671284530E-002
  -2.2761146982480593E-002
  -5.1112236420802426E-002
  -2.3676063253216310E-002
   2.5303679889602068E-002
   5.7792375866189225E-002
   2.0691057887881923E-002
   1.9388775955317256E-002
  -8.0958905451805081E-003
  -3.8326715271131732E-002
   1.8593338536534085E-002
   3.2020329841890849E-002
   1.5388530227196525E-003
  -1.3089781884259074E-002
  -1.2096680137913613E-002
   3.5711846743913048E-002
   2.8526605397154368E-002
   2.5507627408453162E-002
   1.3008499078737058E-002
   1.9425213268632276E-002
   7.0531514523801972E-004
  -1.8692899960969477E-002
  -2.9890642443922994E-002
  -4.2998478774460662E-002
  -1.6304598902393285E-002
  -4.0266216327691562E-002
 -0.10503093776077446     
  -6.2810248039812278E-002
  -9.8660869835076451E-002
  -4.7662938786360819E-002
   1.0013465737512576E-002
  -3.3316620043644996E-002
   7.3444050162717062E-004
  -1.8579381962202563E-002
  -5.8985230399052985E-002
  -5.4805096996774792E-002
  -2.4235925288352545E-002
  -1.8432187318464643E-002
  -2.6852985729032549E-002
  -1.7617379248385911E-003
   1.0596603461394537E-002
   3.7545647730134059E-002
   3.1595828805905231E-002
   8.4003626765669998E-002
   9.8942685079118603E-002
   6.1830716168246980E-002
   7.8805317586275514E-002
   3.6454671247183705E-002
   9.5925702272645699E-002
   4.2600734345543040E-002
   6.1040363005310509E-002
   8.2336509599093027E-002
   2.9649389324529006E-002
  -2.7030279364409892E-002
 -0.13112740100762871     
 -0.12389263358479662     
 -0.10336076175645802     
 -0.11189348337496842     
 -0.13144499782784538     
  -9.4466628791677221E-002
  -2.2409638436383276E-002
   1.8327002563661977E-002
   2.8406719871719558E-002
   5.3622761341934617E-002
   5.4078010551250999E-002
   3.8419943021015833E-002
   2.5741441591999682E-002
   5.9090778874740235E-002
  0.12078946304770202     
  0.17987185150756815     
   8.8446368441577189E-002
  0.10039713080722625     
   6.5877546325098554E-002
   5.1304922728187964E-002
  -6.8409765420238324E-003
  -1.2376531698580934E-005
  -6.0239554676289567E-002
  -5.5058988325138128E-002
  -7.4236659238515079E-002
  -6.3522129156739840E-002
  -7.0350222983706356E-002
  -3.9814441374853259E-002
 -0.11336002899270968     
 -0.11902902729231783     
  -7.0805602316287172E-002
 -0.15620585202359716     
 -0.14866563545077785     
 -0.12162288708540861     
  -8.0155088681315961E-002
  -8.7165849087766489E-003
  -4.3457652651958223E-002
  -2.9936883726985605E-002
  -3.9806863157883787E-002
   1.2761326732613010E-002
  -3.1513491837252244E-002
  -7.5614344498044703E-002
  -3.9427814931112401E-002
  -7.9824011821837279E-002
  -7.2348338723713684E-002
  -1.5997715610661701E-002
  -3.1933284713395418E-002
   2.2307024614678136E-002
  -4.5560713862991965E-002
  -7.0928876378666336E-002
  -3.7036533853186324E-002
  -7.3002516349418442E-002
 -0.11158274720650005     
  -6.1639083479528504E-002
  -6.3971205699224445E-002
  -1.7595054483103046E-002
  -4.4233498799303825E-004
  -3.0289055048284091E-002
   8.9616070230890660E-002
  0.15198324693482665     
  0.11720368165410851     
   8.4753023872086830E-002
   8.2131654664378204E-002
   3.5366629649736463E-002
   1.1066896161371752E-002
   1.7624152380924105E-002
   5.4449585892214616E-002
   7.0841085487869687E-002
  0.10890745961817148     
  0.14729473785539954     
  0.11765048733117787     
  0.10400432467566635     
  0.12011412846226087     
   7.5564748802971649E-002
   6.0838739856981176E-002
   3.9511229447119850E-002
  -2.3866349846888790E-002
   2.8361406353295069E-002
   9.6764320400477818E-002
   3.9180873489750148E-002
   6.4910317380178453E-002
   6.8513856763449441E-002
   7.5084626589089126E-002
   4.3182469975161140E-002
   1.3351751120901031E-003
  -4.0052422294793610E-002
  -4.3461217973788838E-002
  -2.1279656648185648E-002
  -6.5209023737130889E-002
  -5.4550578191301061E-002
  -1.9662140297550951E-002
  -3.8919150218432987E-002
   1.5150560343515905E-003
   5.0950839130833869E-002
   4.7758035452800648E-002
   7.8532359712858938E-003
  -3.3408743025799791E-002
  -4.8160471552244684E-002
  -7.6155957915423275E-003
  -4.0936779164651528E-002
  -8.8829981211683132E-002
  -6.8049121569070170E-002
  -1.7632365188710183E-002
   1.8736263578854540E-002
  -2.3984775833258930E-002
  -7.8112378837595911E-003
   1.1541343040346723E-002
  -3.9244676593187602E-003
  -9.6781407695034946E-002
  -8.7381273029242909E-002
  -8.3878902838373015E-002
  -6.3319176613255465E-002
  -3.6518608361682588E-002
  -3.9076336936452946E-002
   1.2706577199101081E-002
   5.8674875481556775E-002
  -8.1155587271250183E-003
   2.0156574916612238E-002
   7.3811445376193940E-002
  0.12707968203950640     
   5.0532127141780604E-002
   3.4005842951594679E-002
   8.4142686735931990E-002
   8.1105726252882926E-002
  0.11454549083755557     
   8.6285236439947052E-002
   6.8465190452303593E-002
  -5.2675807023691686E-002
 -0.10924093641419123     
 -0.10011304637492380     
  -6.3335624280479022E-002
  -1.6346492292839878E-002
  -5.7093414670516776E-002
  -3.9852938486116936E-002
  -3.4063969969752549E-002
   1.0280608223195455E-002
  -7.4635246135029934E-002
 -0.17156159998991910     
 -0.19412788085769636     
 -0.14409143581090222     
 -0.15327278818160303     
 -0.16949453740531334     
 -0.13539525493865565     
  -3.4644224309720036E-002
  -1.2479740857022147E-002
  -4.1038263221739431E-002
   6.4193512306975889E-003
   2.5575423484992379E-002
  -4.2583783769302434E-002
  -3.7518284799492416E-002
  -6.2371595392845501E-002
 -0.13839397151446797     
  -7.0893055068255495E-002
 -0.12798610857690845     
  -7.8544785325885547E-002
  -3.7394916676323983E-002
  -7.4099087329652868E-002
  -8.5501091027017952E-003
  -3.9456608508321368E-002
 -0.14634437949237089     
 -0.19010994480772378     
 -0.20975797175567654     
 -0.12877136720769097     
  -3.7731929137204925E-002
   9.7890026618173195E-003
  -5.7667750005893574E-002
  -2.0225764096896272E-002
   3.8866274761299412E-002
   9.5324091127740193E-002
   3.8107299173380113E-002
   9.8832135365979328E-003
   5.9039365349998843E-004
  -7.1633828434499447E-002
 -0.12694468590397412     
  -6.1000774891692623E-002
  -3.7005747460897645E-002
  -7.3128330035383785E-002
  -5.6650887276941007E-003
   5.1354827101945263E-002
   5.0984825236115118E-002
   5.7268984334216372E-002
   2.1280872044297947E-002
   5.7804027823552130E-002
   1.8222102143276701E-003
  -4.5040561003006928E-002
  -1.9662144760106515E-002
  -2.7850591006728525E-002
   3.1858377740929103E-002
  -4.3783121057226940E-002
  -2.7190272101947088E-002
  -6.0607222104410378E-002
  -6.0862609609950782E-002
  -3.3494793783145925E-002
  -3.7495288148260593E-002
  -5.4475646322678824E-003
   8.9960325316425449E-002
  -5.1848749252158127E-002
   5.0493335941400604E-002
  0.10384938024839920     
  0.17379725589703754     
  0.16348001182403213     
   4.0740824124791700E-002
   4.3622137401878286E-002
   6.1020265123704356E-002
   2.3334709985608253E-002
   2.8769398034837766E-002
  -6.3504966827544626E-002
  -8.1053641333661205E-002
 -0.11856339678186802     
  -8.6415473599726206E-002
  -9.2107056447759669E-002
  -2.4733833428339295E-002
  -4.9245810893263270E-002
 -0.13434346198327918     
  -8.5796583515988539E-002
  -7.5950019601420518E-002
 -0.11647375218957097     
  -9.7103458306480081E-002
  -5.9779520105805541E-002
  -7.7011648896848597E-002
  -5.9358270524793331E-002
  -3.6669248830074774E-002
  -7.7415105374501890E-004
   9.8817335188196168E-004
 -0.11632437083281312     
 -0.13966179323729477     
 -0.11355695335853562     
 -0.13976851329206783     
  -4.0112656860128493E-002
  -6.5405941088508737E-002
  -2.0012972524078342E-003
   9.0410437968821616E-002
   6.0660144785171524E-002
   3.5553165838553412E-002
   7.5747681180180992E-002
  -8.6057373131775521E-003
   7.9479528498812776E-003
  -7.9738706524959527E-002
  -6.7436255105158535E-002
 -0.11623355357889735     
  -2.2387994224767567E-002
   7.1837550738172093E-002
  0.15674979168829239     
  0.22921662300970169     
  0.16348358989143005     
  0.14663303134753966     
  0.13663588470280469     
   3.4124158808334651E-002
   5.0157672228728245E-002
  -2.1790242976745058E-002
   7.4858935094581025E-002
  0.11925797893931757     
   5.1877943885151170E-002
  0.11034316826275349     
   5.7893881057394393E-003
 -0.10595233081681565     
  -9.3799010635216923E-002
 -0.22912938875300193     
  -3.5030179986287963E-002
  -9.4383649203122390E-003
   8.9566598898867451E-004
  -2.8201403951079059E-002
  -2.2145772093065768E-002
  -3.3685604206330627E-002
  -5.2371989432673082E-003
  -3.6437521129464787E-002
  0.11490853013622303     
   2.5313646599091411E-002
   6.1557857036741270E-002
   3.4226638954314999E-002
   7.6983409528289012E-002
  0.15734595956892847     
  0.20713968422298151     
   9.5312032018468607E-002
  0.10507181332341659     
  0.12552357322518573     
  0.18386441713151422     
  0.15026435007972910     
  0.10033576754415752     
  0.14058613551467858     
   8.5707239090758988E-002
  0.12011004105780583     
  0.13810686093614893     
  0.22260408678891849     
  0.25824322187501747     
  0.11569815666689555     
   2.9138830771233359E-002
  -1.0824147553807006E-002
  -2.6433750714974006E-002
   8.5777178858907871E-002
   2.4101928673525178E-002
   3.5328463690024754E-004
 -0.10294150435512765     
  -9.7489619237848033E-002
  0.13192572057624405     
   3.4920197112987141E-002
   6.1299919188341441E-002
  -1.8208863825304102E-002
 -0.16174029738239801     
  -2.4544617350110622E-002
  -2.8882197863608575E-002
   9.1993174428131718E-003
  0.10839471814404890     
  0.14226789972106985     
  -2.2162726044704071E-002
  -6.2420877697968641E-002
  -4.8334657618259343E-002
  0.18877076296263109     
  0.13080990474930745     
  0.12027394836482265     
   2.6024502129507607E-002
  -8.7516050056951622E-002
  -2.2967094596775131E-003
  -3.6981044779366194E-002
  -4.7958860080363576E-002
 -0.16413192702224799     
 -0.15972352986544064     
 -0.18907357835706820     
  -6.5440431024989809E-002
   8.6478663572052958E-002
   4.6134157089776778E-002
   7.5130198891298433E-002
   8.2063627200181927E-002
 -0.12915500853611828     
 -0.16829484294062080     
 -0.20247352369750465     
 -0.11813903069135298     
 -0.24392695607851986     
 -0.40306094255533470     
 -0.57232690228044258     
 -0.42828397555626402     
  -7.4588099761728921E-002
  -5.7404622933722102E-002
 -0.18063726243826483     
 -0.10890926401936643     
  -7.2249627881716978E-003
 -0.11929770595604922     
 -0.20760827478989355     
 -0.53735210948766365     
 -0.38036019334871685     
 -0.25079916967322402     
 -0.23451664905865346     
 -0.11385684231500165     
  -8.8095202176750848E-002
  -7.9795964935337554E-002
 -0.23068599631467343     
 -0.36752766591984248     
 -0.64087786156924298     
 -0.82036864383058972     
 -0.46011049447485086     
 -0.36394059842181969     
 -0.36235184997000913     
  -7.0397979188178347E-002
  0.22813414855258804     
  0.48781001826864184     
  0.32634773375665477     
  0.24091492211973298     
