  0.57691667422354009     
  0.57621144634483956     
  0.58133530489777063     
  0.55887487178057949     
  0.55292427785446241     
  0.57520859716072958     
  0.53969832423912456     
  0.53592508026225782     
  0.56436637636404363     
  0.56955427193393171     
  0.58639627530117910     
  0.56956042534538220     
  0.58332691785603608     
  0.58309730012170458     
  0.56982158614533451     
  0.57284578729299518     
  0.53803136697997089     
  0.58047048030714565     
  0.57725912799319612     
  0.55664787646478386     
  0.55650007327163020     
  0.54212730740417991     
  0.53854701705685215     
  0.56972238666656472     
  0.56376360703828932     
  0.55521371883852533     
  0.56967874448765643     
  0.56964486957352944     
  0.58670420755853669     
  0.58410284606877005     
  0.58234103163984696     
  0.56661527119791821     
  0.56952715400327314     
  0.56278436897883644     
  0.58303738037312125     
  0.57839796257498544     
  0.58643593764949475     
  0.58377605154061718     
  0.58177717733487189     
  0.56298313377267117     
  0.56853354664962319     
  0.58989899944028468     
  0.59918378616953072     
  0.60054784348596013     
  0.57586741074208714     
  0.56776589565113988     
  0.55817840288337173     
  0.57591451843523245     
  0.59850608731674759     
  0.60005919841250877     
  0.58314766838244425     
  0.60430151067947790     
  0.57819670240394205     
  0.57629267042862076     
  0.58677243003336843     
  0.57571100379714735     
  0.58114413250748098     
  0.57662612879662711     
  0.57711909349259516     
  0.58192392741558785     
  0.56421625749493121     
  0.58278750235728349     
  0.56411075428159363     
  0.55375271966524497     
  0.55884787712343298     
  0.57631842790644583     
  0.57398657566871403     
  0.56905965567822792     
  0.58702411445493463     
  0.57048913382663580     
  0.57318498724596512     
  0.58799613678308316     
  0.55627563839726901     
  0.58960609287817112     
  0.58246543937221240     
  0.57155874715182986     
  0.56614447906240795     
  0.59246063018400719     
  0.58957329650980628     
  0.58858115253012633     
  0.57047834210764303     
  0.57668020243173812     
  0.56183101387310896     
  0.54129400081856893     
  0.53731132453278896     
  0.55969883579787927     
  0.55175226155320356     
  0.54714568676420872     
  0.54298222205466085     
  0.55585615426165513     
  0.56400476176016323     
  0.56251922279574074     
  0.57129253263465118     
  0.57585391014049625     
  0.59452391763722401     
  0.57025581854551477     
  0.55347274621210596     
  0.54061150439355099     
  0.57010109863686986     
  0.58763997742980023     
  0.56164706499564165     
  0.57514214896120630     
  0.58087567655632599     
  0.58934287333850832     
  0.56410119092407696     
  0.56331659305131054     
  0.58560684122621864     
  0.57218893057563880     
  0.56350071546556346     
  0.57114328434920281     
  0.58047868687829107     
  0.57067654247430999     
  0.57935666682129439     
  0.59363900639153167     
  0.58335590647623814     
  0.58170475086779583     
  0.56046940871400985     
  0.57991546567647445     
  0.58556483935104209     
  0.58771884778338068     
  0.57793435142719674     
  0.56381955336207279     
  0.60614439677202137     
  0.57259301630655612     
  0.57821537986884342     
  0.55709069903381758     
  0.52837342100215134     
  0.58348278031781953     
  0.57276763209816650     
  0.54714096095660159     
  0.57015579819422324     
  0.56642053588213293     
  0.57740603442158611     
  0.55788467413087073     
  0.57580410495948231     
  0.52830714733493989     
  0.54529158824433954     
  0.56665495988948089     
  0.57820558886098439     
  0.56965953082650300     
  0.56287732006965097     
  0.53593078235448821     
  0.52669359464918786     
  0.54493737583184609     
  0.54645104726946514     
  0.56760761789660807     
  0.57273524193656711     
  0.55516461074801926     
  0.55744242637623287     
  0.57873714802422827     
  0.57955161185294013     
  0.58854713299414274     
  0.58408464165747365     
  0.58954242752837316     
  0.58975639885321607     
  0.58534251358000267     
  0.60337731176405851     
  0.57925644167976720     
  0.55622273570208136     
  0.56063036959196244     
  0.56600960736165651     
  0.54251525160892422     
  0.56147048523948884     
  0.57938274188345673     
  0.57407196063541510     
  0.58624202610686693     
  0.58173877743804459     
  0.59339617157280455     
  0.56632399210211415     
  0.57909660914601901     
  0.57390632062832980     
  0.55704510907698690     
  0.56284820873823216     
  0.58325983953817162     
  0.59017513995841353     
  0.58189340876804263     
  0.58073902625815743     
  0.58582335038406075     
  0.58359567303649362     
  0.58399443015577290     
  0.56830257183552291     
  0.57271808015340986     
  0.57341520929269163     
  0.54781531955257601     
  0.54815031963777883     
  0.53835948848130488     
  0.54510843241897011     
  0.57220241196252031     
  0.54381689425383994     
  0.56600322236972556     
  0.56537398840253017     
  0.59050102125187376     
  0.57273007529297471     
  0.54167149322475128     
  0.56123699718305065     
  0.56618538060403878     
  0.59749191352259345     
  0.58699301092860201     
  0.58981405693978806     
  0.57906572222645403     
  0.55617169576728476     
  0.55710385801959394     
  0.57175464030577461     
  0.55590258181671171     
  0.55406073308735637     
  0.54935570836241943     
  0.53597835866273336     
  0.56869838773118175     
  0.56409033534742647     
  0.55306732373526712     
  0.54798703164218399     
  0.55278579102553593     
  0.54837344582010294     
  0.56543213862674002     
  0.56498344212403384     
  0.57420149500252915     
  0.56243932453436940     
  0.56075167799391812     
  0.58165041738857426     
  0.59449877391712891     
  0.58978284961016214     
  0.55995118612945016     
  0.57173250106717122     
  0.56698414607512726     
  0.57917567540208270     
  0.56812629228365152     
  0.59463003447686724     
  0.57219816553240554     
  0.56652617173191455     
  0.55933426180860335     
  0.57207821068998133     
  0.58601407457008936     
  0.57789982914599813     
  0.56982617018426762     
  0.57539263046478129     
  0.57431256114515139     
  0.59055059876842264     
  0.59399819753284533     
  0.56660523738435697     
  0.59984896349000683     
  0.60525749866291723     
  0.59662966690777064     
  0.59782765269008520     
  0.57443741779840873     
  0.56013986872098254     
  0.55787268655368205     
  0.57656843804555979     
  0.56847190204363640     
  0.55375678935107830     
  0.57412633719727424     
  0.55889247102520645     
  0.56548111807164969     
  0.57785323519969833     
  0.59054393635896762     
  0.58708287248829671     
  0.58468323780876386     
  0.58595076886863129     
  0.57332045690908051     
  0.57358771379203599     
  0.57350027202698650     
  0.57562861861402681     
  0.57763280277265006     
  0.57828180229139758     
  0.55586864354255860     
  0.58350061722016844     
  0.59161649790133430     
  0.59337706184183614     
  0.57495871775121243     
  0.57795769754645654     
  0.55891302765803097     
  0.54382883535812421     
  0.55712233383346088     
  0.56395349718880305     
  0.55746088396125859     
  0.57687759149881623     
  0.58273729481979064     
  0.54717679865321622     
  0.54949834856209412     
  0.55733667656808850     
  0.53754441381165052     
  0.53853635266002342     
  0.57490431214728976     
  0.58929905878188071     
  0.59008103741187756     
  0.59740230065437128     
  0.59327260333057519     
  0.58810651526012392     
  0.57215600558343227     
  0.56134618838600636     
  0.56530959023216865     
  0.55499181284307464     
  0.55293617681738461     
  0.57016277520831538     
  0.54726600915248913     
  0.56902048529343474     
  0.56401803385163429     
  0.57327023586244064     
  0.56556964759407069     
  0.58672193797595873     
  0.58276605518735847     
  0.57269124771724089     
  0.57806167417073584     
  0.59352613017264233     
  0.59365922703764862     
  0.59284549647259255     
  0.58697400524055299     
  0.58232251710578975     
  0.57724683668108911     
  0.58211487983658161     
  0.57237639301845966     
  0.57788750947843870     
  0.56322390195357674     
  0.58416476351806912     
  0.56801911285827844     
  0.56016373440784195     
  0.55231036394960209     
  0.53715740494615238     
  0.53610271456191094     
  0.53714700959621220     
  0.54277119134088281     
  0.54688301130858241     
  0.55792706237984335     
  0.57184658108716513     
  0.56846604201066886     
  0.58678425204282592     
  0.56668711501759572     
  0.58255790933695262     
  0.57524018589037029     
  0.57476574667758595     
  0.56754287870462539     
  0.57613402702635119     
  0.57635713833294422     
  0.58721598813302311     
  0.58176680255027935     
  0.56598107265747444     
  0.57175685895573891     
  0.56219894563678641     
  0.56204014554393011     
  0.54358775302149509     
  0.58089573213572976     
  0.57833951236473369     
  0.56666484808749340     
  0.55366638814047298     
  0.55777203128977959     
  0.57068551186628436     
  0.57565107209959265     
  0.57190244427617687     
  0.56808412344440040     
  0.57394933271544268     
  0.55345288233769319     
  0.57301826369333575     
  0.56996396297639229     
  0.57753239627365927     
  0.57587719635911050     
  0.58094234929940802     
  0.58445866193377971     
  0.56596644004173435     
  0.54276520412317808     
  0.56994781038733289     
  0.53615046947724332     
  0.56355376675605440     
  0.55770157047876101     
  0.56538977734140128     
  0.58809891367891376     
  0.58083001464580009     
  0.57224155257338150     
  0.56558106682510534     
  0.55140805599907494     
  0.58914074143109862     
  0.60104846725185856     
  0.59738017433386859     
  0.57932064666883010     
  0.57521095721410465     
  0.58455457308650938     
  0.57026139940903819     
  0.59248742084088490     
  0.57455251848690603     
  0.58806447081782187     
  0.57056862724061241     
  0.57224056339581564     
  0.58063913840944392     
  0.56522046400978121     
  0.56317028416037718     
  0.58927782193884437     
  0.57713886266548520     
  0.58838769143837943     
  0.58045044136612967     
  0.56641596081167667     
  0.56940743217796030     
  0.55185883873585095     
  0.56592138784515000     
  0.55263695771616772     
  0.57993344605138397     
  0.56548028019039454     
  0.53380610688193431     
  0.56464568364888135     
  0.54672283968234470     
  0.56067186484555043     
  0.55152949444238986     
  0.56779175941155813     
  0.57100668298893409     
  0.56695558279402392     
  0.60426108990704797     
  0.58191917559843642     
  0.56649220671278255     
  0.59129658467594137     
  0.56916813566451763     
  0.56854113574045850     
  0.56417921025211681     
  0.59887417021024247     
  0.56267018224862708     
  0.56616557647950616     
  0.56456023787791898     
  0.57572571785851090     
  0.55837806261747092     
  0.58572847235561698     
  0.60433514278650480     
  0.60809188592580066     
  0.58891903574525328     
  0.57701749355044851     
  0.56714429429013491     
  0.60205589998457987     
  0.60662849589133638     
  0.56630615549448604     
  0.54920828681789724     
  0.52251396291117591     
  0.52022828866004722     
  0.54477787300197344     
  0.56590404729556998     
  0.53235406987381950     
  0.54197730946820721     
  0.54459345590979991     
  0.54873113814201424     
  0.57743637133881565     
  0.57598365075679414     
  0.57697564995992823     
  0.56237349492127742     
  0.54833957362690511     
  0.57393412028541180     
  0.57710250922269613     
  0.54975103166783923     
  0.56679720053180060     
  0.57002327445671785     
  0.57564536365648111     
  0.57929241440876111     
  0.57590542231543573     
  0.56754452786121024     
  0.56447391850297901     
  0.57151983841713327     
  0.56041408343814136     
  0.58717477333722268     
  0.58184687020847237     
  0.56783001590763404     
  0.57470615310292406     
  0.56638973035169737     
  0.54232140906446002     
  0.55992898530916391     
  0.54730213634700442     
  0.56171438724582456     
  0.54431317625154108     
  0.53593358501722022     
  0.53673972776753587     
  0.56265260635973047     
  0.55666975214258840     
  0.52072704493164124     
  0.55353008331098297     
  0.55584465029884844     
  0.57997658940408736     
  0.56855438347593257     
  0.55579024428817281     
  0.57233553455598341     
  0.58727526122392759     
  0.58528552811624412     
  0.58011902753123323     
  0.56297296674508845     
  0.57484255433001452     
  0.57638766667015295     
  0.55097864572776467     
  0.56136923230423541     
  0.56379500614663602     
  0.60118322928026469     
  0.59824605237373130     
  0.58879654098134060     
  0.57274853751816779     
  0.57245617515396741     
  0.57199789080927577     
  0.55613897253186129     
  0.59525914840717309     
  0.59893984810353440     
  0.56160161919397611     
  0.57079127265262342     
  0.59058001393487969     
  0.57938394543604610     
  0.56876004216849263     
  0.58373999253079056     
  0.59999438068964273     
  0.60240577152026953     
  0.56590678675205286     
  0.55138112846158926     
  0.56439525812277669     
  0.57264774562595855     
  0.58711284733766533     
  0.57580650794020960     
  0.58842965255263646     
  0.58852264129436682     
  0.58232323034992250     
  0.57318782241096544     
  0.57817263099514771     
  0.55959459147274082     
  0.55708557255981583     
  0.56107713273102866     
  0.53916777950560923     
  0.54267584196972718     
  0.56505590107938908     
  0.56749708476856608     
  0.58934591338615749     
  0.55733876429288332     
  0.58749566675994935     
  0.59177677802534978     
  0.59528926893412470     
  0.56337252508855595     
  0.57725278839282790     
  0.58142832233247688     
  0.55919775987610154     
  0.59122481521552506     
  0.56236370848193784     
  0.56810787682792374     
  0.58257159884770271     
  0.59139261890322070     
  0.57219680524673611     
  0.58061081836645567     
  0.56117376504580019     
  0.56524671152606731     
  0.59131665006415357     
  0.55779475712993420     
  0.58352942751665249     
  0.59842676465695488     
  0.58676723586010360     
  0.57649417399764336     
  0.56124833775577287     
  0.58618095875501319     
  0.58007441366492030     
  0.57981202163391732     
  0.57363172126381401     
  0.58006678170607462     
  0.56682456907563483     
  0.58641451144780510     
  0.56929784545693285     
  0.56354221613087152     
  0.55238976575839094     
  0.57343042933976629     
  0.57415160393743614     
  0.57633495853419470     
  0.55658308796379552     
  0.55749290661250273     
  0.56172368009879836     
  0.57504252577184067     
  0.56329397040456752     
  0.57747826155590865     
  0.57452617932125372     
  0.57628845626169278     
  0.57010903712341365     
  0.57429489670361467     
  0.56866948320418331     
  0.57482243059963345     
  0.56044778663383688     
  0.57551044354816794     
  0.58475559977795732     
  0.58910728802652834     
  0.57731272228696451     
  0.56715005434776244     
  0.57172188129327617     
  0.56606924831863403     
  0.59253005816069859     
  0.58287184881359722     
  0.59229829080208385     
  0.57267952093648256     
  0.56136099803469841     
  0.57114326711134467     
  0.56999590118403598     
  0.54092339131196576     
  0.52826641899484061     
  0.54883992225326339     
  0.53199275962778836     
  0.55683988176449861     
  0.54266775216118834     
  0.56025721067929435     
  0.54765277957397751     
  0.57811047925812897     
  0.54417959577846420     
  0.57519102498926244     
  0.58365987573997746     
  0.58027870059344444     
  0.60151366432867870     
  0.57635711355333819     
  0.57459724766277798     
  0.55711597969553206     
  0.58155753929487286     
  0.58177809939572733     
  0.57355324221818671     
  0.52136778466315614     
  0.54963292974736266     
  0.55584673279884977     
  0.56440323495447486     
  0.58762041031143686     
  0.59290044495506777     
  0.57139158222010733     
  0.55987949715313368     
  0.58095434091061249     
  0.56877165501093518     
  0.57804582857600462     
  0.59810793771964654     
  0.58668112211787715     
  0.57189303223831389     
  0.58470954320112423     
  0.56388995250535501     
  0.55729878125573329     
  0.57328427579653052     
  0.56317209721122397     
  0.58377434914307869     
  0.57466810661693557     
  0.56300132423205340     
  0.54581886989611417     
  0.55419816959375889     
  0.56564519940030422     
  0.54459670549680739     
  0.54788767921013859     
  0.55992545086838896     
  0.56980904241907737     
  0.57717018000427656     
  0.57039689340973265     
  0.59032372423424462     
  0.58096840797330784     
  0.55871457361443566     
  0.57410972904654312     
  0.55739453198217159     
  0.57666452910733845     
  0.57510401205268524     
  0.57839747894136784     
  0.56742871055653687     
  0.56033129459619946     
  0.57136694373959518     
  0.58512293638423152     
  0.56873763430394053     
  0.55814856794185064     
  0.56982645753637406     
  0.56098262845484503     
  0.58825894447928428     
  0.57062727431853999     
  0.57005427739113446     
  0.56080293879427068     
  0.57299640386173278     
  0.55966492718564398     
  0.54606529124426773     
  0.58432737485263475     
  0.56617021792855571     
  0.56526399206874300     
  0.57405632430422637     
  0.56636691097995040     
  0.56351425737145744     
  0.54830620897432691     
  0.58053613325607689     
  0.56523302662680819     
  0.57398828803344748     
  0.55763804040154474     
  0.56123976790860508     
  0.53817371793832525     
  0.58019490094714354     
  0.58158820175028558     
  0.59818424512494250     
  0.60068453353874818     
  0.57883925834456296     
  0.58346184346550822     
  0.58907435823723697     
  0.57968841820236128     
  0.59470843204495705     
  0.60718171771330165     
  0.60742427832135859     
  0.59540890707564731     
  0.56298734742642442     
  0.57844998526205527     
  0.57534705475505066     
  0.56203529619435255     
  0.56501095274478941     
  0.55740099862645121     
  0.54686379377613203     
  0.58763140162933614     
  0.58943836672530181     
  0.57015132088221676     
  0.56142934135545486     
  0.56887474725453169     
  0.53965972781241600     
  0.56099605522915463     
  0.54400661812969242     
  0.55603265687611536     
  0.55128470767261850     
  0.54666972047719042     
  0.54574293530724494     
  0.57981637489136717     
  0.59318948465509946     
  0.59865267494392016     
  0.57053310155837211     
  0.57316328400050620     
  0.57799038997907048     
  0.57313184469687661     
  0.59056799212249111     
  0.58249669698960371     
  0.58775436261359049     
  0.58893124076292747     
  0.56950114176004507     
  0.57664412728133030     
  0.59793568586684920     
  0.58343894597752755     
  0.58332003836533597     
  0.56651462386013363     
  0.55586301491565859     
  0.56442115844822816     
  0.56968700383330328     
  0.54815513774022429     
  0.56452369752994580     
  0.53987670262538079     
  0.54102586775178174     
  0.55005491539881524     
  0.54596113063450391     
  0.55907351037252739     
  0.55418330722571407     
  0.58867162758565839     
  0.57262724050566449     
  0.60312208853244298     
  0.59158629421627396     
  0.59687042482988395     
  0.59185707461210268     
  0.58739300172116327     
  0.58197003252579760     
  0.54196832510824211     
  0.56904909426927930     
  0.55687348283052607     
  0.54534770157538548     
  0.54714645411219476     
  0.55398635516069072     
  0.54563436436702939     
  0.54153197555477606     
  0.52452975998237095     
  0.53524381427938428     
  0.56184247945707755     
  0.54380695037320148     
  0.55945399908683580     
  0.55388068022294068     
  0.56777302770526539     
  0.56878870691833816     
  0.58517289261043304     
  0.55803486999632324     
  0.57932354287666765     
  0.60158739601292377     
  0.58466215715674485     
  0.58898630103512495     
  0.57480728732058117     
  0.58281045892946726     
  0.58687281233064770     
  0.61030131210116867     
  0.60496470532418978     
  0.58156984519706889     
  0.58693643684906527     
  0.58786579614718049     
  0.60209692848602436     
  0.55791802840503135     
  0.53619978746391828     
  0.54955399756209478     
  0.55271719698609156     
  0.56496186185368436     
  0.55716550314968982     
  0.56821762825989264     
  0.58912029911372998     
  0.58405885474861607     
  0.57824168423576294     
  0.58534644993597151     
  0.58017751080983704     
  0.56894632069604933     
  0.57848086802366994     
  0.58610158027116488     
  0.57034165179684349     
  0.57939828238760716     
  0.57977926916624956     
  0.56065977466251982     
  0.55595627160724448     
  0.58580184334613572     
  0.59471019168605310     
  0.57644191693962088     
  0.58267599043446172     
  0.58137192871683718     
  0.57696374808227335     
  0.58020814410998178     
  0.57292459484561653     
  0.54788006749774920     
  0.54711844858716385     
  0.57710020318136468     
  0.56231757626224443     
  0.57373346741002151     
  0.54911601507312491     
  0.53526831910832318     
  0.58107906721253677     
  0.56524124526436104     
  0.56679516908314032     
  0.57509763377973044     
  0.58597141527520979     
  0.58857052172947089     
  0.58516171914069659     
  0.58140239584755116     
  0.57964172741046227     
  0.57234963113743631     
  0.60179896989419812     
  0.56775764734056311     
  0.57190957600481740     
  0.55359537681087312     
  0.55437162701982623     
  0.56995735951766735     
  0.58672078764375946     
  0.56864298399017843     
  0.58488361791196020     
  0.58022379359802367     
  0.58244197340230264     
  0.58235586568520359     
  0.57274522569424480     
  0.58728800008790361     
  0.58577709240612830     
  0.54863585802448855     
  0.57017574382859992     
  0.57862480105216962     
  0.55337890538730350     
  0.57665644886574241     
  0.57105282811023883     
  0.57974339409053055     
  0.56138842426431845     
  0.56823893950041338     
  0.57283815849764474     
  0.59289608798254123     
  0.58663780180649339     
  0.57916262597108326     
  0.55494905632543934     
  0.56701015062771232     
  0.59023532927439060     
  0.56504939229325746     
  0.56005606433628308     
  0.56880590466093117     
  0.55769224618687874     
  0.55086109593620858     
  0.53636426350002797     
  0.55011012110600110     
  0.54922988401354522     
  0.55542650754258849     
  0.53428513256657129     
  0.54661981331594545     
  0.55448832217693700     
  0.55685447553958545     
  0.54625194650826003     
  0.59762014340106751     
  0.57557277702654319     
  0.58666433524950579     
  0.57534849175739800     
  0.58091237673683604     
  0.58491708167863665     
  0.56275388442168195     
  0.55384873098521792     
  0.57129750380106070     
  0.57598416317509871     
  0.56897584594376738     
  0.58152405240861638     
  0.58257854914688434     
  0.60253363994224118     
  0.59062715505754648     
  0.58120123076381025     
  0.58450660874433069     
  0.58334845274014180     
  0.56467566454387275     
  0.56747698844159788     
  0.57230257334744028     
  0.58169356003667738     
  0.57859757813849588     
  0.56810724948519442     
  0.58221011610304818     
  0.58500906548892306     
  0.56398510531710710     
  0.57174921249957544     
  0.54509790305113859     
  0.57510261745014613     
  0.57114603020023147     
  0.57765362586886460     
  0.57387523935042295     
  0.59312335058077137     
  0.61045011062085275     
  0.57690076621840325     
  0.58398033739081823     
  0.59267883925650366     
  0.56463742485192436     
  0.56052857101216158     
  0.56378413701157359     
  0.57198237130064256     
  0.56361071805896668     
  0.56503624928481155     
  0.56394937078406104     
  0.55513591924917594     
  0.57254955411811692     
  0.57307675026333960     
  0.58777367775232248     
  0.57514221466264970     
  0.57072247191116809     
  0.59261114902020728     
  0.56284035356795326     
  0.55674444901112519     
  0.56452507002150676     
  0.54468374693428734     
  0.56759514961223367     
  0.55933184865003327     
  0.58256192670046503     
  0.58777174039096558     
  0.58491539827488703     
  0.58278243468168356     
  0.57761630267639541     
  0.55297325327550639     
  0.58108347251223058     
  0.59703846425503582     
  0.57197168010022004     
  0.59580305620605434     
  0.58131344166482468     
  0.59697381618663226     
  0.58212621363703743     
  0.56655793105360042     
  0.57976463152208491     
  0.58629262384759551     
  0.57138844139014766     
  0.56330631321951430     
  0.57049347217033053     
  0.57821491680553194     
  0.57846231440876017     
  0.57354024762917677     
  0.57415476404846399     
  0.57517163059344301     
  0.56860814815305571     
  0.57387498225560596     
  0.58578791042117540     
  0.57603272364045988     
  0.55918792122641980     
  0.58699188223809817     
  0.57788308904447894     
  0.59113172924071522     
  0.59469240101090215     
  0.55945291971252442     
  0.58597323475272900     
  0.54938113704004798     
  0.55370258180706788     
  0.57071044497514845     
  0.57691309394288459     
  0.58925952252969038     
  0.56738499238559870     
  0.59541899749753946     
  0.58781556559161086     
  0.60102152435390854     
  0.57795761255373623     
  0.58535329078949805     
  0.56412081431530159     
  0.60164300942073690     
  0.58015578486475117     
  0.59176680506384272     
  0.60716675413130916     
  0.60203392211154472     
  0.60727335308523678     
  0.59924946124004175     
  0.59783388162910356     
  0.58319088576484646     
  0.56953572621275239     
  0.58393510887626043     
  0.55487483932856629     
  0.56392356403217736     
  0.55255992852578806     
  0.59596906224098056     
  0.58135709681604375     
  0.60007033235396123     
  0.57173808391812719     
  0.56931247629473625     
  0.57898652413977270     
  0.58421721688922312     
  0.56189379081197166     
  0.56809135413737721     
  0.55894222757456091     
  0.56222400563447961     
  0.56426168172481550     
  0.58508514365587416     
  0.60225832894475306     
  0.61041994155286616     
  0.57720208049059174     
  0.57411544907352807     
  0.57910137477990453     
  0.58716903620359373     
  0.58900601208608006     
  0.58425086534225246     
  0.58408161562012484     
  0.57717101689151229     
  0.60243616052440452     
  0.59296396478127156     
  0.58318024985807437     
