  0.99900000000166189     
  0.29780600239613236     
   5.9815548280697142E-002
   1.2443115418526329E-002
   5.8962628172402567E-002
   9.3415917470167031E-002
   3.0975103561147355E-002
   8.2673241208447955E-003
  -2.6728397294168284E-002
   1.3189024285132662E-003
   1.4624222264418554E-002
  -2.4601112965617251E-002
   1.9669769831405007E-002
   4.3875071743062162E-002
   8.4409401984030692E-003
  -2.6419199337231938E-002
  -1.4689020022281406E-002
  -1.0374884234145027E-003
  -1.9055163651249617E-002
  -4.3702262210258504E-002
  -6.3590995047156165E-002
 -0.11168888256676690     
  -6.0841800969770411E-002
  -2.2260927562180229E-002
   1.0170621461279864E-002
   2.6514331846200792E-002
  -3.0518899093292813E-002
  -1.7437223003400275E-002
   3.0679740303922787E-002
   7.2707247906382846E-002
   5.9974509849969576E-002
   4.5214655009497257E-002
   6.2196701052987573E-002
   5.2949385676881094E-002
   8.0078425991289229E-003
   4.9129147600251936E-002
   4.5592481918980736E-002
   2.6617875453485249E-002
   1.7263289838766929E-002
  -5.0318977801421194E-002
  -2.6447243040440854E-002
   1.9187414581436718E-002
   5.8743564875499504E-002
   2.7180206038706637E-002
  -2.2065100624881210E-002
  -9.6306495757191683E-003
   3.7528303468429232E-002
   1.7902702353937476E-002
  -3.7673291610596661E-002
 -0.11396523396013603     
  -4.9565277311422018E-002
  -3.0127188265841338E-002
  -4.7433678695586547E-002
  -7.6064519796240723E-002
  -8.6812245561479429E-002
   2.6406308971318746E-003
   4.2280915488568924E-002
   2.4215339412904019E-002
   1.3924530700572495E-002
   3.5898285617509969E-002
   7.7201758542665061E-002
   1.3312407141891143E-002
   2.4797040212368650E-002
   2.9321110585583794E-002
   1.9792456440724058E-002
   3.8496890205612352E-002
  -3.4061508820371060E-002
   3.8453883987968153E-002
   6.3295319922351545E-002
   1.9797406255349825E-002
  -2.4149506608074051E-002
   2.5736128200072859E-003
   5.1839298302682045E-002
   4.5850516043164806E-002
   3.1804847315290638E-002
   1.8637626319810949E-002
   1.1276343638489481E-002
   1.0000379067238309E-002
   3.7422111694958315E-003
  -9.2258776091144589E-003
  -6.3241017951461184E-002
  -5.9261164621939082E-002
  -5.6150300945604484E-002
  -3.0880639053037260E-002
  -2.9914507646210481E-002
  -3.4201161178403987E-002
  -2.0826379163647133E-002
   3.7600341667279873E-002
   3.2348670991959455E-002
  -1.7278622474132853E-003
   1.0613634528015465E-002
   7.3222690559777998E-003
   4.9715939635482140E-002
   4.4379504465335819E-002
   4.9258799252022298E-002
   2.0268090794066055E-003
  -9.2787439822114189E-003
   5.3426441715849031E-002
   3.4617110489015890E-002
   4.6656095182330054E-003
   6.2577651601214788E-003
   1.7980915083078478E-003
   3.0090325315317253E-002
   5.1076522452806868E-002
   4.2705338160057088E-002
   1.4878689458772316E-002
   1.1502148547221008E-002
   3.2655733954271167E-003
  -4.2101025316765912E-002
  -1.3416550109315915E-002
   2.8913329224489928E-002
   3.0987508853924841E-002
  -7.2360756841087920E-002
  -6.9602594905493823E-002
  -5.6807926508310860E-002
   3.8354710686889087E-002
  -1.7507189987240036E-002
  -3.3849771131574793E-002
  -2.7440151665747287E-002
  -4.1612562717022808E-002
  -3.2884041327267827E-002
  -2.1805743639597631E-002
   2.9933701129086894E-002
   4.8504101473400112E-002
   4.6215150333536605E-002
   1.6101600669604643E-002
   9.9108449944522430E-003
   6.3139783456138257E-002
   5.3006905435970288E-002
   2.2610650945130609E-002
   1.9975512129875080E-003
   1.2844345694878955E-002
   4.5114229688330051E-002
  0.10565431729169197     
   9.3813448099319102E-002
   1.7110164116987958E-003
  -3.2252582529806458E-002
  -7.5945158434626625E-002
  -5.9082538458857928E-002
   9.5591583978904306E-003
   3.9357189613725994E-002
   2.8658809787496398E-002
  -5.1300950547073502E-002
  -5.5572419482718877E-002
  -3.5360056255951081E-002
  -4.8396193920009808E-002
  -4.3018541568253854E-002
  -7.5516622364619659E-002
  -6.4704154949402543E-002
  -3.9544413614185807E-002
  -6.9090306056150130E-002
  -1.8389430384710512E-002
  -2.5199622750219731E-002
  -4.3673905176324142E-002
  -7.3613136125690287E-002
  -4.2929861932153271E-002
   2.0373929558886596E-002
   4.7037666717424147E-002
   4.1543543587208041E-002
   3.5014401548501738E-002
   2.2149244607404969E-002
   3.0125621364778348E-002
   2.8205113149053298E-002
  -2.1188403798160938E-002
  -2.7791624561899715E-002
   1.0719746157431849E-002
   3.4517864315779953E-002
   2.7708269916519923E-002
   4.8521937181269736E-002
   3.1428039138848750E-002
   2.7479116769223683E-002
   2.6300229555084015E-002
  -1.0468606430478398E-002
  -6.6374077333406820E-002
  -2.5387657275951752E-003
  -1.8724508231270798E-002
  -7.4425845206524330E-002
 -0.10697744146684365     
  -7.0378432518553705E-002
  -5.1277351634419190E-002
  -5.1887783685831704E-002
  -5.1109547428926328E-003
   1.7878767520882671E-002
  -3.4426576529440887E-002
  -5.9842562474048705E-002
  -3.5069527138054529E-002
   3.8163443435921235E-002
   5.0486693779614587E-002
  -2.4974661266687391E-003
  -2.0088820759026561E-002
  -1.5182253480451036E-002
  -1.3427667084934780E-002
  -2.3027397486094787E-002
  -4.5258850961317536E-002
   2.4576674181662837E-002
   1.1528206768061672E-002
   2.2607524121452668E-002
   2.7235669223507748E-002
   8.4546939129728320E-003
   4.1940169533740974E-002
   3.8469414742914244E-002
   7.8681300240158999E-002
   1.5608392519732561E-002
   4.1916376477285404E-002
   4.2267621904824804E-002
   8.7441138354029356E-003
  -2.8888131201343623E-002
  -9.6873225843886555E-003
  -5.9563376974833049E-002
 -0.10533674896727147     
  -7.2054899548153792E-002
  -3.9503503198967803E-002
  -3.0869313894169335E-002
  -1.6876022661944386E-002
  -3.2607564885306424E-002
  -3.1675552031110991E-002
   2.0728928213100500E-002
   6.5619052532389685E-002
   3.1512400876741134E-002
   6.2901815459641287E-003
  -4.0295591197014861E-002
  -1.4368406534274786E-002
   1.2808058884911842E-002
  -3.7482951208844275E-003
   4.3856907790447985E-002
  -1.6264235613868915E-003
  -4.7882695165800376E-002
  -1.0244524711209638E-003
   4.5029443072586724E-002
  -1.1488151572514992E-003
   5.5548901344635391E-003
   4.8943436314877041E-002
   4.0513009011098680E-002
   9.1020909547809822E-002
  -2.0265809210938614E-003
  -5.0101759828124912E-002
  -2.6484261633838047E-002
   8.1373575406623894E-003
   2.4037673064053310E-002
  -1.5532617413080310E-002
 -0.10866329207093418     
  -9.0509711933469753E-002
  -2.5911317425511057E-002
   3.8657097417759453E-002
  -1.2069253342657156E-003
   1.6973063721058234E-002
   2.0144896879380248E-002
   5.6354178253732960E-003
   4.3544005857847927E-003
   1.0204825132555685E-003
  -2.3787322150059260E-002
  -3.9701771786540281E-002
  -2.0174364063678358E-002
  -7.3495839115236578E-002
  -2.7864367412141142E-002
   3.9639427777839305E-002
   4.1331095406766478E-003
   9.2687542817838694E-003
  -2.9112862334058864E-002
   1.5378118053575231E-002
   3.2611614083236096E-002
   2.5993480650319530E-002
   4.6851327460365036E-002
   2.7109200231948117E-002
   2.0160490576896110E-002
  -5.4613678208442429E-002
  -1.4248540376518195E-003
  -1.5163351227269530E-002
  -4.6241730148598982E-002
  -8.5152621290471117E-002
 -0.13087096994325725     
  -9.7918140958744918E-002
  -4.3138915447750455E-002
  -2.2828881040865844E-002
   3.3517841901456376E-004
  -4.3322249815023597E-002
  -6.2844650994280021E-002
  -9.5484860593957749E-002
  -5.1581083695807842E-002
   5.0283792737893396E-003
  -2.3182568734222010E-002
  -4.2329852392357543E-002
  -9.3626420938871247E-002
  -4.2954905115927984E-002
   1.7522062828101679E-002
  -5.5260038887105213E-002
  -3.6908514718400016E-002
  -4.8076665357402043E-002
   7.5004178560465429E-002
  0.12841029772380319     
   5.3095541580281416E-002
   1.5103782584266597E-002
   5.9841300754023927E-002
   6.0396711381438088E-002
  -1.1340403322947364E-002
   4.1652497030965070E-004
   4.9471498920305543E-002
   6.0772802644307643E-002
   3.0904461726448926E-002
  -4.8512045588871129E-002
  -2.9966950676844684E-002
   3.2113797767857430E-002
   2.4904504723253243E-002
  -1.3150848869655965E-003
   2.5342256195243742E-002
   1.7658855388925754E-002
  -1.7355802047213379E-002
   1.6860283209631351E-002
   8.5916125046695112E-003
  -7.8364661957839449E-003
  -2.0841186488343582E-002
  -3.7261590472759454E-002
  -2.0854612235293727E-002
  -7.3476813164094379E-002
  -4.6109500261943034E-002
  -5.2244258965978174E-002
  -4.4125009989885867E-002
  -3.5325468066775882E-002
   2.0802705536454454E-003
   1.7398137837553729E-002
   2.6106277066194474E-002
   3.2718881236810417E-002
   1.5033784292224496E-002
  -3.9153637884156815E-002
  -5.7655790216154509E-002
  -3.6539609305789950E-002
   3.7183648630700152E-003
   4.2833112165812211E-002
   3.1111266801026272E-002
  -2.1524550985624847E-003
   1.8651884193953867E-002
   1.1917691243643306E-002
   2.3269577293176309E-002
   9.9928103024439253E-003
   6.4065399681838775E-002
   3.2186581403686111E-002
   1.5758593103173887E-002
  -7.8527114407586404E-002
  -7.3680083096627526E-003
   1.5702972813039652E-002
   2.7467861782611087E-002
  -8.1385647476839684E-002
 -0.11217195363722547     
  -6.8805273011194115E-002
  -3.4649630255889553E-002
  -3.0242909427833281E-002
   1.7416973802198067E-002
  -1.2385756506635107E-002
   2.9942785249729577E-002
  -7.4949276694454411E-003
  -2.9516685195244783E-002
  -2.9720075188624191E-002
   8.4172087878861481E-004
   1.3552595870159221E-002
  -1.0441758989524739E-002
  -2.6575437152730409E-002
   1.2668646539562839E-002
   5.0144750056371923E-002
   3.5633201169663550E-002
   1.2111497669817037E-002
   3.8288525412129980E-002
   3.2428134664833422E-002
   4.7934793690158663E-002
   5.9332110900250541E-002
   5.4155017496787305E-002
   2.5508177862287228E-002
  -3.6787527655784406E-002
  -1.2920489059178013E-002
  -2.0556453540085604E-002
  -9.6156302325183084E-003
  -2.8018461219373368E-002
  -1.3895771720752834E-002
  -3.2446723892739187E-003
  -7.7257660381278806E-002
 -0.10441073925250746     
  -8.7991812585784493E-002
  -2.1190500098110375E-002
  -3.9101372965808449E-002
  -1.2502711157019557E-002
  -5.6683193940170143E-002
  -8.7615166318828847E-002
  -5.3337706462419171E-002
  -1.9557262845009037E-002
   1.5906005911435330E-003
  -2.9901452819698804E-002
   8.7459541953819851E-003
   3.1445862979495462E-002
  -9.9021136380096856E-003
   2.2901827548815624E-002
   2.6386548440000695E-002
  0.10038633174640468     
  0.12430374698539738     
   3.5705106927655196E-002
  -4.1374714734241966E-002
   4.7693924320548704E-002
   8.3054668363508610E-002
   1.7891691386957110E-002
  -4.5697685085336621E-002
  -1.7292925705028800E-002
  -7.7104384133668165E-003
  -1.8227125029683464E-002
   1.7813211687928630E-002
  -4.2492594487811772E-002
   2.9254589592098104E-002
   6.3284604670017411E-002
   6.0621680868513994E-002
   2.1273450579166506E-002
   2.8589174175327910E-002
   9.7348876778371122E-003
 -0.10519815105190854     
  -7.0865576811473499E-002
  -9.4656239683901633E-002
  -5.2265531039714860E-002
  -8.9010351844472247E-003
  -3.0078084980788726E-002
  -1.8553461960534655E-003
  -1.8056394868362396E-002
   1.6058520267919416E-002
   4.8108815051737287E-002
   9.5631836457324440E-002
   8.9544925799665762E-002
  -1.5792421517021725E-002
  -9.3754394136744343E-003
   3.8921660999418455E-002
   2.4966266141384211E-002
   3.2940874669153360E-002
   4.9519970009903033E-002
  -6.9161688453694475E-003
  -5.9958232677197812E-002
  -2.5516459188660917E-004
   6.5027083295376681E-002
   4.0235332368645592E-002
   6.5885209883501564E-002
   2.2868072792525600E-002
  -5.1364035457850434E-003
  -1.6336334956922652E-003
   5.1867717735708092E-002
   3.6612244320927308E-002
   2.1096269932249105E-002
  -7.5644351440926683E-002
  -4.8294109311643504E-002
  -5.6739426379418582E-002
 -0.12296158289596966     
  -5.6203818563825690E-002
  -3.0465325302556256E-002
   1.6983825389430322E-002
   2.6779764513360426E-003
  -5.9143281342261239E-002
  -3.4824439798640063E-002
   3.6959276251075722E-002
   9.5307491018345916E-002
   4.7070137318634499E-002
  -2.4148243554909448E-002
  -5.7109177206243047E-002
  -4.6248495796062834E-002
   3.8261899382195888E-002
  -2.8081651361601234E-002
  -2.9344260336233840E-002
  -8.1613423928945279E-003
  -2.4313788406520213E-002
   2.8884409693184759E-002
   6.9888225978143773E-002
   6.1407278213538752E-002
  0.11343101854383604     
  -1.5892267298398228E-002
  -3.0294495844926050E-002
  -9.4329385429035555E-003
   1.0422791333798314E-002
   2.3741864241795401E-002
  -4.5304309329557917E-002
  -4.0114447079501202E-002
  -8.8457839230077329E-002
  -6.4487090819187270E-002
  -4.6670419600237420E-002
  -8.5723958437688957E-002
  -6.6893768434251349E-002
  -2.5170789330285319E-002
   4.4962291370730422E-003
   8.3175768166036355E-003
   4.7353100662682425E-002
  -1.6708157423397634E-002
 -0.15283355304356541     
  -7.4236266166969225E-002
  -6.0561952851017273E-002
  -3.8060738361332835E-002
  -4.0976710457936716E-002
  -3.7362783568790194E-003
   4.0803438688229686E-002
  -2.6984527164756980E-002
   3.5328470747148315E-003
   2.9964521381114353E-002
   9.8084126145917438E-002
  0.10336794149622124     
   7.1573701199757936E-002
   5.5649119009764103E-002
   7.9849028743412195E-002
   3.3702172100445724E-002
   3.9987367638101741E-002
  -3.6387567749086878E-002
  -5.5225212459365347E-002
  -3.8304767579116536E-002
  -3.1700592295847596E-002
  -8.2486405456476779E-003
  -1.8819765816172652E-002
  -8.8792573348201634E-002
  -2.1461407771989006E-002
  -8.0421525802828145E-002
  -5.2936214008678865E-002
  -2.6613176843198156E-002
  -2.5159053554519233E-002
  -7.4486382394168910E-002
  -7.8878766642492104E-002
  -2.3641938524822045E-002
  -7.1987992461673769E-003
   5.1423439405515380E-002
  -2.0954975251630372E-003
  -4.6957850008498413E-002
  -5.2188513243312980E-002
  -1.7032856000182752E-002
   5.6597386380789740E-002
   7.2255131842212245E-002
   2.2333478455506445E-002
   1.9209253752783678E-002
   6.5224761505758497E-002
   4.6600330426669161E-002
   8.2492221315264999E-002
   3.2422681160591278E-002
   7.8856768713831196E-002
  0.12022630502573460     
   9.4657646458571831E-002
   9.4113621507558642E-002
   4.9836546551454551E-002
   6.3286400112113395E-002
   5.2969686078557732E-002
  -2.9229429157436693E-002
   5.2214032489937195E-002
  -4.0496636604417866E-003
  -1.0209740013261515E-002
  -6.9125897826454183E-003
  -3.7656484875750677E-002
  -2.6233074412725287E-002
  -6.7224331455315492E-002
 -0.10057650156353627     
  -8.9499332025552519E-002
 -0.10835051735956949     
  -7.9923357242562387E-002
  -9.6325978513398233E-002
  -6.9911580827395792E-002
 -0.10588049099610775     
  -4.2140658120586129E-002
   4.4069177468680880E-002
   7.1619811490520005E-002
   2.0901744830811871E-002
  -1.8494600298582192E-003
   8.7905950493048102E-003
  -6.9578053673860268E-004
  -3.7943015615728638E-002
  -5.9740762904033635E-002
   6.5030395784611726E-003
   1.0350531063629306E-002
   7.2672898681441209E-002
  -2.7673437725755270E-002
  -4.2800702697316804E-002
   1.7621156885343117E-002
   4.1236886548535211E-002
   2.0262967034271839E-002
  -1.3166016941823329E-002
  -3.6655506427101359E-002
  -7.8749975549684686E-002
  -6.9153857872934030E-002
  -3.5217218490517795E-002
  -4.4160503418537986E-002
  -4.2312202480203856E-002
  -2.4738468562309473E-002
  -6.6315905304931408E-002
 -0.12010489690606724     
  -1.3432161788366589E-002
  -3.2584016324567047E-002
  -3.4519971937008877E-002
  -5.3019166492419029E-002
 -0.17671782141843786     
 -0.12328371786242238     
  -5.7120483769459302E-002
  -1.7730853824133998E-002
   4.0230403703835080E-003
   1.0028618560887909E-002
   5.6713990731562081E-002
   4.3755146481831785E-002
   7.2322613577033373E-002
   7.9652518940475217E-002
   2.1933630427517569E-002
   4.1391400781408960E-002
   5.4985658917602346E-003
   4.9695487108715304E-002
  -8.0022126010970477E-004
   5.7270215468056836E-002
   6.2721218851609070E-002
  -3.1808578866510451E-002
  -2.1065279724590116E-002
  -1.5555838721130474E-002
   1.7502906239728673E-002
  0.15749447027397875     
  0.14843572791353551     
   7.4823633305877981E-003
   3.3551772634948076E-003
  -2.1259046540574096E-002
   7.6226916036427506E-002
   6.1560460908672753E-002
  -2.5393036136550137E-003
  -7.9334652779884746E-002
  -5.8306720758218751E-002
   8.0809000108692988E-003
   5.0990922544945722E-002
  -6.9742256203656872E-002
  -8.5459643465926285E-002
  -2.1413235073932859E-002
   2.0929521565493568E-002
   3.5615390797372130E-002
   9.2258638443888610E-002
  0.15705867179801125     
   9.8864357624105115E-002
  -2.4970836290593053E-002
  -2.5270967707674591E-002
  -1.0492072308241465E-002
   9.4397766912324623E-003
  -5.9112428647969360E-002
  -1.0187041976720684E-002
  -3.4269891902882231E-002
   1.2774735838518993E-002
   2.3650971823192056E-002
  -6.9417992270783463E-002
  -2.9799213763802700E-002
  -8.4057565676746701E-002
  -9.5664812080196573E-002
  -3.8736788383210916E-002
  -1.0556510480307295E-003
   8.5577605593454037E-002
   3.2481983370241135E-002
  -5.5867167295473141E-002
 -0.13530033010949152     
 -0.10954488229923313     
  -2.1302415537905184E-003
   7.0668476333053641E-003
   3.1449122703253320E-002
  -3.6451776488860004E-003
  -5.4113752137245494E-002
   2.7509517446942203E-002
   7.5644815617768452E-002
  0.14605308055936234     
   8.0014263536283992E-002
  -2.9957673939009239E-003
   8.4799139558449976E-002
   6.4057724077554640E-002
  0.11834798609222950     
   7.8672259157809593E-002
  -6.3028441981411616E-003
   1.4280809474874828E-003
  -9.8120963776893600E-004
   4.0093242915519300E-002
  -4.4303738936295502E-002
  -5.5132940378703277E-003
   2.7898150619995201E-002
   5.3426403916410375E-002
   2.3190661947457593E-002
   4.2533327339143841E-002
   3.7954492114446098E-002
  -5.0632753075822226E-002
  -8.9920850322266904E-002
  -7.5221358203020686E-002
  -2.8816934455864418E-002
 -0.11997949242135249     
 -0.11452463106186844     
 -0.11779900336419678     
  -7.9696712727332517E-002
   3.8425291258318658E-002
  -8.3690872482906714E-002
  -8.2147935141663811E-002
 -0.14045260690814476     
   4.5283435767262967E-003
  0.12545420143825189     
   7.6117669510697664E-002
  -1.7280658911571687E-002
  -3.1744463177471177E-003
  0.12588120643714010     
   8.1356997861125935E-002
  -1.2758028988050417E-002
  -5.4089129969134626E-002
  -2.1844591662113121E-002
   4.2957735751710475E-002
   5.2133972169971406E-002
  -3.3732779891858328E-002
   6.2996590180295145E-003
   5.3738903949307817E-002
   9.1910977758159790E-002
  0.15894144613140901     
   5.9933080187471413E-002
   6.9076568154836857E-002
  -2.0857787246472356E-002
   1.4801103380062408E-002
   1.9608461390274994E-002
  -8.2278082154310081E-002
 -0.15483608297941298     
 -0.12586180678251752     
  -6.6732339767406515E-002
  -2.3754358126485461E-002
 -0.15977353764321495     
  -5.3389586027514230E-002
   2.4484058161382770E-004
   8.9229511077429016E-003
   1.9959135635722294E-002
   1.2523836610717508E-002
   7.6613024827406243E-002
   5.0662083010598456E-002
  -1.9900109246483031E-002
  -3.1194597346441817E-002
   9.3609987297168767E-002
   5.3303461065353906E-002
   3.4453297089754566E-002
   2.2547155213637947E-002
   7.4786992056540783E-002
   2.3343947993692687E-002
  -9.0280500336004576E-004
   7.5074915316712357E-002
  -7.3157258217867952E-003
   6.2005204939231090E-002
   8.5236966826450183E-002
   5.9934500947844582E-002
   1.3678481872125184E-002
  -5.4380668864025247E-002
  -4.0637671127619519E-003
  -1.1569063974161391E-002
  -3.0742249834731231E-002
   3.5772810324644026E-003
  -7.5472816514226687E-002
  -2.7264452354040607E-002
   4.8593937689430294E-002
  -2.0774993078970880E-002
  -8.4676300906957075E-002
  -9.5164190092160830E-002
   6.7967606618932558E-002
   6.2861791004656359E-002
   6.7120438456828857E-002
   5.6453714795128444E-002
  -2.8300837701174277E-002
   8.0772335825699357E-002
   3.0929282675536134E-003
  0.14798890372581514     
   5.3556082972993350E-002
  -4.8001297076675352E-002
 -0.14032547512663085     
   1.5483777859406170E-002
  0.10460679425878391     
  0.21243008569133140     
   7.5741336226503933E-002
   3.4079388842911819E-002
   5.6629613557697633E-002
   7.1883697785082856E-002
  0.18557347645349534     
  0.11295446446645326     
   4.8727263611138751E-002
  -6.9353108568893679E-002
  -8.9803746762003867E-002
  -6.4106646389695432E-002
  -3.3655965558488168E-002
  -8.9563569901896942E-002
 -0.13034900258264920     
   5.7968159323624579E-004
   8.5808498543752830E-004
   6.0375600386429480E-002
   5.3033170888730663E-002
   7.2169610098867729E-002
  0.10838995499878001     
   4.1049479135272911E-002
  -6.5009391585862620E-003
  -1.3528003337335998E-002
  0.12957186375320595     
  0.12317281849453210     
   3.9368890130870929E-002
  -4.8768266699041302E-002
  -5.9494711092113156E-002
  -9.9688888644629495E-003
  -5.1165082180383160E-002
   9.5497182828305383E-002
   7.9984161282075542E-002
   3.9815456186295714E-002
   4.8073302190217937E-002
   6.6925300556088821E-002
  0.12118915440153723     
  -1.8699505860676577E-003
   3.7606046188950318E-002
  -5.2591453100482279E-002
  -8.0549003449152945E-002
  -9.3734510372590660E-002
  -9.3608005005234640E-002
 -0.10360883192363432     
  -4.3879855559616938E-002
  -4.4600636587205582E-002
  -4.1887087072131568E-002
  -9.1135742659139655E-003
 -0.18895131099829141     
 -0.13683892406459192     
  -2.0733959909685115E-002
   4.8900938708790323E-002
   4.3583842610130492E-002
  -2.9730096158762240E-002
 -0.14701421785612387     
  -9.7991955178017995E-002
  -3.1319703754319084E-002
  -1.8125417567970370E-002
   9.0631269072081910E-002
  -4.8279774403091419E-002
  -4.4143523926025496E-002
  -5.0330570590091078E-002
   7.6212808595659987E-002
   8.9509049916967218E-002
  0.10728882240233108     
   2.8281827193752000E-002
   6.4456208266280790E-002
   3.0068636498981279E-002
  -2.4412785842584969E-003
  -2.2220595055998504E-002
   3.6105042436939939E-002
   7.3126868612564663E-002
  -3.8132469485384168E-003
  -1.1480624326597987E-003
  -2.0137051735450842E-002
  -1.4268568013340390E-002
   1.7568920334622457E-002
  -5.0102479099352518E-002
  -7.5003425716882136E-002
  -7.1189627332559832E-002
 -0.13851361443765622     
 -0.10819638442590425     
   7.4820623589610377E-002
  0.10245121620322721     
   6.4466632139840163E-002
  -5.4666832093591140E-002
   1.5591311920430591E-002
   1.2292814000578403E-002
  0.15010082457151636     
   4.5627355071657855E-002
  -2.3053596345044771E-003
 -0.16166544877663272     
  -3.7492326952875091E-002
  -2.5661843647506385E-002
   3.7017467497099298E-002
  -3.1256043892991504E-002
   3.5176702294103711E-002
   3.2939494200495599E-002
   2.7010060968343894E-002
  0.20618300454000632     
  0.16586130851019940     
  -3.7322385258886431E-003
  -2.5774823986260024E-002
   5.8880596217668967E-002
   7.0065912060941218E-002
  -5.9776569421524463E-002
   6.8224895627836783E-003
  -7.4826108297516597E-002
  -1.8192690292570757E-002
  -6.7664752049621329E-002
   3.7275426133354578E-002
   2.3091127712725600E-002
   2.0508827543679373E-002
   2.3504458295829561E-002
   8.4063253575933666E-002
  -8.0036334140148976E-002
  -4.2352311573591678E-002
  -3.1353427651925926E-002
  -1.0933512655245312E-002
   9.8511063570684829E-002
 -0.14533975350782938     
 -0.21514580427301930     
 -0.13529741882531660     
  -6.9730467378269018E-002
   9.5913472154900078E-002
   4.6904689594416286E-002
  -3.0322222980750255E-002
   5.8526474473496341E-002
  0.18333212958122291     
  0.18806131237997395     
  0.23347536150643758     
  0.10783961152540754     
   5.0887009713094178E-002
  -5.4419996524380843E-002
  -4.2150941690139096E-002
  -2.2430255024975948E-002
 -0.19348216075986829     
 -0.28195180037567569     
 -0.11588919426466342     
   7.4700632830875233E-002
   3.3777260178807306E-002
   8.7376657515216949E-002
   3.4378423539049255E-002
  -2.9950694895250471E-002
   7.8751273474119227E-002
  0.19204177800125227     
  0.13034395017896727     
  -2.9464081013035787E-002
 -0.20662943658530888     
  -5.4639599757298263E-002
   9.2332622921588031E-002
  0.17892899048585134     
  0.12251439323970900     
 -0.15722303006590771     
   6.2803839996800892E-002
  0.15487031366151907     
  0.25376959264222715     
  0.23834041854735172     
   9.9320898519126094E-002
   5.5958584079715067E-002
   5.1530580590392186E-002
   1.8521932254478447E-002
   9.3479437364357251E-002
 -0.10443497215364285     
 -0.15919555390777451     
  -1.7963723612703743E-002
 -0.11856436651093184     
  -6.6513641989778272E-002
 -0.28338195438156971     
 -0.16089504201417187     
 -0.15261917443250189     
  0.11421083669978008     
 -0.10669266018163522     
 -0.11147315746884850     
   4.0416515768610280E-002
  0.15097025622725008     
   5.9603101139679378E-002
 -0.24506002534894467     
  -7.4273007265517013E-002
  -9.2310441186637324E-002
  -2.8368706688205913E-002
  -7.6838898482085735E-002
 -0.17529681452762588     
 -0.27197935267168821     
  -3.6031408399764167E-002
  0.30902039874985410     
  0.21130480771044771     
  0.17109032042933714     
  -6.7062805582649043E-002
  0.15188705592570967     
   5.8993391165908932E-002
  0.22218850621829775     
  0.16993566548551264     
   1.5941285126873036E-002
  -5.3746303515318568E-002
  -4.3365449106447579E-003
  -8.6118611332478279E-002
  -7.0499019975160532E-002
  0.17613928114879945     
  -1.3172903892103717E-003
 -0.25215423293007222     
 -0.21590343887917438     
   9.8069810206403624E-002
   8.0511445372467461E-002
 -0.12330839674019742     
 -0.17382509376225658     
  -9.3007291070639111E-002
  0.14657685478972232     
  -3.9197475307809204E-002
 -0.15878698311085412     
 -0.39799213483812385     
 -0.29624768533638635     
  -7.3461062383993900E-002
  0.11628231160915130     
  -3.4184863364391457E-002
 -0.36889270900830434     
 -0.31315550544641479     
  0.14161697973322607     
  0.49430443725484968     
  0.42358055214717549     
  -1.0097451347401285E-002
  -2.8638150366308405E-002
   1.5237620485329274E-002
  0.12771512434545770     
  -7.7836826378880050E-002
 -0.31220102179732506     
 -0.29271028028777124     
 -0.25598363728186219     
 -0.11574539639612659     
 -0.14405112178390581     
  -2.2007152420506056E-002
   8.1970111722263511E-002
  0.10979844229886634     
  0.35229842071604933     
  0.22538039037824706     
 -0.20433870980969429     
 -0.13819165439271142     
  0.15546686097634826     
   9.9353203783688296E-002
  0.13674539433047608     
  -7.4323836402300059E-002
 -0.26972746060048880     
 -0.18270300675336298     
 -0.12108922216854959     
  -8.6856099210346205E-002
  0.14044546697203861     
   6.0577314533497247E-002
 -0.16327518250387116     
  0.73465526912118617     
