   1.0000000000000000     
  0.27636493944546736     
  -8.9648526066287371E-002
 -0.19685024843382004     
 -0.10741560074677249     
   6.3299895462248831E-002
  -7.8816536478543794E-002
  -3.3385488661765626E-002
 -0.13809105121130807     
   2.4144497837717438E-002
  -8.8996348764189843E-003
  -4.7078415442890140E-002
  0.10069666215033764     
   4.7580844406132618E-002
  0.20932906020768682     
  0.15210104052732862     
  -4.5842056080012884E-002
 -0.10753344077290392     
   8.3177629320956119E-003
   9.6827681712127744E-002
 -0.10253249126070729     
  -2.2011213255475517E-002
 -0.11480002322046107     
  -1.5716408976636089E-002
   3.0013617020964153E-002
 -0.16444296049524390     
  -7.1577603492883168E-002
  -2.6806073914179912E-002
  0.21497632918192386     
  0.14899436707141797     
   4.9947179987575543E-002
  -8.3171020708869142E-002
 -0.17489672295159572     
   1.6203063622133976E-002
   1.7622704532235557E-002
  -7.0042348695159105E-003
  -5.2980346673086175E-002
 -0.12706355292651816     
  -7.7599896149351158E-002
  -8.2030945682411580E-002
  -5.6741199010006502E-002
   5.2461170264411411E-002
  0.10615097536883880     
  0.11744832853078625     
   5.7147866792755436E-002
   2.3720574386635086E-003
  -6.8981801634126663E-002
  -3.5936681502496987E-002
  -2.8298013581325776E-002
  -7.6600542383256046E-002
  -9.8494626067957877E-002
  -7.6600542383256032E-002
  -2.8298013581325807E-002
  -3.5936681502497000E-002
  -6.8981801634126663E-002
   2.3720574386635589E-003
   5.7147866792755388E-002
  0.11744832853078618     
  0.10615097536883879     
   5.2461170264411446E-002
  -5.6741199010006439E-002
  -8.2030945682411538E-002
  -7.7599896149351144E-002
 -0.12706355292651811     
  -5.2980346673086175E-002
  -7.0042348695158957E-003
   1.7622704532235620E-002
   1.6203063622133990E-002
 -0.17489672295159567     
  -8.3171020708869101E-002
   4.9947179987575495E-002
  0.14899436707141792     
  0.21497632918192386     
  -2.6806073914179926E-002
  -7.1577603492883196E-002
 -0.16444296049524382     
   3.0013617020964074E-002
  -1.5716408976636034E-002
 -0.11480002322046116     
  -2.2011213255475559E-002
 -0.10253249126070733     
   9.6827681712127772E-002
   8.3177629320956500E-003
 -0.10753344077290390     
  -4.5842056080012912E-002
  0.15210104052732865     
  0.20932906020768680     
   4.7580844406132618E-002
  0.10069666215033758     
  -4.7078415442890119E-002
  -8.8996348764189617E-003
   2.4144497837717414E-002
 -0.13809105121130810     
  -3.3385488661765605E-002
  -7.8816536478543781E-002
   6.3299895462248859E-002
 -0.10741560074677245     
 -0.19685024843382012     
  -8.9648526066287371E-002
  0.27636493944546731     
