  0.66148308811683398     
  0.67582662313737407     
  0.66373313364896325     
  0.64763534199392037     
  0.62934243947344137     
  0.64726479453408303     
  0.66190815205463860     
  0.67189000905212459     
  0.65737859644407992     
  0.66349424376451693     
  0.63814514814335166     
  0.66747858102254054     
  0.66078951171826583     
  0.65494306133043878     
  0.66634532496029353     
  0.66386068459782821     
  0.64636503189363792     
  0.66145978512386783     
  0.65498470523596497     
  0.66760403206853014     
  0.64065673318018102     
  0.67028477148925081     
  0.64964562469668308     
  0.66542840650248880     
  0.66776702412278177     
  0.65706478373857113     
  0.65731210447574051     
  0.62770652714553177     
  0.66506209836461749     
  0.65945652504677121     
  0.66133247620144520     
  0.66569767627109511     
  0.65858225920936675     
  0.64858571246130103     
  0.66437323097936862     
  0.66639569833076262     
  0.65715279245575042     
  0.65338269285335449     
  0.66309169776621257     
  0.65419027357614234     
  0.66266559585511020     
  0.66274842709613191     
  0.66616390946355086     
  0.66749486881592390     
  0.65900992112766810     
  0.65039176570301394     
  0.65226357735159080     
  0.65915859404443189     
  0.66426248344834682     
  0.64320593437271134     
  0.66857731289103528     
  0.65344489075464696     
  0.65350617542881417     
  0.66500508989767937     
  0.66889431251703446     
  0.65943674259025342     
  0.64410151727501319     
  0.65582980646103983     
  0.66852347673500367     
  0.65403174972524869     
  0.64729294796997305     
  0.65539997000684513     
  0.65642260029986055     
  0.66995009785060278     
  0.64059382766275141     
  0.66523433620310424     
  0.66233571142365311     
  0.65688043881789315     
  0.63918234588640743     
  0.64477977805767894     
  0.65432302532355791     
  0.65461292953575645     
  0.63969891686318792     
  0.65608189898824809     
  0.64659997385371548     
  0.65077932256742133     
  0.64143731869791198     
  0.68402408403745607     
  0.65019913011851094     
  0.66982912246710569     
  0.65061919285216663     
  0.65983915028969053     
  0.62032546821384094     
  0.65896775957891462     
  0.64925507442901931     
  0.66059381711660992     
  0.66138931033139914     
  0.65048827916211327     
  0.65798543961753375     
  0.66643056623758790     
  0.66025113629727816     
  0.64746778890310908     
  0.63390259682010641     
  0.65650368525541369     
  0.67030315633861159     
  0.64861401630849436     
  0.64380095614594957     
  0.66054245862335137     
  0.63930871060766137     
  0.64700591060770307     
