  0.99899999999996503     
  -4.0090666026263537E-002
  -2.6614850836945324E-002
   2.9053850817338548E-003
  -2.6219832463600868E-002
  -2.9693280998385717E-003
   1.0187631656994110E-003
  -3.1194237698899500E-002
   3.9326893223901654E-003
  -1.0039114742471185E-002
  -4.9270710571509488E-003
   4.6688305115603294E-003
   1.2024046899790640E-002
  -3.5136929681414936E-002
  -4.5848213756332218E-002
  -1.4293178698917043E-003
   1.2497474271456012E-002
   1.0408921548348231E-002
   4.8809847088353174E-003
  -5.8413605877590660E-002
   2.0610889432153803E-002
  -2.2964447860656248E-003
  -1.3327139094271641E-002
  -1.4030257097686944E-002
   1.0571741298489508E-002
   2.8022275021048669E-002
  -4.4106958178714026E-003
  -1.9609889731623302E-002
  -4.3353149323420881E-002
  -3.9866614055276296E-003
  -2.9681736442836375E-002
  -9.4797448133165998E-003
   8.1400454609114638E-003
   5.6115984017686651E-002
  -9.5768912943328590E-003
  -1.4012265224574700E-002
   3.9500846103518727E-003
  -2.8701556306234898E-002
  -2.8484463320548076E-002
   2.4686000294535913E-002
  -5.2663355628586499E-003
   1.8323390673598710E-002
  -3.0447155630622048E-002
   2.7022804640637516E-002
   7.4557922866348325E-002
   1.6152268944869531E-002
   3.6549244813656484E-002
   6.8237776574234721E-003
  -9.5815474833133921E-003
   7.2747413418176518E-002
   1.5179551329648690E-002
  -1.3484895477503988E-002
  -1.7467489538304397E-002
   2.2897014978463370E-002
  -4.2639449946498188E-002
  -1.4602910169943913E-002
  -2.4144613200382865E-002
   1.2480320061867341E-002
  -1.9901894446970263E-002
  -4.0810799318012599E-003
  -2.1855266433236632E-002
   1.6845334005946185E-002
  -4.4651346876793653E-002
  -1.6697226929496947E-002
   9.0877981823600899E-003
   5.3810357265055613E-002
   1.2325338954386297E-002
   2.3627147589630686E-002
   2.2007557568519735E-002
  -4.2043298196564008E-002
   3.8996235329478407E-002
  -1.0867067807639528E-002
  -7.2502166255512882E-002
   3.3361584125205124E-002
   3.8411211688112175E-003
  -3.8242295938581937E-002
  -7.4062637697743988E-002
   1.4549882538393717E-002
  -1.0330427932619903E-002
  -1.1988177217316918E-003
   5.4185529520055210E-002
   2.7735227925610974E-002
   4.8132111831064021E-002
   2.2046466839810044E-003
   1.8722243689344085E-002
  -7.0378010546996380E-004
  -2.4335284332905858E-002
  -3.3540170920042044E-002
   1.3793733921075465E-002
   2.5696181269182716E-002
  -1.0945554505592932E-002
  -1.8013127904594872E-002
   5.7577601579866418E-003
   2.3613813288893264E-002
  -3.8569790641797469E-002
   4.4274015881805304E-003
  -8.3673612905718356E-002
  -3.1240265969261884E-003
   2.4357762134188519E-002
   3.3553963590803081E-003
  -3.8222267569164733E-002
   1.7874577651182406E-002
  -8.9763774104877084E-002
  -8.2254934442166187E-003
  -3.5603184545461956E-002
  -3.0700585271963052E-002
  -1.5655556483670176E-003
   4.9140647731950891E-002
  -3.0173916891031577E-002
  -5.6789086198925816E-002
   1.5472052113359584E-002
  -4.5998554367614054E-002
   1.6900851634185940E-003
   5.4325362023110883E-002
  -3.8030527746981790E-002
   4.7442224052009055E-002
   3.6904393813633747E-003
  -1.9020048365398393E-002
   1.4964009321922609E-002
  -1.6484395842722543E-002
  -2.0957006171618109E-002
  -1.4141783753559041E-002
   9.6356246199605592E-003
   5.8264036858893510E-002
  -3.6213189447881163E-002
  -2.5320557895344247E-002
   2.4840670666376102E-002
  -5.9990836126128037E-002
   5.1575682078100288E-002
   9.5885303131684821E-003
  -2.2162748219955019E-002
   6.4024339049096810E-004
   2.6814470946057893E-003
   2.3703484561916552E-002
   1.8139476239345757E-002
  -6.5422480890929419E-002
  -1.9675888236017829E-002
   4.7276256915920545E-003
   4.8639489616513813E-002
  -5.1208986401273554E-002
  -2.0186048061017793E-002
  -7.7451043587842723E-003
  -3.9285051763680766E-002
  -2.7214569089172094E-002
  -2.6453159059781170E-002
   3.5264368246924048E-002
   3.2463376920970906E-002
   2.8475786710346312E-002
  -1.9024192725405991E-002
  -5.3368833559949445E-002
   3.2256759850308396E-002
  -2.6316594164446070E-002
   2.0707609985368806E-002
  -2.3352772278843643E-002
   4.5624216804450279E-002
  -4.8965303371478926E-002
  -2.0627058946291212E-002
  -1.3700384733407012E-002
   1.8408147951290005E-002
   1.6876481281427692E-002
  -6.2103127670368852E-002
  -2.0298315530304919E-002
   3.9524562121373154E-002
   5.0327664701446617E-002
  -2.5167182975577504E-002
   6.9116040208592189E-003
   4.8165297466446953E-002
  -5.1271748120316051E-003
  -4.4855866046787075E-002
  -1.4744508451088928E-002
   2.1062381062969156E-002
  -1.4200400163244488E-002
   4.9914247623324720E-002
   1.5630149293107534E-002
  -4.6157241102832758E-002
   9.5138363086277669E-003
   2.5180195069562830E-002
  -1.9044595141972265E-002
  -1.9151956884504414E-004
  -3.7930923601450159E-002
  -4.7821052121845113E-003
   5.8437358316532260E-002
  -1.8599191378707108E-002
   1.1240099246484885E-002
  -3.5550340399313714E-002
  -3.9913277029297860E-002
  -1.2723189777195871E-002
   1.9433619863430052E-002
   4.4505732697552924E-002
  -1.9265184971835148E-002
  -8.5790581112734302E-003
   3.7260377738336375E-002
  -3.2252447825876392E-002
  -2.9474602574120719E-002
  -2.4531067692270453E-002
   1.2459632087940252E-002
   5.3590543775486457E-002
  -5.4892631629915221E-002
   3.9585533169845810E-002
   1.3989438651713856E-002
  -1.3173748044183548E-002
  -6.5540591769130394E-002
   3.0861361179277350E-002
   1.9452854263055389E-002
   5.1565253919294181E-002
   5.0760467991763931E-002
  -1.8705235545516206E-002
   3.8258250432497832E-003
   3.4701793759209440E-002
  -1.1290269921533803E-002
  -2.4088078084482104E-002
  -6.4605869027826316E-003
  -2.4372402672070411E-002
   2.8853045352713456E-002
   5.7854119707524181E-002
  -1.4960368015181424E-002
   4.5375828430697915E-002
  -6.4139644525609454E-002
  -5.3914345454067224E-002
   1.2988558580192369E-002
   2.6728145307635578E-002
   2.1117347036250005E-002
   5.9373881423278298E-002
  -1.9865558588441096E-002
  -4.4717980522481528E-003
   9.8357956461135165E-003
   1.1008503869990553E-002
  -4.0420290673936765E-003
  -4.9217587934046153E-002
  -2.7384503020454094E-002
  -5.4141801440088094E-002
   2.6492953406889185E-002
  -7.4348005284449814E-003
   3.5426903157241618E-002
  -3.7987860609433849E-002
   1.2982387334938681E-002
   2.3512735694921977E-002
  -1.9693363680078294E-002
   1.0564177246125319E-002
   4.8895270943468142E-002
  -4.9481132605376978E-003
  -5.5741904884663209E-003
  -5.8003987585887117E-002
   3.4623552466162645E-002
  -1.0989180446188576E-003
   2.2453663027775520E-002
   6.2562356681784587E-002
  -2.1094851779036035E-002
   3.0763187993018384E-002
   2.7057064668877934E-002
  -4.4264287932436176E-002
   6.2023534231310185E-002
  -6.9517644644259029E-004
   3.7103734350839392E-002
  -3.4898261258955066E-002
  -2.4916453137154529E-002
   1.4958252427226669E-002
  -2.8511782122629895E-002
  -2.5167892676701774E-003
  -2.5054021004751049E-002
   4.1484883702751753E-002
  -9.8145735508553388E-003
  -2.5753223939155839E-002
  -9.6896005588504707E-003
  -4.6206200585299714E-002
  -3.1293920871337351E-003
  -3.2281444812671829E-003
  -3.0207608089762281E-002
   3.6863734150443313E-002
   3.3019096976319842E-002
   1.2281601622966069E-002
   3.7754000265823859E-002
  -3.2648615223032827E-002
   3.9158485937349954E-002
   1.3373618314899328E-006
   1.9275064329636452E-002
  -1.8404601214197524E-002
  -2.9135125779786331E-002
   5.1064804316255964E-003
   1.1744602967285854E-002
  -2.9521106395863334E-002
  -8.4225382884595933E-003
   3.1769900044111447E-002
   3.7293739800722862E-002
  -9.9037907319669671E-003
   1.5667789800551165E-002
   1.8732350079477239E-002
  -2.9475074891214315E-002
   4.6012318250309457E-002
   2.3296128436463986E-002
  -4.8323137930975618E-002
  -3.7500354452584040E-003
   7.0195951414761551E-002
  -1.2530885028827612E-002
  -5.0785851742803104E-002
   2.8068193251594466E-002
   3.0279573290084672E-002
   2.1273188257350320E-002
  -5.6376006833677737E-002
   2.8659850497135340E-002
   8.5604528882845202E-003
  -4.8255219648142840E-002
  -4.5140042620404462E-002
   5.6853934179222951E-002
   3.9985625366857229E-002
  -2.4741322249059308E-002
   2.7152701757032060E-002
 -0.10764091649361619     
   6.7751134618921523E-003
   2.7967908530875933E-002
  -9.1691633967037320E-002
   2.0942911350221343E-002
  -1.9395426244759508E-002
  -4.5466577877645454E-003
   5.4609008445069759E-003
  -7.4782599576501301E-004
  -3.6451173692573863E-002
   7.6662044950933525E-002
  -3.9246162897893143E-002
   1.6419893950477351E-002
   4.3339754661261831E-002
   2.0553280599031418E-002
  -4.7084758540660798E-002
  -7.8908919795674902E-003
   4.1482409069951189E-002
  -1.1904258618729013E-002
   2.6535626056455160E-002
  -3.7569991452561013E-002
  -2.1757950924996508E-002
  -2.3047801235589450E-002
  -5.3209988145925383E-002
  -2.9975669981432647E-002
   2.9740727200691579E-002
   2.8337817304327214E-002
   1.0551347748591275E-002
   2.1819937940104953E-002
   5.5792767207758767E-003
  -1.4065302560526195E-002
  -5.1040201993038541E-002
   1.1979399717271463E-002
  -1.0053867627757142E-002
   2.8098508724246393E-002
   3.2948373525725091E-002
  -2.7671748798580149E-002
  -5.4611428281333280E-003
  -7.5534158922921204E-003
  -1.9795991484324062E-002
  -5.0145778533216098E-002
   3.7217892931997308E-002
  -2.2691499384717408E-002
   5.8534177761295138E-002
  -7.1275293626287844E-002
  -4.3526044946557006E-002
   2.1031680613265335E-002
   2.7327247199174939E-002
 -0.14398033552703809     
   1.2590719616735711E-002
  -9.7237283263302866E-003
   3.7993339896978136E-004
   7.1960742545949349E-002
  -5.8850896166727874E-002
   6.7528247575640896E-002
  -5.5605199311619002E-002
  -1.5717021521411259E-002
  -4.0699851690393613E-002
   4.0199317780660590E-002
  0.12259609256244203     
   1.1754226728801173E-003
   4.7372678241644955E-002
   1.0910362032294682E-002
  -3.0369842830792787E-003
   3.4408518672590545E-002
   4.9886458097413142E-002
   1.4101959707712471E-002
  -3.3544053001486572E-002
  -8.8954710069300461E-002
   1.0103764744711559E-002
   9.6204829818109169E-003
  -1.2649955478686869E-002
  -1.1140840451654539E-002
  -2.7564829609587890E-002
   9.5333939457366273E-003
  -3.9156415542002034E-002
  -5.2339752718159162E-003
  -5.3741712329500864E-004
   1.6738480420202994E-002
   7.3360184766879777E-002
  -5.5900622503042091E-002
  -4.9970426737839850E-002
   6.0049811120201392E-002
  -6.1394419454353037E-003
   1.9833289928022250E-002
  -1.0382783175849552E-002
  -9.4445582809457133E-003
  -1.0458253520730616E-002
  -6.0694068159021584E-002
  -7.5964300844333088E-002
   7.9333227571806900E-002
   1.6826593391230334E-002
  -7.8709896158961054E-002
  -5.6591930915894192E-002
  -3.7501939315308576E-002
  -3.6117320806534826E-002
   6.4527423477786228E-002
   2.8299736346694304E-002
  -3.7289769209230671E-003
  -1.1310561932264301E-002
  -1.5599168797242616E-002
  -5.3448714170486342E-002
  -2.6503870740001581E-003
   8.0821882005949072E-002
   1.7952677431033376E-002
   5.6439854737018964E-002
  -6.0403487495698127E-002
   5.0226385514151775E-002
   6.5161390504390515E-002
   4.6290568795132438E-003
  -8.2409990407598152E-004
   7.1310085264607720E-002
   2.5736007082199128E-002
  -7.3214915166821826E-002
   2.8803676631051597E-002
  -1.6314035730453744E-002
  -5.7594020554866579E-002
   3.3856588319049190E-002
  -4.7833155998050075E-002
   1.2830100602282029E-002
   4.3419587877918289E-002
  -8.4610467729082997E-003
   1.2774515134123530E-002
   5.2724090523334655E-002
  -8.7292441213959703E-003
   5.7906907438804348E-002
   4.5266273901424774E-003
  -6.0371637750143543E-002
  -8.0326580200367065E-003
   2.1230133686090519E-002
   6.7965526485987096E-002
  -9.7045077955316573E-003
   7.7382636145393582E-003
  -2.5885251539740479E-002
  -4.4723751749919716E-002
  -1.8925476141077351E-002
   2.1822736947378209E-002
  -7.3271379435146916E-002
  -7.8511948645822158E-002
   4.0901408175278785E-002
   4.7340538531345941E-002
   4.8202157573796036E-003
   5.8031406858678788E-002
  -4.7761782910798009E-002
   2.0983837246990378E-002
  -8.2680320201637916E-002
   3.3282366458122728E-002
   7.1829798955119414E-003
   6.3645142769212876E-002
  -1.3705283805571993E-002
   5.1671523182235106E-002
   2.9800278726302698E-002
  -4.6112776286595675E-003
  -9.1061620891944601E-003
  -1.6124517977923431E-002
  -3.7543602604278407E-002
  -5.6238112075838655E-002
  -2.8353741631039500E-002
   1.9526231541763497E-002
  -4.9687702992799211E-002
   1.8789861361964335E-002
  -2.6530889809592229E-002
   9.4026517889721252E-003
   4.0728236337362984E-003
  0.11555194796237807     
  -1.8792983137839742E-002
  -1.9583327399083562E-002
  -5.4365513222244803E-002
  -7.9930952721958947E-003
   3.0788478938254833E-002
   1.3593289982102351E-003
   2.0758927618396948E-002
  -1.4760733514553323E-002
   2.7662236209727249E-002
  -2.2129429839978440E-002
   1.0306470426423150E-002
  -4.1327011239400593E-002
   6.4215525704825249E-002
  -3.0294097718333583E-002
   4.6212980004594888E-002
  0.11134286976906031     
  -7.6488796684439864E-002
   1.4587140631754883E-003
   1.4499478951734646E-002
   3.7482388803820377E-002
   3.0106978016195354E-002
  -5.5901797547430125E-002
  -3.5491090533786476E-002
   1.4805593428992219E-002
   6.6948338518341061E-002
   4.8335973845003773E-002
  -5.3151768625982476E-002
   2.1835566338540276E-002
   1.7740587894114736E-002
  -3.2812059376853317E-002
   5.7074555416399336E-003
   7.4220957566224585E-002
   8.7410397001318169E-002
  -3.0347489523165797E-002
  -3.3100154293125773E-002
  -6.6865513960335451E-003
   4.2885761880169869E-002
  -9.6827619793222380E-002
   4.9961882102906321E-002
   5.0319417490251681E-003
  -2.1258009028206976E-002
   4.5362648376791576E-002
  -3.8140650369287474E-002
  -8.3511991899814925E-002
   1.7945232235678781E-002
   2.4004519094880019E-002
  -5.0292116532666749E-002
   6.5056937292013159E-002
   4.7732525122177093E-002
  -8.6919013154669791E-003
   3.9523111347775988E-002
   1.5775913309042225E-002
   6.8165707892931231E-003
   6.2512756987673033E-003
  -5.7987147253486623E-002
 -0.11295742220106822     
   6.5665252632928897E-002
  -1.1625007913143970E-002
  -1.2249658982136173E-002
   7.5413587989985043E-002
  -8.2643015621034460E-002
  -7.8971292618918252E-003
  -2.4027410930360742E-002
   1.8901258399135576E-003
   6.4147787302158449E-002
   7.5244981953588586E-003
  -1.6503178744078223E-002
   2.4873609848690286E-002
  -3.0765753790520968E-002
  -6.6295732091827845E-003
  -1.0031585772705739E-002
  -4.0078913379974518E-002
   2.7742805110115763E-002
  -2.2540582462680859E-002
   7.4046140846345540E-003
   1.3560421875041185E-002
  0.10479371537177740     
   1.0571534607794671E-002
   1.0655880186586380E-002
  -5.5755432203296838E-002
   9.6041076930984751E-002
  -1.3814309579570104E-002
   6.0716493847080499E-002
   2.5011064835990478E-002
   1.3125669648534366E-002
   5.6647194282973580E-003
  -3.4162132039540008E-002
  -2.9422179450854919E-002
   6.1405149946705942E-002
  -7.8716305939143888E-002
   3.8482707533549029E-002
  -2.5394353195466332E-002
   3.3182439042880534E-002
  -4.2461953812625540E-003
  -1.5733259581310621E-002
  -3.9380406003173371E-002
  -8.8698712531058103E-003
   2.9302616552882667E-002
   1.5422931192136896E-002
  -5.1760868540978765E-003
   2.9839427002289670E-002
  -8.1861449585640580E-002
  -3.0500662559162409E-002
  -1.7572828188126881E-002
  -8.8021256761072988E-002
   2.9776573366635741E-003
  -6.6448688414162474E-002
  -2.9334919979041987E-002
   8.6109285209193018E-002
   1.5257773783864923E-002
  -6.4760018183562695E-002
  -3.1040638611328827E-002
   5.3333428302733264E-002
  0.11059193202271063     
 -0.11606417322324254     
   9.8156516146784389E-002
   2.0006528951442653E-002
  -4.9625686440522655E-002
   3.3193300282239346E-003
  -3.3574847056662756E-002
   3.6090064013303780E-002
   7.0870061477976948E-002
   5.0204973767203391E-002
  -4.9217233903765308E-003
  -3.3844261652685739E-002
 -0.12358659317169263     
  -5.2219204001333265E-002
   7.9807626884711005E-002
  -5.3130004751720979E-002
  -2.5530518568745834E-002
   6.4645488963913672E-002
   7.2597064726977190E-002
  -3.2787644884988299E-003
   3.7440891083967288E-002
  -5.2365616475988704E-002
  -7.0289869242590633E-002
  -5.9093053677307709E-002
   9.2310364089508573E-002
  -6.8419927751805720E-002
  -3.6267279534093850E-003
   2.3245483691621379E-002
  -5.1846589219355185E-002
   2.5336903019319536E-002
  -2.4124486838719150E-002
  -3.7268257286584677E-004
   1.0150632071319552E-002
  -4.9482434145343097E-002
   8.6836635313548571E-002
  -2.2585574547298502E-002
 -0.11412959705920912     
 -0.11215804285184429     
  -2.4905388968166815E-002
  -8.1481863282367797E-002
   1.3496824180337172E-002
  -6.7583687036921733E-002
  -5.2627806861603843E-002
   2.4219721227112957E-002
   5.5252820320763514E-002
  -3.3826693332470965E-002
   7.1807005629040390E-006
   1.6196431606514291E-002
  -2.1802126664845798E-002
   8.6439043108468991E-002
   4.2686115430449270E-002
   6.6878444092308476E-002
   2.7449427368452319E-002
   1.1701039507180582E-002
   5.3472295344104269E-002
  -8.4876830675863456E-003
   5.8705401988172319E-002
  -1.1078361067396542E-002
  -1.4677460489206347E-002
  -5.9419725252169008E-002
  -5.3477222229934715E-002
   1.2301129029470066E-002
 -0.18453053274968620     
  -5.2237007613771459E-002
   1.5948725751056648E-002
   3.4818622879108210E-002
  0.12682420354951668     
  -1.3227426912829464E-002
   7.6101726126146629E-002
   1.2449172633510634E-002
  -9.3360839029212578E-002
  -7.2449538547701128E-002
  -3.1808283633572874E-002
   2.8321587536840293E-002
  -1.7099395983067332E-002
  -2.3848077371130681E-002
   1.1243192219631234E-002
   8.2695360969863449E-002
  -4.1229040085293205E-002
  -6.5608945467355087E-002
   2.5663574557715552E-002
  -5.3522389129270438E-002
   1.9309398561831465E-002
   3.6512578735981537E-002
   5.1096370128349798E-002
   5.0744142254593949E-002
  -9.1366682578581576E-002
   8.4658935140976554E-002
  -6.5184605415566574E-002
  -2.1485514877810190E-002
   1.0558839387908773E-002
   4.3206728574888657E-002
   1.5571546271271434E-003
   3.6282347115541014E-002
  -7.4103920288616384E-002
  -6.1437106216777415E-003
  -7.8509134168273625E-002
   4.1398784002854377E-002
   5.7560570030304646E-002
   1.9769610736901193E-002
   3.9968750541750208E-003
   2.2196905249936209E-003
  -3.0806238603743288E-002
  -7.1730303241595877E-002
  -1.7925275684088946E-002
  -1.9557848633157803E-002
  -4.9020122516678019E-002
   3.7556947914918162E-002
   7.6003467153403739E-002
   8.2463616271933243E-002
   4.5690919273249004E-004
  -6.0927596414528634E-002
   3.3650141117661347E-002
   6.0956181293019628E-002
  -4.9629055207685228E-002
  0.15060509951315218     
  -4.3546974519499210E-002
  -3.1874972388431878E-002
   7.7197494325973118E-003
  -6.9487021137618996E-002
  -5.3724014022334558E-002
   9.9018571052968851E-002
  -2.6938320171435597E-002
  -2.7887770525184426E-002
   5.1595165283081307E-002
  -6.0452256210755714E-002
   6.0971203320640308E-002
  -4.1260132151191779E-002
   2.8849872115674826E-002
  -8.4462038758394059E-002
  -2.7652078276581185E-002
  0.11401253177132657     
   6.8399097802907649E-002
   3.5519336874512836E-002
   1.9588159728673480E-002
  -6.5409260062280802E-002
   2.5831741223000897E-002
   8.6624066824856454E-003
   2.0504002475297260E-002
   2.0363035389721222E-002
  -7.7836924614533676E-002
  -3.8144495737525742E-002
   7.6332422128061558E-002
  -6.0247640775316955E-002
   6.1126918584433400E-002
  -1.7330434393359483E-002
  -7.8696171498446061E-004
  0.11243682206126465     
   2.6570017071378151E-002
  -1.0848969920340420E-002
   4.6060719847369709E-002
  -4.6266215554114046E-002
  -9.0195228704464642E-002
   1.6363288994782278E-002
  0.10507978163389356     
  -3.1368771081643120E-002
  -4.4935043955380137E-002
   8.0658874012475471E-002
   3.6577320957429792E-002
  -6.1014322100027309E-002
   6.6356644430941969E-002
   5.6788770879391152E-002
  -8.4427532192166033E-002
 -0.11632724892745948     
   8.9219113910894417E-004
   7.4735445046701932E-002
   5.7643249789427260E-002
   2.8487633359815693E-002
   1.7645458555414880E-002
  -4.9220560910278217E-003
 -0.10055512000011313     
   8.1310853416948548E-002
   5.9380420633825891E-002
   1.3715410918227420E-002
  -6.6654639148377506E-002
   6.2961310682463384E-002
  -3.1819774193249814E-002
   8.8669637272324450E-002
   2.0171821173003743E-004
  -2.6781893788701504E-002
  -3.1656787486112031E-002
  -6.3078390131557235E-002
  -5.5240239612531709E-002
  0.12562759268241361     
  -6.7153071377782689E-002
 -0.10306876000257509     
  -1.3127978274745010E-002
   5.1602020580251776E-002
  -3.3146857240612511E-002
   1.5050926299705348E-002
  0.12879387748617865     
   8.2804401565416269E-003
  -2.5939797405774921E-002
  -2.0943385601213126E-002
  0.10622146862739838     
  -4.7291286421963299E-002
   1.8752300281770020E-002
   5.5052232628907669E-002
   1.0779383152241164E-002
  -1.1642957315888816E-002
  -1.9405341129215985E-002
  -5.7678553672956150E-002
   4.9553298984493663E-002
  -4.3740538306108467E-002
   3.5401318094767174E-002
   6.2407893714457111E-002
   6.3048764756830439E-002
   2.5435463438458983E-002
  -4.1614192862696672E-002
  -6.9464441598320437E-002
   4.5432906767183319E-002
   6.2723977942778716E-002
  -1.3641707089970714E-002
   4.4337263943317967E-002
   5.8123463021798480E-002
   4.3464079335409564E-003
  -3.3702302222941337E-003
  -7.8810489859403587E-002
   3.0326284535636058E-002
   2.4588933101221472E-002
   1.3364356621553712E-002
  -4.1838708355181713E-002
   6.5105472865220546E-002
  0.10481883407181776     
   1.3535065215826082E-003
 -0.13435625048375363     
  -2.9987620019267552E-002
   3.7952710971827786E-002
  -4.2211446374759917E-002
  -5.9252401208268024E-002
  -2.3808402103479297E-002
  0.13103837337991758     
 -0.11482152280043002     
 -0.19693249235394691     
   4.7460090940208095E-002
   6.2560386895148534E-002
  0.10099351473305693     
 -0.12361845999203908     
   6.0424890362060245E-002
  0.10661849997123156     
   3.9698702413131934E-002
  -7.5525377505717634E-003
 -0.10366819374251673     
  -1.0348319885889372E-002
  -7.8826574094314011E-002
 -0.10620376914209578     
  -5.9053554345758028E-002
  -3.7651296784057077E-002
  -8.4154210124366746E-002
   8.3720707911613693E-002
  -9.1487801368483571E-002
   3.3731269561029745E-002
  0.13478225035501062     
  -9.0380512518952169E-002
   1.2667325217012380E-002
   3.4341615620204796E-002
   6.0965247973060320E-002
  0.12804016352893124     
  -5.4727595557599054E-002
   3.9681936191627079E-004
  0.20904759156759403     
   6.5802977528542070E-002
 -0.10161204318401974     
  -4.4690460970618802E-002
  -9.2716425053850082E-002
   2.6209712411502614E-003
 -0.14448547159537375     
   8.8002626119764865E-002
   3.9666440028898367E-002
 -0.16345984473937158     
  -5.8015952913527069E-002
   6.0805610569271216E-002
  0.11250559691350250     
  0.10357758781853930     
  -9.0437295514484095E-002
   5.3088138364921185E-003
  -1.8069931256688824E-002
  -8.0988585736144952E-002
   8.4418738409993629E-002
  -2.4500818564397359E-002
   9.9139339664913076E-002
 -0.10708864174887502     
  -3.7657033792732587E-002
  0.12893403892394301     
   9.5596672020404366E-002
   1.0675628733048342E-002
 -0.23084034071082968     
   2.7840273495535722E-002
   5.5120937957901524E-002
 -0.11705374426099302     
  0.11212147989420093     
   6.8851860534639514E-002
  -1.4193202419217961E-002
 -0.11587562246192028     
  -6.2175338917072880E-002
  -1.4124789421575988E-002
   7.4092967954561093E-002
  -9.6840117892236219E-002
 -0.20874657909043098     
  -3.0797169115470115E-002
  0.14235350294304686     
  0.12749446296640446     
  -3.4784280462142221E-002
  -2.2697465813797239E-003
  0.19620321467829072     
   2.4489047874319766E-002
 -0.13008847110679472     
  -7.0896787559866059E-002
 -0.16899445928787174     
  -1.9900255948704242E-002
 -0.21477094938907576     
  -3.9096271929982322E-002
   8.1935091437174090E-002
  -1.1024312569564360E-004
  -8.8765476763805196E-002
 -0.26253791109460300     
  0.10753544718804993     
  0.10731361282143217     
  -6.3771457679493826E-002
 -0.10317913875128755     
   2.1649194789016373E-002
   4.3147484071306239E-002
  -1.3802588669816586E-003
  0.14630176177360507     
   1.1035079761414676E-002
 -0.12312409366464766     
   8.9599967887218329E-002
 -0.18405969789118617     
   1.2913100724343325E-002
  0.21227511544340830     
   2.6815413256169842E-002
  -5.9010202673242057E-002
 -0.12517462253042089     
   2.2527299765330674E-002
  0.17823756376126904     
  -9.2086405624458908E-003
   3.0302460695214400E-002
   1.2992307523864290E-002
  -2.0349330386497208E-002
   6.5384774763857234E-002
  0.11142855610417937     
  0.22275837797820405     
   3.7945498396468026E-002
   7.0555961490718744E-002
  -7.0151596159615512E-002
   1.6895100712415713E-002
   3.9874481920832115E-002
 -0.20540898218536349     
  -2.0081933643177827E-002
  0.11563724528456719     
   7.1512552392735296E-002
  0.14968853727476353     
  0.12857625179624177     
  0.10968847133456505     
  -5.8732909202518578E-002
 -0.18158040465717495     
  -8.2620115508218225E-002
  -8.0631824233958593E-002
 -0.14767578525757272     
  -7.1036172038192860E-002
   8.0341718387816036E-002
  0.15420001490488347     
   5.1228942584144857E-002
 -0.12124552113981985     
   3.6621400040526879E-002
   1.3213360377798121E-002
 -0.11030832434749362     
   2.8660959569840371E-003
   1.0748169851644342E-002
  0.14388280071268444     
   3.7313424100389160E-002
 -0.25955702881709514     
  0.13887482862469488     
  0.15175242582930759     
  -4.0269636908166456E-002
   1.5219713110561528E-002
 -0.25122759293948632     
   2.4130047216017900E-002
   5.2986415384867185E-003
 -0.15044128781530067     
  0.10948049112616172     
   3.3614701182782484E-003
 -0.12417118240826160     
 -0.14844679962072818     
  -5.5453350074365429E-002
  0.51280930373159650     
  0.24136879505260159     
 -0.10193677192398445     
  -5.4812990698526409E-002
   2.9871492207191330E-002
  0.19246527823211329     
 -0.19961850957523228     
 -0.25680159712310852     
   3.4200792875973406E-002
  0.10077746099707401     
  -3.2693468541132344E-003
  -6.7113315468973991E-002
 -0.13236647197965928     
  -7.5852367564860884E-002
  -7.2656021290228353E-003
 -0.13216545588812556     
  0.11583896075524522     
   2.9636815464915055E-002
  -7.2105473813619189E-002
  0.10931878253894652     
  0.11780767484697217     
  0.35632708042927252     
 -0.10350779315557460     
 -0.67378747092340452     
 -0.23936728107530397     
  0.37867243469972572     
  0.76560467880580396     
   1.5613411186085927E-002
 -0.91510566667987536     
 -0.82560826103001572     
