  0.10080953675150923     
  0.12161804708735738     
   8.6597290847036809E-002
   9.5177050912217245E-002
   9.0083816266743930E-002
   9.5157793430376933E-002
   7.1882840780566046E-002
   8.5826511379220455E-002
   9.7348179177115648E-002
   9.4148109556876872E-002
  0.10628047137335735     
   6.4709014421988564E-002
   8.8520706378157024E-002
  0.10058837870330259     
   8.7970028963695449E-002
   9.9591459644400998E-002
   8.2757291865792129E-002
   9.3874615868851152E-002
   8.5085900832754094E-002
   5.4358478138729745E-002
   9.9492401873282635E-002
   8.8799008231800369E-002
   9.0312338096715725E-002
   8.8940253697166211E-002
   9.0194474019003365E-002
   7.0686214135422018E-002
   6.8124618635460363E-002
   9.0979965119564105E-002
  0.10007799062695091     
   9.1683610498596857E-002
  0.10749657172183553     
  0.10182133381201730     
   8.8325327450170785E-002
  0.10165329211570999     
   9.3787850434047290E-002
  0.10058993641996068     
   8.9569307182576829E-002
   6.3132290713540082E-002
   8.2812102292941905E-002
  0.10023449504365078     
   8.3702259958263373E-002
   9.1855049745168088E-002
  0.11030786267622145     
   9.1479498446276133E-002
   7.9996496015507887E-002
  0.10126886374183089     
   7.8469334059507526E-002
   8.1532298643488169E-002
   7.0007621821069344E-002
   6.6924249081856457E-002
  0.10271593875980643     
   9.4492891286764649E-002
   9.1698083212894271E-002
   8.8921439997340895E-002
   9.0687722483907801E-002
  0.10238011966889420     
  0.11230388610939626     
  0.11268992879306090     
  0.10201566184597424     
   8.1376078721365971E-002
  0.10961757803783966     
   8.0347544412714522E-002
   9.1858045185302453E-002
  0.10434452460238204     
   8.2549287763146351E-002
   9.4422184250415681E-002
   8.0113883675004244E-002
   8.6653641996474240E-002
   9.9004918294805344E-002
   9.0891530935957615E-002
  0.10155896614149811     
   7.2367493405146935E-002
   7.7117411943594727E-002
   9.1966751853872389E-002
   7.4216855660057576E-002
  0.10623420319811581     
   9.0516479750246237E-002
  0.11353429878808907     
   7.8997644567048789E-002
   6.6021959685722664E-002
   8.4488288310345203E-002
  0.10662018917239476     
   8.2884943239614914E-002
   8.5125980393772518E-002
   8.0311173703574046E-002
  0.10427936307777880     
  0.10410775144172549     
  0.11233483175141128     
  0.11156656883580704     
   8.9834655021554036E-002
   9.0915598219811294E-002
   9.2894162848242395E-002
   8.7802750905571061E-002
   8.1727923246352516E-002
   9.9607333510922852E-002
  0.10881615010836715     
   9.6101863052719241E-002
   9.6583905974743173E-002
   9.3004901168426607E-002
  0.10044443149330881     
