  0.99900000000037992     
   9.5731911440871398E-002
   3.1049321082894505E-002
  -1.8911207340693733E-002
  -4.5689982109966887E-002
  -4.0958358916027587E-002
  -2.5656155081376216E-003
  -1.1635175470168874E-002
  -5.0307505541406262E-004
  -1.5123009096932214E-002
  -6.5724991349710146E-002
  -1.1954019754496567E-002
  -1.1323304140762380E-002
   5.5809047948471670E-002
   2.8434107562639255E-002
  -7.4208259119059499E-003
  -6.3613834120145041E-003
  -5.2275067460097822E-002
  -4.9868503150658355E-002
  -3.0867576708702587E-002
   1.1030662123837109E-002
   4.0225751293821152E-002
   1.9402785072353500E-002
   1.9024801843484151E-002
  -2.2741272535473873E-002
   1.9820697379026773E-002
  -2.8013026896154113E-002
  -1.5072941606491300E-003
  -1.9292080065674514E-002
  -5.9150809597045819E-003
  -5.7399415184712921E-002
  -5.1535252509246531E-002
  -2.8193574690934323E-002
  -2.9054019837546727E-002
   6.0761652663104812E-003
  -5.0388005280998713E-004
   1.2947056372752444E-002
   4.2947058900002950E-002
   8.0570604271292187E-003
  -1.6678453914820729E-002
   4.8131221551615838E-002
   1.6312643227398608E-003
   6.4410868097568505E-002
  -1.0886898972658189E-004
  -8.5410269463980382E-003
   6.9810714756851674E-002
   8.4366361560257713E-003
  -1.1687731167134374E-002
   3.1392855846908299E-003
  -3.3446304102748431E-002
  -1.0953392651740420E-002
   1.0114070029572897E-002
   1.9361065173114988E-002
   4.9883980284688857E-002
   5.4114019256367669E-002
  -9.8720642260203377E-003
   1.6891640323597468E-002
  -1.5796650756695323E-002
  -2.5236087813082539E-003
  -2.9673580315639308E-002
   3.0026527039221800E-002
   1.6626199944306735E-002
   1.0388304022191167E-002
  -3.4047811657768337E-002
  -3.9151895830494186E-002
   1.8965518365238070E-002
   4.4500381219180818E-002
   5.7069371245120903E-002
   2.6892214299573627E-002
   1.3881053978180799E-002
  -6.7427277589826959E-002
  -4.0158240293976515E-002
  -1.9023705495783992E-002
  -2.8812501379755273E-002
  -2.2974568801065336E-002
   8.1577945887311917E-003
  -1.9109765550443743E-002
   3.3708388681809141E-004
  -1.0386484509075788E-002
  -2.2414753364659607E-003
  -1.0898139487292128E-002
  -4.1899847707586563E-002
  -6.7509109523076682E-003
  -2.3014785257041231E-002
  -4.3018447564188884E-002
   4.1746131316308006E-003
   5.7991828725996369E-002
   6.8883018092789385E-003
   5.0791558726680265E-003
   8.3530927298121477E-002
   6.1795882790078298E-002
   4.5877334045548064E-002
  -2.5353826159865273E-002
  -2.2302882107035883E-002
  -3.4371777064630044E-002
  -2.6705425051325848E-002
  -6.2211585809607778E-003
   2.3885640614841299E-002
  -2.0503690011233304E-003
  -9.7182135425263275E-003
  -3.5607016957570473E-002
  -5.0798613584273719E-002
   3.0116218102022918E-002
   5.4653087777610208E-003
  -1.8438861877190977E-002
   3.4204932023047270E-004
  -3.4159040324343810E-002
  -3.5446461466553503E-002
  -6.5529507788015015E-002
  -2.6055342435701578E-002
  -1.5745824671859029E-002
   4.4972160849925946E-002
   3.5124548006527631E-002
  -3.1892135098535224E-002
   1.6414140560341593E-002
  -4.0684967808246417E-002
  -1.6876952519272334E-002
   1.6037584092151492E-002
   2.6985340712321712E-002
  -5.3901513113106800E-002
   1.5329266223342181E-002
   1.8046574324101942E-002
   1.3557828584588041E-003
   5.5815005039047908E-003
  -5.9482024933159544E-002
   2.5441646650518165E-002
   1.4138922614699617E-003
   3.9336402187011878E-002
  -2.5746646575662475E-003
   7.4175207434275118E-003
  -2.7566746426571347E-002
   8.4332002535496570E-003
   2.9318102808277062E-002
   3.3944940345752309E-002
   7.1438321624186493E-002
  -5.0677926914789291E-002
  -2.0680737335942421E-002
  -6.0865850950617438E-002
  -1.6196490444140583E-002
   4.6046799498092504E-002
  -7.6614483561877726E-004
   2.3436377912999341E-002
   2.5967359131061452E-002
  -3.5981195956650461E-002
  -1.7252987992829271E-002
  -1.4914340701430023E-003
   4.7668628868399357E-002
   3.4250616967305893E-002
  -2.2852916661129860E-002
  -1.9713279447010706E-002
  -1.7737797071783863E-002
  -7.2415685213657280E-002
   1.2768449851878944E-002
   1.1916504937087048E-002
   5.3651510753111309E-002
   2.2936769357533547E-002
   1.5747301189330910E-002
  -2.5352289737316156E-002
  -3.0240009290515530E-002
   1.8672548603169369E-002
  -1.0477373409300744E-002
   5.9064002769619161E-003
   3.9443311911065131E-003
  -6.2847015302770454E-002
  -3.8710930767129226E-002
   3.2127828134744275E-002
   4.0758613813164347E-002
  -2.0151864800287154E-002
   1.1681567766244124E-002
  -5.6542188602783712E-002
  -3.3172266864565286E-002
  -4.3150618187492171E-003
   6.5967257311884131E-003
   3.7564293073432176E-003
   2.4564146473338845E-003
  -4.1460872840641330E-002
  -2.0949322250606382E-002
   2.8611456396796324E-003
  -3.4284974464783109E-003
  -2.0859835427758638E-002
  -4.1543908316635438E-002
   6.6296607896605209E-003
  -4.9257647846368893E-002
   1.6433766984599432E-002
   5.4689905585883672E-002
  -3.2844616421828704E-002
   8.1572214742173618E-002
   3.6861586464052493E-002
   5.0612901629926405E-002
  -3.3843421216425635E-003
  -2.4641302847929657E-002
  -3.5186960732586023E-002
   1.0555392207320788E-002
  -2.2268351407089090E-002
   3.3495415600420485E-002
   5.5896789974687514E-002
  -3.4860233916523549E-002
   2.8223532943906254E-006
  -6.6516174727634381E-002
  -4.4298437547068713E-002
  -8.4809693085354781E-003
   9.8548411904819362E-004
  -1.4733440619367150E-003
   5.3301076640883606E-002
   1.1838370180006693E-002
   3.5789725858448064E-002
   6.0003167173713685E-002
   8.0815835453734677E-002
   8.0271373948739747E-002
  -2.0497344920875075E-002
  -4.5182925443000024E-002
  -3.4474685601586966E-002
   4.5645476482685676E-004
  -1.0243896127385068E-002
  -2.7896455194782517E-002
  -4.4743768826156147E-002
  -3.9383251305508106E-002
  -1.7488643368413277E-002
   5.7626381415554373E-002
   4.3327153673483582E-002
  -2.6736359720424641E-002
  -1.7898665527230262E-003
   2.4584305795484198E-003
  -7.4746810897089011E-002
  -1.8921388926454181E-003
  -5.4613443593211769E-002
  -2.4020378493872282E-002
   2.5320864189673230E-002
   2.2769027695157852E-002
   4.7992990124775821E-002
  -1.4977884783071818E-002
   6.2341805887925483E-003
   6.0614654307327667E-002
   3.2459611292172557E-003
  -4.3128717256144380E-002
  -2.1169010687993612E-002
  -7.7950463065662020E-003
  -4.2853922577414600E-003
   2.9160986675002450E-002
  -3.8007377392185238E-002
  -7.6916767746580050E-003
   1.0005012944161952E-002
   1.8005684612506498E-002
   7.8362651818470158E-002
   4.4438084081723651E-002
   8.1446956836640105E-002
  -6.0464374032083115E-002
  -8.8569960396839023E-002
  -2.0053682252281730E-002
  -2.4343601231234198E-002
   1.2976356220773695E-003
   4.1330014420808629E-002
   2.7749296964136801E-002
  -5.5640256842900332E-002
  -8.3523557261113903E-003
   1.2984649968818979E-002
  -1.1809178390595207E-003
   1.4551631183215858E-002
  -3.3727417107044480E-002
   2.5876604495008700E-003
  -7.1474786801145095E-003
   2.3177634855452798E-002
  -2.6625782714461046E-002
   7.0006914380851021E-002
  -9.4465572170234803E-003
  -6.4730883728723196E-002
   1.7571968607496956E-002
  -2.1824639138240034E-002
  -7.5972682563636942E-002
  -1.5195268836136549E-002
   7.8155719694882608E-003
   7.5290416774419031E-003
  -3.3435350256197767E-002
   3.0378932972659516E-002
   2.2368245493726321E-003
   1.9869195025872352E-002
  -5.8683155412593092E-002
  -8.0454628283497410E-003
   1.3516191839224792E-002
  -1.6393666318366772E-002
   8.0362058171712086E-003
  -3.7320696709673543E-002
  -5.6405567993428489E-002
  -2.4293999694785856E-003
  -3.1445871177227448E-002
  -2.0442227666501511E-002
   4.5217737266095820E-002
  -4.1214808737446540E-002
   2.8710709027609818E-002
   6.6006031675917938E-003
  -6.5844326219408004E-003
  -3.0988192628028138E-002
  -5.5176720734493978E-002
  -3.1869141251856990E-002
   2.0152343586041847E-002
  -8.7436128155807639E-003
  -1.2444856169284413E-003
   8.3075186058443037E-002
   1.6435319192337865E-002
   3.2616108512475823E-002
  -6.4056492252919178E-002
  -3.8800391606625913E-002
  -1.5663933958086112E-002
   3.0148311120919018E-002
   3.0193488053878427E-002
  -3.2722917301941698E-002
   4.7321432564935532E-003
   3.4737348634875743E-002
  -1.0409019581719802E-003
  -3.5125843310904598E-002
  -2.2046243812158507E-002
  -1.0971158945204002E-002
  -5.4975691127641335E-002
  -4.5635095937683876E-002
  -6.7953150959325831E-002
   6.6321058009226774E-002
  -4.1794687347824044E-002
   2.9814890078218217E-002
  -2.8859040031579762E-002
   4.2338761588515943E-003
   4.2824145326896927E-002
   1.4635163989531283E-002
  -2.7378518623784421E-002
  -7.1366746276000067E-003
  -1.3555226875084109E-003
  -6.8407624923815580E-002
   1.3140907969539095E-002
  -1.6447041079669555E-002
  -1.7755003641722042E-002
  -3.7220033573178286E-004
  -1.3360157989727511E-002
   5.5459508943037202E-002
  -3.0674026528549909E-002
  -2.6624664679117321E-002
   1.3588320628273963E-002
   5.0393383078983639E-003
  -3.2627039276345741E-002
  -7.8977610088864073E-002
  -5.5966273908441437E-002
  -1.8560557618374548E-002
   4.2060892977537016E-003
   1.7801231010962971E-003
   1.4790069388593981E-002
  -1.0140271577105190E-004
   3.4570368819432797E-002
  -3.7498944421499911E-002
  -9.0851659142421864E-003
   3.6308321164006029E-002
   4.7567673429947659E-002
   7.7141033623100583E-002
   4.6224718337758992E-002
   4.1202129879486619E-003
  -1.5658288119957023E-002
  -1.6078974241953840E-003
  -1.3306078527811738E-002
   4.5299472360061904E-002
   2.7581725140751610E-002
   1.8380277266458592E-002
  -6.7580577326057642E-002
   7.5740049876412460E-002
  -7.2486572152414836E-004
  -4.6508041643484113E-003
  -3.4378185732760407E-002
   7.0617984016666274E-002
   3.2834645511053877E-003
   2.2919334534692269E-002
  -3.7378526324062113E-002
  -5.7361844749260919E-002
  -4.2460691455269768E-002
  -7.0815377178981842E-002
   8.9477084365206360E-003
   2.0849649233433784E-002
   6.1367165150262956E-002
   3.1812820505115455E-002
   3.2300045192724912E-002
  -9.1592660726773356E-002
  -2.5425397865192007E-002
  -2.8660445382267339E-003
  -2.0934484973807416E-002
  -6.8509608506498371E-002
  -3.2523361190273090E-002
  -5.3345664386963282E-002
  -2.0712316859391882E-002
  -2.3805935920225015E-002
   6.2663479764750077E-002
   1.2244183656995349E-002
   3.0746857198153087E-002
   3.5640130279194458E-002
   3.5123750415101893E-002
   6.3590527471800828E-002
  -1.8798394135563577E-003
   4.4908189934560290E-003
   1.8545998332959401E-002
   5.2882253256257188E-003
   1.1043190289469618E-002
  -6.3127315385882454E-002
   4.4027579218256976E-003
   8.5120113143003120E-002
   8.1190732798338740E-003
  -7.9221800840868148E-003
   3.5761708115884562E-003
   3.3854151688009981E-002
   3.0134849071000544E-002
  -3.0213701226180570E-002
  -8.3549209554620498E-003
   1.5224447972988948E-002
  -2.8913259874033762E-002
  -2.6286327669134801E-002
   1.1611582212085414E-002
   5.1363708048993064E-003
   7.8734072072764866E-002
   4.8436341266560557E-003
   2.9819993116678489E-002
   1.7918660895846802E-002
 -0.10960815460601786     
   1.4351030738919629E-003
   3.3861364957783850E-002
  -3.8745331413357210E-002
  -5.0392829558357791E-002
   4.8834807431372418E-003
  -6.7397045698268571E-002
  -4.5980772640370399E-002
   1.2916626987892326E-002
  -9.0604818888542021E-002
   2.3383727856226260E-002
   6.1352717800526677E-003
  -2.8491479364621822E-002
  -5.6635511534410127E-002
  -4.8388916393725242E-003
   7.8369198909801902E-003
  -2.0994550317911500E-002
  -5.2614459384496791E-003
  -1.2436842696083517E-002
   2.8528575243521242E-002
  -6.7096449213660411E-002
   2.3123667753309298E-003
   3.6524456755244281E-002
   2.5834786453787954E-002
  0.10213492205462857     
   1.3767797142959596E-002
   5.6094453646409366E-002
  -2.4222388313541964E-002
   1.2739974949088807E-002
  -1.1313202240988605E-002
   2.3667748909622390E-002
   6.3292168869580584E-002
  -4.7627488674345441E-003
   3.2416857542071485E-002
  -3.4964989902950001E-002
   5.5932080521984159E-002
   5.1839886332867437E-002
   7.2992773951566545E-002
   1.7060870710082401E-002
  -9.2201860876726261E-003
  -1.7709098581288656E-002
  -1.4964996671535374E-002
  -7.8144936195210356E-003
  -2.1441269921494054E-002
  -7.7855448286789537E-003
  -3.7993062848622368E-002
  -1.3831663572402614E-002
   2.7178890807416051E-002
   5.6399167060872515E-002
   5.3363465621835998E-002
  -1.3387715142562180E-002
  -8.3163267644487896E-003
  -7.3479770181693646E-002
  -5.2170241597151917E-002
 -0.10864556831348919     
   6.4685193036512195E-003
  -3.9368511875369772E-002
  -4.6363417330248895E-002
  -2.6381473789150834E-002
   2.1908337728551015E-002
  -9.1402956837560625E-004
   3.3244774481316360E-002
   3.7982176018803812E-002
   1.8733486491701683E-003
  -3.0586210466095772E-002
  -6.7970019929333214E-002
   3.8371963228747127E-002
   4.4148374807950946E-002
   2.3525595152530374E-002
   2.6181183327680171E-002
   1.8551750069357477E-002
  -6.0585582216059553E-003
  -2.6411241993162790E-002
   3.8234403042475960E-002
   4.3484530478727079E-002
  -2.2896955712698567E-002
  -1.0597362540187604E-002
  -2.2606953295616506E-002
  -2.9524374367844060E-003
   1.8896853385699634E-002
   2.3958857839544066E-002
  -2.7600055744260769E-002
   3.0406132409841455E-002
  -3.6535709204187958E-002
  -6.7356608956450098E-002
  -2.0171517698266330E-003
   8.9125161867367950E-003
  -3.4168862896933848E-002
  -3.9245458162606144E-003
   9.9087501362860042E-003
   5.3681304480012411E-002
  0.15844101519133552     
  -1.0208554951722629E-002
   7.2003305527638312E-002
  -5.4476517244404282E-003
   2.4808461678110932E-002
  -5.3672486465554649E-002
  -3.0890470877975505E-002
  -7.2580453755841656E-002
  -9.4169735988105407E-002
  -2.1289951500124355E-003
   5.2152526864405899E-002
   2.0936515935593696E-004
  -4.4621507889176390E-002
   9.7786238034484663E-002
  -7.6677890502955218E-002
  -4.7175371947633729E-002
   6.0493754555523971E-002
   1.7882255692596338E-002
  -4.0522643920864361E-003
  -3.2750621378202692E-002
  -4.3455269922617348E-002
   1.1107443414616048E-002
   9.7738332258832827E-002
   2.0597918586735011E-002
   1.9428950017912713E-002
   2.0544542864591843E-003
   4.6407988268804172E-003
  -2.3951032975950616E-002
   2.0453449016935381E-003
  -4.5897528757075689E-003
  -4.7770862996070161E-002
   7.0928170894189554E-002
  -3.1122321351198006E-002
  -9.0837731894009778E-004
  -1.6556380831391725E-002
  -1.1667158159515295E-002
   7.9859724491434150E-002
  0.10911682593689101     
   2.6785567685952805E-002
   3.6359927423468566E-002
  -6.9759631538266826E-005
   8.1909357836071062E-003
   4.5996668293957883E-002
   3.5148541203361798E-002
   2.7579350281595270E-002
  -1.1476885604641957E-002
   1.9055995445850547E-002
  -2.0762845086516213E-002
  -7.5158656950847752E-002
  -2.2717158639735339E-002
  -1.7880253736344800E-002
  -2.3275486270704818E-002
  -5.3674978860208389E-002
  0.11985856543432889     
  -1.2695688252374151E-002
   4.1853795046980266E-002
  -3.6309559890025350E-002
   5.4993625498822939E-002
  -3.5948152499570334E-002
  -4.7637587127300082E-002
  -7.4367962116644593E-002
  -7.7107490076546046E-003
   6.9449769564957797E-002
   1.2284865572250921E-002
  -4.3508363416446733E-002
  -5.3886762810591834E-002
  -1.5195252028890743E-002
   2.4507410211452002E-002
  -8.5890850020702181E-002
   1.6825520153994682E-002
   3.5050844178221567E-002
   6.1542576564362517E-002
   5.8342902941175966E-002
  0.10343766064080272     
  -5.8945280823215582E-002
  -6.5560018588300711E-002
   1.6468116491408391E-002
   3.5918426919470579E-002
   3.4856863323398525E-002
   3.2867672728750658E-002
  -1.4581869547159138E-002
  -1.9402716275584934E-002
   2.5339668558957171E-002
  -6.2879152385061116E-002
  -9.9038070737982285E-003
   4.3998578790602087E-002
   5.9838892823164090E-002
   9.8470514279282620E-002
   3.8848615992695644E-002
   4.8509031758405610E-002
   1.9718817977652504E-002
   7.1199626430711149E-002
   3.0314059935288046E-002
   2.4710488532826858E-003
  -8.4722413825200193E-003
  -2.8409378935201905E-002
  -1.7266305305158564E-002
   3.0171386769334015E-002
  -5.8143199774030355E-004
   1.3700918580188586E-002
   4.3713832822923786E-002
  -2.5102566357944701E-002
  -1.4847310297290242E-002
  -2.9475903467221856E-002
   1.0675651592911971E-002
   2.7320506800121495E-002
   1.4105671227812666E-003
  -5.2241668856706260E-002
  -3.5966203110480176E-002
   2.9854756787017156E-002
   3.2994174491958587E-003
   8.8288201398830674E-002
   4.5981066708935286E-002
   5.2508646075465539E-003
   3.1482968474036191E-003
  -9.7134504836995400E-002
  -5.8318728955856075E-002
  -7.7905816810836803E-005
   2.3903824122357549E-004
  -6.2595200975574986E-002
  -6.2230008776180894E-002
  -5.1703479160010238E-002
  -8.5814519717334489E-002
   5.4959225422911026E-002
   4.8294833976082842E-002
   4.7544185491651840E-002
  -1.1751920886494207E-002
  -1.2525480760352585E-002
   1.9448904751121120E-002
  0.11407405840281999     
  -4.8674338590946532E-002
   1.5897347001176790E-002
   1.5396019368781329E-002
   1.8900440391768095E-002
   2.0446418951732350E-002
  -6.2689328110797429E-002
  -9.1983091614184099E-003
  -5.4328918152065794E-002
   3.2831728270330700E-002
   2.0219410803919396E-002
  -5.5866570596280404E-002
  -3.5874468368647848E-002
   5.4952292208574574E-002
   4.5567573366465997E-002
   1.0833101675410975E-002
   4.0662262573076619E-002
  -8.0771381260215675E-003
  -5.3491045914992721E-002
  -2.3110068279867762E-002
  -9.3954999987018104E-002
  -4.7204150054112187E-002
  -1.7056883138840562E-002
  -3.0693759497109802E-002
  -6.8122780904582882E-003
  -8.1692240918806405E-002
   6.4645676911821479E-002
   2.2130830461193226E-003
   3.0698875023374397E-002
  -2.3521536721240303E-002
   8.2370427283338168E-002
  -2.8891010784546253E-002
   1.3336179512591435E-002
   1.4989377783629255E-002
   6.6314703491257454E-002
   6.5058312368558913E-002
   9.5617450476164656E-002
   4.6618045461820246E-002
 -0.13226670512789057     
  -8.8946222122441507E-002
  -5.7614879599737753E-002
   3.0244465272931779E-002
  0.15498417892258917     
  -4.1463250213665433E-003
   2.2765844179969488E-002
  -1.9880457837921334E-002
  -2.9045424054941947E-002
   3.8728600881097183E-002
  -3.1685124610529684E-002
   7.1447240655175701E-002
  -4.1723774279975319E-002
 -0.11333993493560988     
 -0.16398318114550475     
  -2.2182574613798134E-002
   3.4527732709527463E-002
   1.5309380952150882E-002
   5.8001458846264880E-003
   2.9081697278143658E-002
   1.0006247178827383E-002
   1.8996117548155628E-003
  -8.5095593182002369E-002
   2.2619316831989957E-003
  -5.6152860960224912E-002
 -0.10574931386811535     
  -6.4833616780317391E-002
  -2.3941298843973145E-002
   1.3597987948176281E-003
   1.9929152782095579E-003
   1.3895700973723097E-002
  -2.5832353019030726E-003
   6.2596025902860702E-002
  -6.8207857268278048E-003
   2.1037581231467529E-002
  -6.9743249316063419E-002
   8.6948797527951607E-002
  -2.9329457891794378E-002
  -3.5412699248494411E-002
  -1.5898204994464614E-002
   7.7666785215737097E-002
  0.14061250541820308     
   9.7202816501460093E-002
   3.1170300000035487E-002
   2.9571104706126099E-002
  -7.4242405423168484E-002
   6.9055474568259972E-002
  -4.8662402177013092E-002
   3.9982984575166622E-002
  -9.9488796453016656E-002
  -2.5269432930184486E-002
  -7.1068708283173864E-003
  -5.6493537492657703E-002
  -9.0111912252565846E-002
   1.8165871048532081E-002
   1.5041899085885130E-002
   8.3846891782401581E-002
   8.3545027566440208E-002
  -3.4760373870373992E-002
   4.6507130699292729E-002
  -1.2325748487918883E-002
   6.2405779721307598E-002
  -9.8483886308335031E-003
   9.6904654370305779E-002
  0.14793483603918658     
  -9.1661543940826044E-003
  -8.3662860150551813E-002
  -1.2998693712861756E-002
  -8.9044613299148978E-002
  -6.7212741260854761E-002
  -5.1000388502186814E-002
   6.4077802510317708E-002
   3.4026595572634231E-002
  -7.5418630888991492E-002
 -0.13136976825286148     
 -0.13089074041163337     
   8.5496994003481999E-002
   3.2866240442023312E-002
   9.9210618757462149E-002
   4.0694449513643358E-002
  -9.9479378939122148E-002
   6.3315113937162978E-002
  -4.9965417856198870E-003
  0.10423529680434859     
   8.6905568760190233E-002
   4.2200788463532139E-002
  -1.1014167545821090E-002
  -2.5169757018879548E-002
  -2.5030085040855101E-002
  -4.7945039800907169E-002
  -8.4568503453431088E-002
  -3.1471828379274272E-002
   9.6536953081272026E-002
   7.8483255954576961E-002
   2.6408930029329584E-002
 -0.10184927872027050     
  -1.2340127479025494E-002
  -1.8056173977776490E-002
   2.5913967151551205E-002
  -1.9835253033639196E-002
  -2.5095610115765599E-002
  -1.6781654702373840E-002
  -7.1486768770671630E-002
  -5.7860918671677780E-002
   4.4961628865169316E-004
  -8.0058957821098689E-002
  0.15851255510998072     
   4.0836505508516328E-002
   9.8356103630513655E-002
   6.0227130842133159E-002
   5.2810039889510767E-002
  -3.4871422145153548E-002
  -6.6485157144951484E-002
  -3.1364560996918704E-003
   3.9653814217919622E-002
  -2.9028327881277682E-002
  -3.3447019501369239E-002
   6.1419981233657245E-002
  -4.1513002979984264E-003
  -4.2203687553002245E-002
  -9.3004484339778051E-002
   7.3440580576053044E-002
  0.15794401345716486     
   7.0358579137813654E-002
   4.6698554986640509E-002
  -1.4611792381783423E-002
  -3.3109960912870773E-002
  -5.2123144659992474E-002
  -3.5569969064604162E-002
   7.8004859414346192E-002
  0.16320327367050028     
  0.12063907851847742     
  0.10858541998957931     
  -2.8108676361629126E-003
 -0.10712565519644632     
  -9.5815142728414751E-002
  -5.8978988697375737E-002
   5.0297879318462912E-002
   2.8607311007270084E-002
  -5.0066315946687822E-003
 -0.11984250557459589     
 -0.15743181830955100     
 -0.17277663294291010     
  -2.7380661364557531E-002
  -7.6873618373880570E-002
   1.9514190700819896E-002
  -6.9717893032261807E-002
 -0.15629642601931734     
   1.2695546172728598E-003
  -3.6823492877336446E-002
   6.9222545102676961E-002
   6.2970188297842192E-002
   4.4583841906254314E-002
   5.2036229093324990E-002
   2.2858612208217107E-002
 -0.17636340438755807     
  -5.3104622876184102E-002
  -2.7758920231197141E-002
   9.8285559643739709E-002
   3.9002298224772892E-002
  -4.1248140465015752E-003
  -2.4730938855089455E-002
  -1.3978319166788929E-002
  -1.6752348415671116E-002
   7.4121936857249769E-003
   8.0044415060198340E-002
  0.17008855727992123     
  -4.1374038266372135E-002
   2.4040690387141399E-002
  0.15601676240646523     
  -4.0943933983977963E-002
  -1.7686619952099848E-002
   1.1197206784915870E-002
   2.2510850530787694E-002
   1.7067901815721122E-002
  0.14561607141780183     
   7.9493080336755326E-002
  -2.7127035843335767E-002
 -0.14804119312758088     
   2.8337626976652992E-002
  0.10484076709856645     
   6.8587971440268986E-002
  0.10245276571804633     
  -1.3113163810225760E-003
  -5.6126024346614657E-002
  -7.0767397557613701E-002
 -0.21771416230784563     
 -0.20815714782938521     
 -0.19282572623808483     
  -4.4377296868339668E-002
  0.19674259353985790     
  -5.9680495459316085E-002
  -3.3953048478421365E-002
  0.12761200797412453     
   7.0896684091633619E-002
   1.6892519034943258E-002
   5.5653471577273347E-003
  -2.8199406120670036E-002
  0.12376711478017277     
 -0.10456944847447487     
  -2.0226628770576256E-002
  -9.1707043632250032E-002
  -4.5924910066917742E-002
  -3.9347988559137034E-003
  -8.4840181894865307E-002
   3.3957254188246112E-002
   2.3032224768729164E-002
 -0.10751550525100093     
   1.2415718942337291E-002
 -0.16218438401511345     
   8.1577981546585299E-002
   6.5949994522668212E-002
   1.0306732078522876E-002
  -1.9303778994453420E-002
 -0.12453063455473845     
 -0.13659088522096938     
   4.7372120592683281E-002
  0.17958087253629362     
   9.9884817808838358E-002
  0.26975896639493541     
  0.16830496345133883     
   8.3135326985142491E-002
  -4.7061839246051201E-002
   1.2535092921262478E-003
  -8.0364533223764426E-002
  0.12604843894218176     
  -8.7738319887034011E-002
   4.2488993438888685E-002
 -0.13554932144145976     
 -0.22656916624560289     
  -9.2209891121080897E-002
   6.3986095199450171E-003
  -1.2070083247170346E-002
  0.14833424945922966     
  0.10117924287922882     
  0.24936777254022835     
 -0.15520301642814580     
  -8.5985129201267538E-002
   2.6358047311189479E-002
 -0.14239071463790245     
   2.3788652579853624E-002
  -8.8189807825628741E-002
   8.1681449747534357E-002
   7.3256967380162033E-002
  -6.2618321823204579E-002
   5.9184741299065674E-002
  -6.3039985113352397E-003
  0.20641565623785471     
  0.18905930080986308     
  -1.7407729294908428E-002
   2.0206204942042106E-002
 -0.13008956336917643     
 -0.15680631200933265     
   4.4142757722690912E-002
 -0.16501440315755522     
 -0.11809659932369092     
  -7.2344103828425640E-002
 -0.21169087433746389     
   7.1830580362280986E-003
  -5.6881400326784150E-003
  -4.1242471587198057E-002
  -4.6748530955434991E-002
  -4.3507286835679213E-002
  -6.8676626249029671E-003
  -8.5565711869289740E-002
  -1.8219637769859423E-002
  -2.9586375657370451E-002
 -0.15361571573046068     
   9.0324458481971473E-002
  -2.2161706788238800E-002
  0.13407222790423551     
  0.13404933633990032     
  0.19085865640932503     
   4.3340344767126796E-002
 -0.12523925204323905     
  -6.0003735453998390E-002
 -0.10856327088005996     
 -0.17866934587697739     
  -9.7689211032767717E-002
  0.23415807045339471     
 -0.13716096193162336     
 -0.19397306304966908     
 -0.12276907564266169     
   7.2454056630087915E-002
  0.14177814275414954     
  0.11867540784027064     
  0.25049115986843240     
  0.10257023897835997     
  -5.3441757637945592E-002
   3.3597654777543541E-002
 -0.11363866915105304     
  0.20588425499204385     
  0.33417289916139964     
  0.37251256255258297     
   8.7900529999024729E-002
  -6.1710543597699230E-002
   7.9209399417693421E-002
   4.0879738596446273E-002
   4.0984244950120013E-002
 -0.15604308902429193     
  0.16690250931825937     
 -0.14459652234296272     
 -0.28550461640511743     
  -1.6361883972382307E-002
   3.0029783504590150E-003
 -0.17573077105398130     
 -0.23740477254522510     
  0.35593846139665603     
 -0.19276603821591048     
 -0.39715295945738027     
 -0.37785175517680786     
  0.11837990051997882     
  0.33111352026336394     
  -9.0079362854620440E-002
  0.25163305436569294     
  -8.3188400121044486E-003
 -0.19730552914422969     
 -0.81494187028003851     
 -0.20386222125962442     
  0.49514418750571604     
  0.40677421785898576     
  0.23228053243672725     
  -6.3398778336793887E-002
  0.65826412022992953     
  -5.4921274851250722E-002
  -1.1193761610743933     
  -1.1226544716680227     
  -1.0033164062463769     
