  0.99900000000057121     
  0.11046319858666864     
   5.6895149701652421E-003
  -2.5329385264013356E-002
   3.1311643685396233E-002
   6.0291567114723547E-002
   1.3647196864285506E-002
  -1.3452636657053253E-002
  -1.6803818582021766E-002
  -3.5577341603729509E-002
  -5.4219317617243811E-003
  -1.3663186693478537E-003
   1.2346696728259219E-002
   1.3491042453565130E-002
   6.2838640055113873E-002
   4.2298012049698887E-002
   2.3662935694143763E-002
  -2.3677590547976274E-002
  -5.2202706412988201E-002
  -3.3122417224874016E-002
  -3.0056753602159435E-002
  -1.9277882355158239E-002
  -5.5661576250598262E-002
  -2.0807743003002466E-002
  -2.5199618367425285E-002
   3.0624728923403857E-002
   8.2527078699892620E-002
   2.4760010609013988E-002
   4.1058218441239365E-002
  -2.9065138697296954E-002
   2.5749921656300127E-002
  -2.8661976996832753E-003
  -2.9336181389703495E-002
  -6.3344634435663821E-002
 -0.11017805966908129     
   3.4283379206754786E-003
  -5.6148639735531053E-002
  -3.8514767908045512E-002
   1.1725228742183754E-002
   8.0275915528191417E-003
  -2.2176026004025605E-003
   8.2208402075373069E-003
   2.7018289466636831E-002
   7.5303355931978519E-003
  -1.8240134458121361E-003
  -5.6702785145017580E-002
  -2.7559160609893262E-003
   6.6978197210778839E-003
   1.4541703201714214E-002
   1.0101930902790483E-002
   1.5162312278871588E-003
  -4.4817233952989845E-002
  -8.3825580721752849E-003
  -7.0402293689605065E-003
   5.8376355678566673E-002
   6.3618387864267212E-002
   7.9009498458112171E-002
   5.2190862739136513E-002
  -8.1385054696904192E-003
   8.3543485708237747E-002
   8.0230417783910629E-002
   7.8218528095491596E-002
  -2.7126044990737338E-002
   1.2810872672469753E-002
  -1.7728514293835970E-002
  -2.9728884562083016E-002
  -1.2982725313461277E-002
  -1.0426275313791734E-002
  -1.2245364097219857E-002
   3.7732652567630093E-003
  -9.7784220421129548E-004
  -8.0742547102074444E-003
  -2.5501487713491231E-002
  -2.9298482322079019E-003
   6.4169578436464009E-002
   2.6883762138504966E-002
  -3.8075940389629435E-002
  -3.5672255115494760E-002
   2.7942401949561692E-002
  -4.4329813325912744E-002
   9.3318890930831466E-003
   4.8217719905930337E-003
   4.6523863211268904E-002
   8.0608716488721921E-002
  -4.5488793082691468E-003
   2.8401245239734519E-002
   1.9418389516099390E-002
   3.6561904760723310E-003
  -2.6524772948282340E-002
  -7.6902047078372445E-003
  -5.5337994438232993E-002
  -3.1154154986721860E-002
  -4.5463170824150786E-002
 -0.12103092348572647     
  -5.2395543065775568E-002
  -1.5149853280259161E-002
  -2.4554486942672555E-003
   1.9173922335027746E-003
  -1.3308626320044880E-002
  -1.5565940391140150E-002
  -2.6572912489295587E-002
  -2.0936866636450317E-003
   3.4346875177384099E-002
  -1.9350289466039977E-002
   5.5721054893936818E-003
  -5.1264974237216800E-002
   7.6721348079055313E-003
  -3.6033016038717607E-002
  -2.9844491501897691E-002
  -8.5125285940454703E-004
   6.9416450498232390E-002
  -2.7379864537341536E-002
 -0.10093634155524675     
  -3.8728842146549575E-003
  -3.5704817725392961E-002
   3.7067914122546286E-002
  -1.6047988763256686E-002
   5.0513776703971724E-002
  -5.1710783654630253E-003
  -6.9005268837821779E-002
   1.3011856137380942E-002
   3.0210439195458762E-002
   9.4196870586330536E-004
   5.0007502902504240E-002
   4.4352600156783141E-002
  -1.3382313680881225E-002
  -3.9453355771760769E-002
   1.7689489966832412E-002
  -1.2688585723782298E-002
   7.4851208135613606E-002
   1.9294555623214589E-002
   2.0106426730574934E-002
   3.5248379529879310E-002
   5.3914778991443639E-002
  -1.3112728910598085E-002
  -2.3525212776936030E-002
   4.5109889932973685E-003
   8.3600481053157275E-002
   4.2104858435666408E-002
   1.4359564972689152E-003
  -3.9148510771764237E-003
   3.8128007387415487E-002
  -3.6308269954100614E-003
   2.2875255082484270E-002
  -6.9019325143355086E-003
   2.7054648413099628E-002
  -3.8348866212251878E-002
  -1.4801339007769827E-002
   1.9337145663679014E-003
  -1.6082576711295060E-003
  -2.1114756969262228E-002
  -7.2427484811411674E-002
  -3.7868396344139434E-003
  -3.9553713469609696E-002
  -5.5558801415809399E-002
  -3.3032188197584175E-002
  -5.5377927827888834E-002
   8.6480920091538491E-003
   1.6982780984262372E-002
  -2.5608195278446370E-002
  -6.3719518363577463E-002
  -3.2619969423622427E-002
  -1.0847526522274935E-002
  -1.2444865408681335E-002
   3.1513209439306439E-002
   6.8754091735882414E-002
   1.3660545601133837E-002
   1.7337644325800493E-002
  -5.2278491890627041E-002
  -1.9090908790712968E-002
   4.3938856737549256E-002
   4.0488261222890627E-002
  -2.5046638522553934E-002
  -9.4981470811516273E-003
  -4.5260033460334213E-003
  -1.9147691987552083E-002
  -2.8263499963854646E-002
  -8.4813246809292697E-003
   1.7181366282726776E-002
   4.3701213499349072E-002
   4.7666893673839125E-002
  -2.6544166669122764E-003
  -2.8555966939822271E-002
  -2.7347515349245795E-005
   2.2641750493364407E-002
  -2.1430531464094161E-003
  -1.5597514579740216E-002
  -8.7596089826723726E-003
   5.8520129870765387E-002
   8.2186946160836809E-003
  -6.1142538798251198E-002
   3.2887401283825640E-002
  -1.2401909213235062E-002
   3.2831058196359064E-002
  -5.3438981683666439E-002
  -3.8422586799247670E-002
   1.3322313849306364E-002
   2.3687206177532279E-002
  -1.2574844082540271E-003
  -6.2971085237047572E-002
  -3.7873991901503437E-002
  -1.7117061401913877E-003
  -3.4283012165162649E-002
  -5.6265599833796545E-002
   1.5424583539494340E-002
   8.0612827779398318E-003
   2.9504011950845500E-002
  -4.7620336185757603E-002
  -7.2259268089529052E-002
  -2.3820500531381010E-002
  -2.5610590170451097E-002
   2.0804099778434310E-002
   2.5285588822828279E-002
  -3.6556112871854930E-002
  -1.4837388839769207E-002
  -1.9172484751990893E-002
   1.5718182100251700E-002
  -2.4547714131676911E-002
  -1.7472541451764470E-003
   1.2339429307066390E-002
  -2.8042033199967079E-002
  -3.6034123195980608E-002
  -6.7345935891741329E-002
  -2.5990098401477346E-003
  -3.7202759824013394E-003
  -2.8026881570049657E-002
   5.8667531209593789E-002
   2.4586425260903974E-002
  -5.6741060385353884E-002
  -6.1589017142650519E-002
  -1.1726184555060917E-003
  -5.7525387326673606E-003
  -3.6112423207194662E-002
  -3.7008112456932196E-002
  -4.1998788492762271E-002
   3.1383700277242202E-002
   3.1278867219804010E-002
   4.2735434844144733E-003
   3.2225105397453498E-002
   2.7238626611621047E-003
   4.5723740624627595E-003
   2.5838231651609408E-002
   4.6687532983439228E-003
  -5.0256952373547070E-004
   6.1692896067458676E-003
  -2.1253826949526656E-004
  -4.2865107489233313E-002
   3.6172263764480031E-002
  -1.0834401165645560E-002
  -4.3153799537545348E-002
  -3.2910138397073740E-002
   5.2304313723075348E-002
   3.6438270253550294E-002
  -3.3608652771987477E-003
   3.6705138811392132E-002
  -4.5565755843056707E-002
   2.9429911641193451E-003
  -3.3385616165612947E-002
   9.1902852306503524E-003
  -4.1967634172893599E-002
  -5.6372720988069454E-002
   9.0290901641228664E-003
   8.6582716866439782E-003
  -4.4643607760190260E-002
  -3.9414922606454586E-002
   1.4435217806341253E-002
   7.9844996296895940E-002
   3.0239000271171552E-002
   1.7803086297459202E-002
  -1.6027127429355571E-002
   1.5222256776387793E-002
   5.7237981563953218E-002
   2.0473972933785202E-002
  -2.9277612640383744E-002
   3.4194557977860578E-002
  -1.3800457165542542E-003
  -4.2968043795899726E-002
  -2.8790403279782193E-002
  -3.2274801385693816E-002
  -4.2104938935508519E-002
  -4.7597636761982365E-003
  -2.9088248718281397E-002
  -2.0125427021516238E-002
  -1.4016180599338627E-002
  -5.6783586218080148E-002
  -3.3013357317463611E-002
  -4.7664675283699510E-003
  -7.3621456131444324E-003
   1.8159846480778494E-002
  -3.0168818747753675E-002
   1.2764293754528439E-002
  -1.9376592564241572E-002
  -7.1555914488828351E-002
  -9.6701085509810041E-003
   2.2116453147175464E-002
   6.9923552150406895E-002
   9.3677524363738648E-002
   4.5916388959510050E-002
   2.1804671267526360E-002
  -6.8576820918946979E-003
  -3.1383030009813477E-003
  -6.1942584489121698E-003
   4.8036405471195837E-002
  -9.3861004137508440E-003
   5.2635708733073383E-003
 -0.11907395956651808     
  -5.5999683048072936E-002
  -4.7914692407537929E-002
  -2.9961496440032310E-002
   3.4482056437872374E-002
   5.0819702241394357E-002
   1.4983199001869398E-002
   4.7054804579429080E-002
  -8.5755635422286244E-003
   1.3011016826895478E-002
   1.7845902199306998E-002
  -2.1582560065163442E-003
  -5.4448568328121991E-003
   2.5284764697210173E-002
  -6.5564768863726836E-002
  -4.2950315812116710E-002
   7.8619430459490311E-002
   1.8165261353357155E-002
  -5.5883645109579593E-003
  -5.7385344488940795E-002
  -2.0841562674417590E-003
   3.3068434583425725E-002
  -1.7845346826417832E-002
  -1.5610657846896836E-002
  -5.1006282304793406E-002
  -3.0154139493970451E-002
  -6.7361167618917264E-002
  -8.4658530564684503E-002
  -4.0647106568474874E-002
  -2.8196036255865649E-002
  -3.6859159142936852E-002
  -3.9563941797701681E-002
  -9.0998292599178709E-004
  -4.5871554634117309E-002
  -2.0641555669425486E-002
   2.4781994382059143E-002
  -2.0722761701598945E-002
  -2.3055628448865648E-002
  -2.7662279264975068E-002
   3.5606080299156210E-003
   2.3332044056073094E-002
  -1.4952948765395793E-002
  -1.7014380050049828E-002
   4.8015317105260646E-003
  -1.0945825496858679E-002
  -3.3115132228539526E-002
  -1.3889472874084685E-002
   4.5997823587984182E-003
   6.6743607683879935E-002
   2.9852223401711342E-002
  -2.7791554062763648E-002
   7.8436021280167856E-002
  -1.7281165463133512E-002
   3.8322742717340492E-002
   2.1930767455183478E-002
  -1.1419121505566081E-002
  -8.3457054253319965E-002
  -2.8192454318527620E-002
  -1.3427912158827255E-002
  -8.4655805220064939E-003
  -3.5430133142741176E-002
  -9.7599530829759595E-003
  -6.1487543640257561E-002
   7.6486277518967999E-002
   2.7860279332879864E-002
   3.0640437332656430E-002
   3.1548674391523535E-002
   3.1452158098385821E-002
  -4.5114464231496816E-003
  -1.2625623816030020E-002
   4.0260557129760115E-002
   5.3736477588072373E-002
  -6.8022775486916535E-003
  -1.1230121561565276E-002
  -1.7602952054805020E-002
  -2.6201647953647930E-003
   5.8627663273680929E-002
  -9.8312713964245572E-003
   1.2785115525540130E-002
   5.8348340371165548E-002
   4.7747031327939837E-002
  -7.1104687033640479E-002
  -4.8329487663247350E-002
 -0.11912788142269060     
  -5.0861576441697601E-002
  -6.5443487512321291E-002
  -3.8958581850735093E-002
  -3.1092956305391252E-002
  -1.7595372990541524E-003
   5.6515363177386257E-002
   3.1519827119083861E-002
  -1.7272074538183680E-002
   3.8863940023694567E-002
   4.9542231239129715E-002
   4.8662861889630656E-002
   1.7481657672145060E-003
   1.3957429918786700E-002
  -2.8865189566495739E-002
  -3.1531323424846859E-002
   3.8619076848056773E-002
   1.8605312960916338E-002
   7.4644536124535879E-002
   7.7905873167900090E-003
  -5.7475039049484809E-003
   5.3384241456817923E-002
   1.7010191925434470E-002
   3.9718335182139186E-002
   1.4667211354570032E-002
   3.2633186004339926E-002
   2.7458475086126186E-003
   3.4371118958122608E-003
  -5.6584301936440505E-002
   1.2915633352793717E-002
   6.9166225219664035E-002
   8.5012963786739018E-002
   7.4308317640753963E-002
  -2.0704085459783562E-002
   9.1887761138608179E-002
   4.1191021085619062E-002
   4.3221242658403422E-002
   5.7170452932643195E-002
  -5.3246009882319936E-002
   1.1223518528596875E-002
  -3.9186443768830660E-002
   2.1272201352925152E-002
  -2.1983643547278268E-002
   2.0138048914949819E-002
   5.9272120294330571E-002
   3.8614025697617703E-002
   7.1067530265267395E-002
   8.9928971401897401E-002
   6.3972599930311028E-002
   2.4353487111288558E-002
   1.1933207802880218E-002
   5.5374029827757049E-002
   5.0769955861883445E-002
   3.2235164098936356E-002
  -2.5569217698218270E-002
  -4.2201302835098174E-002
  -3.5995978181628620E-002
   5.5160115125089580E-002
  -4.0529291827041902E-002
   1.7034026198589691E-002
   1.4792422000934578E-002
  -7.3058398566028138E-002
   2.1659823586551011E-002
  -4.6584940412096001E-002
  -6.0141072766111053E-002
   1.9454303537058178E-002
   1.1809491690751978E-002
   3.8029867222377257E-002
  -6.8940340973855430E-002
   6.2457669788268041E-003
   2.9421276399464024E-003
   5.3469171517886247E-003
   6.0272960014336366E-002
   4.1893167922545681E-002
   1.1932564187295562E-002
   1.4695758843544163E-002
  -1.9598248123165747E-002
  -1.2631037956518605E-002
  -3.0661953103836764E-002
   7.9716439656457479E-003
  -7.0718965948598861E-002
  -2.9439685529735183E-002
  -1.3240581098831876E-002
  -1.1311900007970303E-002
  -5.0542524648807194E-002
  -2.7485915340167109E-002
  -9.6010948557441345E-003
   2.1680411583388959E-002
   7.3358742754717307E-002
   1.4737039915932417E-002
   3.6338270163225099E-002
   4.8475941760695940E-003
   3.9593513105413002E-002
   9.0479848453345391E-002
   4.8650597982225180E-002
   5.9002934526391673E-002
  -2.8120065528303227E-002
   4.9059659095838884E-002
   3.2269731366002558E-002
   1.6583087689860925E-002
   8.9545281669876665E-003
   7.7183831814466752E-002
  -4.2966337074882538E-002
  -2.1767064632239245E-003
   5.4858502334443005E-002
   8.5585167132012918E-002
   2.2458517122856115E-002
   5.3568981010153095E-002
  -4.8805059069632395E-002
   2.2827202008318649E-002
  -7.7189225153465435E-002
  -8.3954333953769431E-002
   3.2070872584757611E-002
   1.7718950338114967E-002
   1.5718265168272277E-002
  -1.3876967136230822E-002
  -4.7799355490654352E-002
   1.3644523846332362E-002
  -3.4238037336155082E-002
  -1.7634369600997971E-002
   2.6622351900283139E-002
   2.0201821245992561E-002
  -8.2000315387901021E-002
  -8.2269544714272655E-002
  -6.6000634139749659E-002
   1.1195090874765239E-002
  -1.4224704729833880E-002
  -4.0479993829963611E-002
  -5.2130613134674923E-002
  -5.2923942397975217E-002
   4.0760380714289723E-002
   8.1573628445243389E-003
  -3.6275049182445309E-003
   3.3467039367600808E-002
   2.5589458746743354E-002
  -5.2349422036671256E-002
   3.0306078120108600E-002
  -2.5062698835952343E-002
  -4.1473777198338842E-003
  -9.2813372745194786E-002
  -3.5190475745232819E-002
 -0.11110669255016327     
   3.5315170986468782E-002
  -6.6270858404149161E-002
   1.5242345532767333E-002
   5.4552547193569265E-002
  -3.5674882734311443E-002
   5.1841237443563552E-002
   3.3547371244295465E-002
   4.2305163937044775E-002
   6.4748965640538933E-002
  0.10942428771873641     
   6.4240277388893624E-002
   3.3443775903800571E-002
   3.6555238734534909E-002
  -2.6789071572015297E-002
  0.11523033576940864     
   1.4439144087035956E-002
   2.4042903749024087E-002
   6.3810396648733407E-004
  -8.1055796454927290E-002
   6.1602034896222901E-002
   5.4674467660412347E-002
   2.4016318616516499E-002
   6.0642321818088407E-003
  -5.8307625270508076E-002
   1.9398718912833179E-002
  -1.2384468937799176E-002
   6.1000533701473778E-002
   2.7233865625836552E-002
  -4.9096599773011486E-002
  -2.6952880462033712E-002
  -2.0767570021042851E-002
   3.6947978338845965E-002
   4.4428826023164655E-002
   9.3590797382136187E-002
   4.0690524422606573E-002
   4.7914983829372315E-002
  -2.7859427328686157E-002
  -4.2350154736103651E-002
   6.7858162513945719E-002
  -4.7304126960215291E-002
  -1.3583267662300556E-002
  -4.1283715427288238E-002
   4.7412760417683990E-002
  -6.5335900172013447E-002
  -8.8990462724982428E-002
  -6.9625307364662908E-002
  -5.5446007305964534E-003
   4.6138124419862390E-002
   4.6237533696074189E-002
   5.7808040709199319E-003
  -7.0307496188304853E-003
   2.7417764080481601E-002
   6.9690286115531477E-002
   9.8283448773841663E-003
  -2.5489938239849713E-002
  -4.7609015776509056E-002
  -3.2052830224242240E-002
   2.4901457474826940E-002
  -6.6638926847624125E-002
   2.5257842765737035E-002
  -3.6582730101276655E-002
   2.5471562351128511E-002
   2.7475073145699570E-002
   1.8204188263154539E-002
  -6.8680345827589834E-002
  -1.8081027176652800E-002
  -5.7525209870629389E-002
  -9.3122750732919091E-002
   2.4025652709818691E-002
   1.1001800025426590E-002
  -1.0221212489774792E-002
  -6.7661838702989696E-002
   3.2879452741149252E-003
   3.1932352240286024E-002
   1.2052286249961313E-002
  -7.0299494209102144E-003
   4.7176542441857386E-002
   1.4759391887481805E-002
  -6.8539449079408732E-002
  -7.0666220194200935E-002
   9.0492117228715946E-002
   5.6517306400691643E-002
  -4.9752331470318947E-002
   5.0043451153437848E-002
   1.7343286357397189E-003
   7.5827909248246159E-002
  -3.6763700000409967E-002
   5.7403079451286934E-002
  0.19078861121211579     
   7.2737322277996716E-002
   3.7747277667553251E-002
  -6.7300209350829960E-003
   1.3629388943137316E-002
  -2.7874139522730455E-002
   3.6593614009596716E-003
   6.7104209731676315E-002
  -3.3575089850094844E-002
 -0.10706687678809704     
  -1.7631741246625032E-002
  -3.5257955585879922E-002
   3.9851994278303243E-002
  -3.6031944354024376E-002
  -7.4709148813820944E-002
 -0.10835242933092792     
  -6.3891398939477373E-002
  -1.7537534489025657E-002
  -4.9579797248104395E-003
  -6.8123152919880609E-002
  -4.3337959549598279E-002
   9.2151653424119798E-003
   2.1782982064422734E-002
   5.6467079021202300E-002
   1.8046164812662649E-002
  -3.6106982736744772E-002
  -3.1363036312318980E-002
  -3.5099526551009832E-003
   2.6891894129870822E-002
 -0.10947209699988217     
   5.5840272138156363E-003
  -4.3344831936625021E-002
  -2.7006763473475449E-002
  -1.2718246773289054E-003
  -8.8726786228604887E-002
  -4.2811040625804153E-002
  -1.0770062170324153E-002
   6.7778709366344975E-002
   9.5343302386017154E-002
  -4.7108349384005953E-002
  -3.6072351585819819E-002
   2.9599954154077585E-002
   7.8231625040601147E-003
  -3.2957065847217581E-002
   6.5951778297512085E-003
   3.0051978122745252E-003
   1.9981549640023577E-002
   9.2113768189111017E-002
   2.8769999412577938E-002
  0.11631940958554439     
  -1.0144541203079329E-002
   1.3836140005701002E-003
   9.3114012439604557E-002
   8.5447703055533911E-002
   3.1075615682861834E-002
   2.3920545969575886E-002
   7.8851392182160154E-002
  -6.4528098243691531E-002
   4.2832361197759156E-002
  -7.5758355608107050E-002
   1.3031117254624920E-002
  -1.0059468662139066E-002
  -5.7455891918420854E-003
  -3.7931040456094633E-002
  -5.2279833759494784E-002
  -3.1112707049951720E-002
 -0.10398133300968077     
   1.3279533698403390E-002
  -2.1593698820091954E-002
  -5.0636182860754143E-002
  -3.0815060813175491E-002
  -7.2193296717176558E-002
  -8.5005198558856673E-002
  -2.5181411109490182E-002
  -4.2611926171836532E-002
   3.8840799380604266E-002
  -9.1651639194281140E-002
  -5.3852003505497299E-002
   2.9391567210725757E-002
   4.1282728548542307E-002
  -6.9034691554773625E-002
  -2.3596799061011156E-002
  -3.5256688429891485E-002
   5.8701147058699013E-002
  0.10879593693759397     
   1.9037007233673305E-002
  -9.9817637285161492E-002
  -3.8169418598695368E-002
   2.5448970194244750E-003
  -7.5785247766240293E-002
   8.0602120333207183E-002
  -3.1749733117459537E-002
  -6.4232275107555664E-002
   5.3857385121789510E-002
  -1.1350525026894381E-002
   2.7474059593549420E-002
   2.7765797053512721E-003
   1.1217917531133003E-002
   6.1857610431510111E-003
  -3.8304788015296493E-002
  -3.0089076061246230E-002
   9.2612011978157327E-002
   2.2766333876649458E-002
   4.9067356541158347E-002
   1.8683410127554752E-002
  -4.6877026023142254E-002
  -2.8296866083616670E-002
  -1.8315186834073040E-002
   1.2981032457057303E-002
   5.3959269461435047E-002
   8.4232904699069355E-002
  -3.9771621066713829E-003
   5.6803224967806432E-002
  -5.3847237026715886E-003
  -2.9773747173175914E-002
 -0.13661952062093663     
   3.9322256588455368E-002
   2.2517943077334721E-002
   1.1621058413766032E-002
  -7.8995484501809418E-002
  -3.2987984311483795E-002
  -8.3181820613662638E-002
   1.2638025714488825E-002
   1.7260235879665034E-002
  -5.0524417661751662E-002
   4.1889267216269977E-003
 -0.11013627570491062     
   4.2698183162944305E-002
  -2.7544214980257921E-002
  -6.6899437998154870E-002
  -5.1685158728924811E-002
  -6.4679278739389112E-002
   2.9855012926972006E-002
   9.5797706240013755E-002
   1.9010540971789742E-002
  -6.9781047784796921E-002
  -3.6774533150507539E-003
  -1.2133087130542302E-002
  0.14069563347427699     
  0.15126870527674696     
   2.0427163449648057E-002
  -5.0636930413157082E-002
  -3.2523065236481852E-002
  -8.4004078240796282E-002
  -6.2012888435350140E-002
  -6.4056980683536088E-002
 -0.18439977113824887     
  -9.5754682261878901E-002
  -4.2366349036365644E-002
  -5.5830314504367880E-002
  -3.0000173908742395E-002
  -1.5366806833443960E-002
 -0.14424213056697618     
  -1.4991549680506425E-002
 -0.12113663708373214     
  -9.5259729143833918E-002
 -0.10561233226203096     
  0.10380183204073268     
   3.1593701426056345E-002
   9.8707288062117541E-003
  -5.4210450910171064E-002
  -7.6364488196409674E-002
  0.12838755460059773     
  -6.7638791900918344E-002
  0.10296543664006440     
  -1.2618948211446808E-002
   4.8133530469389840E-002
  -4.0876160088092257E-002
  -6.6228482113647555E-002
  -2.9747508188661389E-003
   6.3694887081095622E-002
  0.12388096342806407     
  -5.2843867251431913E-002
  0.14095283121984520     
  -6.9284885405221611E-002
   1.1212623773719340E-002
  -2.7755847145818031E-002
   6.9375034546024755E-002
   8.4078292938619209E-002
   5.8199291289790123E-002
  -5.8000182849127516E-002
  -5.7643362566651438E-002
  -8.0796467606020689E-002
   2.4038320149689207E-002
   1.7675399035698036E-002
  0.13690749906766966     
  0.11965273481602705     
   8.5869848065080287E-002
   7.2573543992358922E-002
  -4.0265931386998181E-002
  -9.1992968099198578E-003
  -5.4394909031206737E-002
   4.8491732266805539E-002
  -3.9767378515291975E-002
  -4.9878168833240727E-002
  -4.6903751950825752E-002
 -0.10014828185499004     
   7.3101932458332658E-002
  0.12755062369032291     
   7.2333452564734377E-002
   3.0912502790058069E-002
  -1.8889563466123773E-002
  -7.1524164971612708E-002
   2.9903071829514055E-003
  -9.9307625240625808E-002
   1.5156587976330791E-002
 -0.19891357898035641     
 -0.19877992020825808     
   1.8228386492944223E-002
 -0.16464854329545536     
   8.6363594775118957E-002
  0.12334422794265566     
  -8.5095506645706975E-002
  -3.3219102220222153E-002
   7.2816275530778421E-002
  -5.5772753396824949E-002
  0.11046697153677730     
  -2.9999011134133759E-002
   4.4035030875135543E-002
  -2.4598726482025570E-002
  -5.5888558550445534E-002
   3.5159077360534377E-002
   9.5288831713043337E-002
   5.5329029941481513E-002
   1.5434667403846957E-003
   3.5836321574972727E-002
  -6.2325935099486307E-002
   8.7760535167500722E-002
   4.8722161641847972E-003
   2.2597169822871417E-002
   2.4464703829787621E-002
  -1.9940729922067735E-002
  -9.3582659811989238E-002
   8.0653788308622035E-002
  -1.6612471288862639E-002
  0.10337129859982981     
   1.4994363276691743E-002
  0.13202441666949130     
  0.19154452649036618     
   6.5050184593940224E-004
  0.14197888324935953     
   6.7031625743086992E-002
  -1.3683408788215485E-003
   6.7134783904095982E-002
  -6.1785163142409297E-002
  -7.4760268575719935E-002
 -0.18493453504085147     
  0.10195391258853093     
  0.10202510653515200     
   6.6680622501917169E-002
 -0.25545460867693087     
   2.8195982007402188E-002
  -5.9448444697057394E-002
   4.6978677849708154E-002
   8.8054143662414194E-002
 -0.16168311397936308     
  -5.9340826637286126E-002
   3.3674170799371510E-002
   9.7091711357410349E-002
   8.9082611171613743E-002
   6.9860203485560017E-003
  -6.2982223677380163E-003
  0.14962329651140285     
   7.7354768879749528E-002
   6.3835841778166993E-002
   4.1275100142909624E-002
 -0.12702052020120583     
  -1.0272961732185814E-002
  0.17872236045005033     
  -9.6534393112416725E-002
  -8.6322494742225017E-002
   2.9710009709079131E-002
   4.2437461481095173E-002
  -6.8219382058517200E-002
  -7.1367532916821394E-002
   4.6736097054150563E-002
  0.11678184432001287     
   5.7091881738959530E-002
  -9.5985612544887314E-002
  -5.6350469723766707E-002
  -5.7893420616146635E-002
   7.4855625345735689E-003
   7.1080466480741233E-002
 -0.13192014901754287     
  -2.2572568287224024E-002
  -9.2925496837237553E-002
  -6.6644195808311824E-002
 -0.10347241938951600     
   6.2468105120346909E-002
   1.2672437258644732E-002
  0.29396061407029428     
  -3.1754919813619560E-002
 -0.27793005696911199     
 -0.24540692964691324     
  0.19871437765193622     
  -6.7535326040708513E-002
  0.16894368326224884     
  -5.1057581392090261E-002
   3.0018994896927248E-002
  -1.6659921521821500E-002
   1.2718233879178070E-002
  -8.7674947657028504E-002
  0.17814192327532238     
  -6.0904358185428636E-002
  -8.9153688085212193E-002
  -9.9108257665454474E-002
  -9.3951341859759549E-002
  -7.4635671439507861E-002
  0.11837454196926619     
 -0.14152504328311996     
 -0.10569942601523397     
  -8.9819153297802101E-002
  -7.6834844102971912E-003
  0.13087555834902354     
   5.1062922447477392E-002
 -0.12470156748264045     
   5.3758393240481060E-002
  0.12345139224855646     
  0.27124859527072448     
 -0.13736988419394083     
  -4.6744368792270827E-002
   2.2988740461161124E-002
  0.25578815022575252     
  0.10848333648582108     
 -0.10889287307959417     
 -0.13868931587534589     
  -2.0562584111305418E-002
  -4.1034395877114285E-002
  0.25569690137138695     
 -0.11452683990773316     
 -0.33080940621066662     
  -5.0561287796896504E-002
  -9.1555653936380932E-002
  -4.8211614410241356E-003
  0.13682704111808919     
 -0.20215221668468669     
   8.7661364433198566E-002
   7.0630777726176777E-002
 -0.17239968969965544     
  0.13861861774448467     
   7.5793809067815257E-002
  -7.1236731860916738E-002
  0.21397907807810490     
   7.3952406436024673E-002
  0.13159008514142223     
  0.11158759700697614     
 -0.34688152833527619     
 -0.19277731207200255     
  0.25777234723278175     
 -0.12538425558890245     
   3.0853009687414910E-002
  0.20358759320908484     
 -0.41401268935548519     
   8.7896601892711188E-002
 -0.24572629345850067     
   4.8414101377698762E-002
  -1.8770211873502619E-002
   2.3689103284418489E-003
   4.3131938110955788E-002
   6.5190654466573808E-002
  -1.6778712811909877E-002
  0.13628842108470876     
   5.3935680125834565E-002
  0.13506369596968015     
  0.28699797641536579     
 -0.22731238981692234     
   2.5437388043459314E-002
  0.32046160276099206     
  0.14915881850766777     
  -8.1969536010458491E-002
   2.3666988112799395E-002
  -3.2722466819118771E-002
   5.5784966730875359E-002
  0.13580257175574859     
 -0.39041899868628782     
  0.11388836231813133     
 -0.69218990632250110     
  0.54151989783973065     
  0.42840094910619680     
 -0.47954424461563783     
 -0.80738529438217643     
  -2.9033842119715200E-002
