   1.0000000000000000     
  0.23146166168085608     
   7.8867493805500261E-002
  -6.4399177675344824E-002
 -0.14124957522462631     
   5.9365140303331933E-002
  -9.0924650561851020E-002
  -9.0593149597609030E-002
 -0.13123961152735794     
 -0.15671431358796695     
  -6.6773413345300986E-002
 -0.10740484527908016     
  -1.5344066308983354E-002
  0.13285429896261322     
   2.8354389469106990E-002
  0.18856126323273173     
   4.8226128764324722E-002
  -7.2458266378863240E-002
  -7.7809977931262472E-002
 -0.11145459093478970     
  -3.2032975509503042E-002
   2.8543829456479684E-002
  -3.1125656711770349E-002
  -2.0043276746931318E-002
 -0.25000113555682629     
 -0.17916007394864655     
  0.10311271117520510     
  0.19924245887431299     
  0.22253478643974645     
  0.12646326874483277     
  0.10910822056296232     
  0.11627228082599401     
   2.4088766374678272E-002
 -0.11107406644523721     
 -0.15828368166359125     
  -7.5562727819371747E-002
   1.5057707606995190E-002
 -0.13030522251143017     
  -7.5084335556104845E-002
 -0.10592732367715885     
  -8.4613229077578025E-002
   9.3773569180210556E-002
  0.22768899726164157     
  0.19842220186741311     
   9.2800354659041018E-002
   5.6315557360747129E-002
  -9.8027521510762800E-002
 -0.15418184398635668     
 -0.12705599743753182     
 -0.11637062725902829     
  -1.1799505675718608E-002
 -0.11637062725902830     
 -0.12705599743753179     
 -0.15418184398635659     
  -9.8027521510762869E-002
   5.6315557360747177E-002
   9.2800354659041032E-002
  0.19842220186741300     
  0.22768899726164146     
   9.3773569180210542E-002
  -8.4613229077577998E-002
 -0.10592732367715882     
  -7.5084335556104859E-002
 -0.13030522251143017     
   1.5057707606995173E-002
  -7.5562727819371775E-002
 -0.15828368166359130     
 -0.11107406644523726     
   2.4088766374678251E-002
  0.11627228082599407     
  0.10910822056296228     
  0.12646326874483271     
  0.22253478643974636     
  0.19924245887431297     
  0.10311271117520515     
 -0.17916007394864647     
 -0.25000113555682618     
  -2.0043276746931318E-002
  -3.1125656711770349E-002
   2.8543829456479673E-002
  -3.2032975509503028E-002
 -0.11145459093478970     
  -7.7809977931262472E-002
  -7.2458266378863295E-002
   4.8226128764324722E-002
  0.18856126323273170     
   2.8354389469107000E-002
  0.13285429896261322     
  -1.5344066308983349E-002
 -0.10740484527908011     
  -6.6773413345300986E-002
 -0.15671431358796695     
 -0.13123961152735794     
  -9.0593149597609016E-002
  -9.0924650561851048E-002
   5.9365140303331961E-002
 -0.14124957522462631     
  -6.4399177675344810E-002
   7.8867493805500274E-002
  0.23146166168085611     
