  0.68443774709013072     
  0.67770076068755358     
  0.68529999146691434     
  0.69453107158104799     
  0.66908793816409617     
  0.68377734853547067     
  0.67652725960556970     
  0.69627269078854792     
  0.67230482559524962     
  0.68245260230015403     
  0.67526617035447301     
  0.68360972171506207     
  0.66987732915656073     
  0.67977698362437133     
  0.69344292051396206     
  0.71719781146854711     
  0.68968872888164112     
  0.69711146164258897     
  0.68392540336551100     
  0.67957365002107117     
  0.66978238794485201     
  0.69886050356606588     
  0.68554723585497224     
  0.69602855616002157     
  0.69369417469919914     
  0.66417696584123354     
  0.69251843971966409     
  0.69378805450315018     
  0.70046623204736336     
  0.69463528845536315     
  0.69811466407379807     
  0.69363559470675629     
  0.70485165981946429     
  0.68659303380498105     
  0.68130830954535671     
  0.69626212324508496     
  0.69582160605653143     
  0.69100133725690238     
  0.69822051992039180     
  0.68093183284664194     
  0.67915072062450144     
  0.68641654431810095     
  0.68976293139077616     
  0.70174853616219579     
  0.69435279096788760     
  0.67927099142063396     
  0.70220625476631782     
  0.70214898644789503     
  0.69291367670733262     
  0.70291266659617135     
  0.69839941143725448     
  0.69664770483658311     
  0.68136909224777376     
  0.67787668164301917     
  0.67958652992405433     
  0.69564292012814721     
  0.69485602244964018     
  0.68589041474582313     
  0.68482641011806955     
  0.67809279749679474     
  0.69552878034880694     
  0.69231329289743271     
  0.69411950982438853     
  0.69267199915659783     
  0.69612037498975821     
  0.68317203666204707     
  0.67765389609024751     
  0.69482925795539419     
  0.70263382358637694     
  0.70739344316518638     
  0.70575820650068877     
  0.68205081783953958     
  0.68536438791266874     
  0.68913372110526472     
  0.70449789395049756     
  0.68278087306740887     
  0.70376205006057813     
  0.69207051041433965     
  0.69284566815256377     
  0.68379021582582455     
  0.69415795287991966     
  0.71309512027916166     
  0.70115026757247811     
  0.68248548767147488     
  0.69194087279359384     
  0.68507999859993562     
  0.68959204481740388     
  0.70107987679256989     
  0.68724990073252024     
  0.67256486301382101     
  0.67596557217000164     
  0.66886092861403845     
  0.69382966775825272     
  0.70726170647457265     
  0.69612342176834674     
  0.67450325534494759     
  0.70313702536912825     
  0.69083812367081898     
  0.69449373833623795     
  0.69846653880235321     
