   1.0000000000000000     
  -1.7252875729486142E-002
  0.22163249700660337     
  -9.0169895597626407E-002
  -6.3223382206477668E-003
  0.15032660473383205     
   1.7376295954481123E-002
  0.15060301654375333     
  -8.1718202396816084E-002
 -0.15477091489483757     
  -7.7274569009023290E-003
 -0.11974648623065241     
   3.2816889825315616E-002
  -7.5208595444119591E-002
   1.3730629022397961E-002
 -0.13285896842001976     
   7.4740313332320882E-002
 -0.20334451951214996     
  -4.4121419937035312E-002
 -0.21855562195978201     
  -2.8998905528953945E-002
  -8.6541749636160334E-002
 -0.18549879765862898     
  -6.3577057999605252E-002
 -0.17480376870517891     
   3.5206267549467422E-002
  0.10700420692407235     
  0.12640417961850092     
  0.12394553486865700     
  -7.0759316995851806E-002
  0.10532826941847695     
   2.4149857494767737E-002
  0.19272661805298497     
   8.4443855679960683E-002
   7.4680770265220884E-003
  -1.3410894851115006E-002
  -8.3319354224522149E-002
   2.1619879648109571E-002
  -2.0503661822306552E-002
  -5.5209907380749518E-002
  0.14729915959326545     
   4.7842438961759139E-002
  0.14241704557824048     
   1.6193813387931803E-002
  -6.6389382265589478E-002
   4.3975583248422809E-002
  -8.5788823607802545E-002
  -3.1625498774597430E-002
  -1.4334377617057571E-002
 -0.22388317592015491     
  -6.1618130474988153E-002
 -0.22388317592015500     
  -1.4334377617057572E-002
  -3.1625498774597402E-002
  -8.5788823607802545E-002
   4.3975583248422809E-002
  -6.6389382265589464E-002
   1.6193813387931803E-002
  0.14241704557824048     
   4.7842438961759146E-002
  0.14729915959326556     
  -5.5209907380749552E-002
  -2.0503661822306552E-002
   2.1619879648109637E-002
  -8.3319354224522177E-002
  -1.3410894851115022E-002
   7.4680770265221031E-003
   8.4443855679960669E-002
  0.19272661805298497     
   2.4149857494767713E-002
  0.10532826941847699     
  -7.0759316995851806E-002
  0.12394553486865703     
  0.12640417961850087     
  0.10700420692407235     
   3.5206267549467429E-002
 -0.17480376870517894     
  -6.3577057999605294E-002
 -0.18549879765862903     
  -8.6541749636160320E-002
  -2.8998905528953962E-002
 -0.21855562195978198     
  -4.4121419937035326E-002
 -0.20334451951215005     
   7.4740313332320868E-002
 -0.13285896842001976     
   1.3730629022397961E-002
  -7.5208595444119591E-002
   3.2816889825315637E-002
 -0.11974648623065243     
  -7.7274569009023551E-003
 -0.15477091489483755     
  -8.1718202396816042E-002
  0.15060301654375333     
   1.7376295954481150E-002
  0.15032660473383200     
  -6.3223382206477538E-003
  -9.0169895597626434E-002
  0.22163249700660337     
  -1.7252875729486146E-002
