  0.12075262930594860     
  0.12359570320503128     
  0.15008715527144725     
  0.13689581805713499     
  0.12400463304862108     
  0.12369630404086802     
  0.13795644463911824     
  0.13554007791522249     
  0.16807785923918123     
  0.12815727370347946     
  0.13306009247424308     
  0.13294393440060040     
  0.14819516801043198     
  0.14992224620485994     
  0.14276635304214499     
  0.13915956521149236     
  0.13054622539070876     
  0.13957537422200184     
  0.13759525804842637     
  0.11738636076615441     
  0.11177801528335519     
  0.12684729062392042     
  0.13306830938899206     
  0.13273230122213592     
  0.11103403129827780     
  0.13958125363057106     
  0.13281492215236188     
  0.12305001555887782     
  0.12252433357889470     
  0.12972988315631770     
  0.12306181527118432     
  0.12587088094701696     
  0.15200617295274899     
  0.12476008483673136     
  0.12301216470980436     
  0.14208946470742412     
  0.14360600210102908     
  0.13676618229882739     
  0.14667860743007344     
  0.13932439959134479     
  0.14152969063885015     
  0.14457228182915507     
  0.12793687692841138     
  0.15232120719987388     
  0.12553192542594838     
  0.12251614784005571     
  0.11116841785553221     
  0.11569214753754409     
  0.13056524528751587     
  0.13920196819135466     
  0.13104591109576944     
  0.12943106107228974     
  0.12478797844368091     
  0.11548129520752508     
  0.12367733820717010     
  0.12035798377705582     
  0.11363685217827987     
  0.11493608640520696     
  0.13717885834879229     
  0.12544824115329309     
  0.13806243166307156     
  0.10993454731351714     
  0.12493659613978862     
  0.14170437862269256     
  0.14095516533724675     
  0.12407907580885250     
  0.16085309827849087     
  0.12329112341533856     
  0.11336039174021423     
  0.12351374374378633     
  0.12400378856181259     
  0.13016883818297262     
  0.11169606470593836     
  0.12205823932104251     
  0.14336355710431242     
  0.12169219607388522     
  0.13235553840356298     
  0.13558182561778376     
  0.14032587944771069     
  0.14637340070985905     
  0.13108497699898644     
  0.12462731010978036     
  0.13365853755892276     
  0.12496752043769382     
  0.13941008502855404     
  0.13822925754973076     
  0.14669760325232442     
  0.14721385417089805     
  0.14032438224043242     
  0.11224470965354255     
  0.14318325038360408     
  0.11954183545644685     
  0.13298798957399130     
  0.15617720126360876     
  0.11919379821171616     
  0.15107772157635452     
  0.12731134488188550     
  0.14183820140387110     
  0.13804970011254705     
  0.12452778939728604     
  0.14303174339126218     
  0.13536530772034089     
  0.15300732296781602     
  0.14104041723899066     
  0.12144603822733295     
   9.9496098518032747E-002
  0.13412749028893806     
  0.15508882141506933     
  0.11986726047688731     
  0.11392456113136043     
  0.13304826105841078     
  0.14381394347530341     
  0.12747598420046888     
  0.14285050001835581     
  0.12889530108984015     
  0.14101348471368153     
  0.14327741806625266     
  0.12183828356503267     
  0.12563342859848439     
  0.14748891143424739     
  0.11048538813571401     
  0.16361774543695656     
  0.13884405816153469     
  0.10271338722097557     
  0.14165605245198787     
  0.14346048548659943     
  0.12226762040804456     
  0.14623163415400223     
  0.12678244705244654     
  0.13462134214238039     
  0.14937802560807414     
  0.13367100577616944     
  0.12206412233640830     
  0.12489665478090212     
  0.12581428202753572     
  0.13233672524314885     
  0.13354112871802096     
  0.13689098490161927     
  0.12366809661159986     
  0.14524210014362005     
  0.15808621264647696     
  0.12432029473901109     
  0.11593586895809735     
  0.13641418384288007     
  0.12856130801008317     
  0.12346029872626660     
  0.12889727374661847     
  0.14551851326428430     
  0.14004088165087950     
  0.12353556802559802     
  0.13139715447991973     
  0.13652035936583704     
  0.14153433309930732     
  0.12801616996342008     
  0.13520507027801079     
  0.12632212065987142     
  0.12950488779744931     
  0.14162956609524652     
  0.13252258169536224     
  0.12465581714775653     
  0.14888015385532014     
  0.13440231180434392     
  0.14995937203643089     
  0.12416385680499495     
  0.13150789064507648     
  0.12318176668790591     
  0.15300831666377857     
  0.13675367643892858     
  0.12093002025137417     
  0.13216957640639074     
  0.13077208953511152     
  0.15472789412991603     
  0.11528202230483540     
  0.16974754334707304     
  0.14300028314946875     
  0.11986869932800454     
  0.12841208964446138     
  0.12382601136838436     
  0.12629757202069467     
  0.14109016577624681     
  0.14885843368087603     
  0.12015661613164409     
  0.10604004812409555     
  0.13776850618550432     
  0.14364833550455577     
  0.14840035885521172     
  0.11086250123951796     
  0.13850742901530033     
  0.13771551662496223     
  0.14270697592692458     
  0.13392050194165628     
  0.14799364037012383     
  0.12056829583674319     
  0.11332768898503227     
  0.13228043099348039     
  0.10421987654244273     
  0.12993047028007892     
  0.12840350319052526     
  0.12780071448532487     
  0.12714258030770523     
  0.12407916714535999     
  0.13078659725205333     
  0.13567543875814234     
  0.13054993150542019     
  0.14134319513604932     
  0.13398348987850284     
  0.13498644613684979     
  0.13799036088460581     
  0.14453159141405317     
  0.14298938461691560     
  0.11965924920983619     
  0.14323405157746347     
  0.12858643426379113     
  0.11928302635314990     
  0.16269648804346562     
  0.14704396533239966     
  0.14092338716764469     
  0.14685390168446560     
  0.13077978537556217     
  0.13720794344112724     
  0.15424715632742639     
  0.13230481742537403     
  0.12624710521623861     
  0.13158042984753410     
  0.12384516307415765     
  0.12455152112660482     
  0.13515268742883393     
  0.13048603871011108     
  0.12685367242505155     
  0.15015563274610197     
  0.13805833501390005     
  0.13350050346978540     
  0.14614740049806710     
  0.14438686306452175     
  0.12176315172556035     
  0.12971485167321267     
  0.14164639752587388     
  0.12919713300390895     
  0.14975662344214502     
  0.12241526128444212     
  0.12468029505066901     
  0.13153919468953160     
  0.14674520197549221     
  0.13372354069441439     
  0.16434780389758485     
  0.12092451140430963     
  0.15672405469170253     
  0.13053243217080382     
  0.14166487717066811     
  0.11883215502436061     
  0.12364999225086137     
  0.13655630435950222     
  0.10252421991616745     
  0.12009971796242140     
  0.11521244956271162     
  0.15911338852619578     
  0.13635336467453638     
  0.13237537684683776     
  0.14517925866178066     
  0.13830078726224534     
  0.12941884245826379     
  0.12760001211609795     
  0.14759628605535038     
  0.12448993801789268     
  0.13530657090850232     
  0.12096098676938034     
  0.12053253697710774     
  0.12788735538789164     
  0.12100752072222287     
  0.13601716516312284     
  0.13257474333756969     
  0.14772905278867768     
  0.15141071092788927     
  0.12678868817077513     
  0.12651192718142548     
  0.14106108578134435     
  0.11300009700241201     
  0.14135480948224963     
  0.13625196442941589     
  0.14422356452632787     
  0.12737763603726696     
  0.10295761569492665     
  0.11689255695585574     
  0.14792646224683906     
  0.12180805600727893     
  0.12063817299477554     
  0.14782814066676256     
  0.14263050710290501     
  0.11471020515877474     
  0.12297703814573338     
  0.13675354696542302     
  0.12371966238996178     
  0.12697429555336312     
  0.14811352839388442     
  0.11648659033687597     
  0.12772281723880635     
  0.14317175878773825     
  0.13000871623745655     
  0.12787658519353184     
  0.14678118732786791     
  0.12229640004050737     
  0.12941483805110554     
  0.13227091079624512     
  0.14206910825402591     
  0.12828974836465626     
  0.12670863438747071     
  0.12760355954961500     
  0.14225248415346511     
  0.15719935061247725     
  0.11822058081964941     
  0.13667114767759347     
  0.12167215091011586     
  0.11433941269769171     
  0.13573899465181857     
  0.16176183957871149     
  0.14883029983064680     
  0.13609977189833883     
  0.13484190553752101     
  0.11197850295277749     
  0.13329047744891043     
  0.11601199152325009     
  0.13659850811858618     
  0.13339995669618621     
  0.12427430847222286     
  0.11410447334291103     
  0.13879876477448122     
  0.14124161579898584     
  0.14476474888816551     
  0.11926466465898126     
  0.11874800827692238     
  0.11589831151918743     
  0.14089371459649491     
  0.14792252252981886     
  0.13939674491164286     
  0.13689947185623944     
  0.15153634006547512     
  0.12281180552505061     
  0.14361276822782149     
  0.14337867178328340     
  0.12484867058975832     
  0.13353149284669349     
  0.11394219349017724     
  0.13825222875793572     
  0.12376435463693471     
  0.14035471785033310     
  0.14023281313623559     
  0.14585044481868734     
  0.15979070514526050     
  0.12556279915690444     
  0.12651873692718060     
  0.13151702516568098     
  0.13487047572106606     
  0.14380250423344237     
   9.4532034895096581E-002
  0.11232966455203831     
  0.12982541057297417     
  0.10590923396462930     
  0.12460504015649056     
  0.12953172719755504     
  0.12217269176943502     
  0.11941016933282551     
  0.13700823521136438     
  0.13367339921146459     
  0.11978653217472905     
  0.10810380181605034     
  0.13670229541899312     
  0.15083991395444749     
  0.11650825731602825     
  0.12859546665924698     
  0.14232699466367912     
  0.13699151391257788     
  0.12805760105687647     
  0.13619461831132912     
  0.12797199549212426     
  0.13485235646102250     
  0.13058677948420955     
  0.13699221472902978     
  0.13377504297546644     
  0.13378547069268693     
  0.10957932755317371     
  0.14203659696792706     
  0.14317244220708103     
  0.15138826501887520     
  0.12071481040376728     
  0.12703058147844418     
  0.14191749087202449     
  0.11845498679551686     
  0.13343319971871839     
  0.11954643926480474     
  0.13602396669720718     
  0.14920639934644672     
  0.11669849870924723     
  0.12753304769235649     
  0.14803870876863376     
  0.10959432569795846     
  0.12367288762830204     
  0.13958312155362212     
  0.13818032844260997     
  0.14184587663540968     
  0.11890966501672363     
  0.12288091240676777     
  0.12550771502843439     
  0.12307453318108075     
  0.14337688003552723     
  0.12402163144512299     
  0.11711435130360102     
  0.12486061961809845     
  0.11891850492881920     
  0.12440610564896437     
  0.13177566142587524     
  0.11739796249981478     
  0.13386714290203774     
  0.14418671342150874     
  0.11785456629385678     
  0.14066613980244502     
  0.13160181699633963     
  0.14492700030852762     
  0.12566216352204537     
  0.13397190560679700     
  0.13052178918404700     
  0.12645353739682591     
  0.12688681435352875     
  0.14994259903074839     
  0.14087609865845205     
  0.13043905723718949     
  0.13085301986462508     
  0.12164069895393501     
  0.12975397806659905     
  0.12818664908575428     
  0.11809282974120548     
  0.10554096811764746     
  0.14485791969836517     
  0.12057023635063908     
  0.13458449664265854     
  0.14886790191237731     
  0.13987652256670025     
  0.11913570748166820     
  0.14478529218226679     
  0.11773784915919888     
  0.12623494220547340     
  0.13722530987376555     
  0.12136355012628043     
  0.12716984115203744     
  0.11770972952690099     
  0.11937849129846684     
  0.13402486400864180     
  0.11874835210082993     
  0.11740495518755160     
  0.13498605424555130     
  0.15008181405042981     
  0.12822097155315487     
  0.12213505953225441     
  0.12487951052352270     
  0.14282661482299619     
  0.11229193811111914     
  0.12730853600024453     
  0.13618789599500361     
  0.12788093770425546     
  0.12598575848561536     
  0.14674122236979995     
  0.12815274943420982     
  0.13274699616567043     
  0.12541571832587839     
  0.11689833576086546     
  0.14466767230137254     
  0.12157586091735854     
  0.12217698301642559     
  0.14037769150402421     
  0.14952134513140786     
  0.13585817152211815     
  0.15160387989335700     
  0.13844909452506332     
  0.12391135919112617     
  0.14112282432806703     
  0.14823363739825790     
  0.11737349220332820     
  0.15790359005432361     
  0.12706554590250066     
  0.13062698023421804     
  0.13835718378063783     
  0.13280914134684607     
  0.15677716364898470     
  0.11805137571185659     
  0.11840021271625217     
  0.14619955163269432     
  0.12214315767141784     
  0.14419106652032027     
  0.13832988738882943     
  0.13509009775302988     
  0.14545890002607481     
  0.13323873792504481     
  0.12351583539794714     
  0.14090057403754369     
  0.12835107059321166     
  0.14090727728547917     
  0.15005223054138295     
  0.12956537225267775     
  0.13228106140195633     
  0.15184296147856674     
  0.14420807824138052     
  0.13709202504353665     
  0.12392898889955048     
  0.11825330392965366     
  0.12976393513718512     
  0.13471574870528921     
  0.13000493903664498     
  0.12331206286785949     
  0.12758488678798188     
  0.13933767511479736     
  0.10416132080178758     
  0.13119517925749413     
  0.12917356296482654     
  0.12767081500157204     
  0.15362065637993624     
  0.12726736295931587     
  0.13389398012803549     
  0.14222292641604931     
  0.13637577303416298     
  0.12706832041032537     
  0.14584503814648095     
  0.12193759150389996     
  0.12583155179379335     
  0.12811409623009734     
  0.14602101998322359     
  0.12424945300980526     
  0.13918818663743390     
  0.13607076544922309     
  0.15399983529151268     
  0.12776165930516839     
  0.14117169869550558     
  0.12476288534990720     
  0.12399773851682495     
  0.13625139904017367     
  0.14516648174600408     
  0.14984384333633938     
  0.13751300441436853     
  0.11082756447091074     
  0.14350022805833232     
  0.11561829898464729     
  0.14188249848852058     
  0.14965656178584125     
  0.15601725064247043     
  0.13713809904059548     
  0.13596564401000807     
  0.14252892275480941     
  0.12977932391630670     
  0.14308974962284501     
  0.12900654853765769     
  0.13898537167240285     
  0.11486823840334520     
  0.14433534542632084     
  0.12821535541977599     
  0.13677563993005118     
  0.12108987652666553     
  0.12155379269635200     
  0.13675618066240200     
  0.13739876071819540     
  0.10957860684774588     
  0.13065135653066895     
  0.13359795655896192     
  0.13806669924751844     
  0.12040254965671252     
  0.13369196669263173     
  0.14273135515824123     
  0.12004930515449398     
  0.12775933408058970     
  0.13126476647556465     
  0.15855091575218519     
  0.14242723257373052     
  0.13070764921182895     
  0.14559732989403301     
  0.14478918977640234     
  0.13709883310187618     
  0.12474217543098483     
  0.13441066274979074     
  0.14156640476371365     
  0.10508477570195988     
  0.11938226163656648     
  0.15296218405772941     
  0.13707486692630105     
  0.14797020696453705     
  0.13506725314223342     
  0.14241464530599246     
  0.13592908240357018     
  0.12112711799108326     
  0.12553222874110995     
  0.12204848523142986     
  0.13917408282589427     
  0.12848738444718580     
  0.12990296806666168     
  0.11272024208369076     
  0.13234906749369227     
  0.12316442546856216     
  0.13020204183385684     
  0.12043392348133608     
  0.12251337225509876     
  0.14199393509526162     
  0.14784511313209880     
  0.13854605811654028     
  0.12051383744286868     
  0.15027893711313550     
  0.14290394190183056     
  0.11856379281885655     
  0.16653382543988193     
  0.11722097541573667     
  0.13982618877762049     
  0.13670460529332568     
  0.14339841947619833     
  0.15321886576568472     
  0.14853861502224336     
  0.13922597126129019     
  0.15055990974151898     
  0.14169312060203265     
  0.12837919149185234     
  0.12651775262046258     
  0.12951156047478013     
  0.12406791857678638     
  0.14067258833826249     
  0.16701258671397998     
  0.13424497889250026     
  0.13447973571238866     
  0.11967018156476535     
  0.13041977921775741     
  0.11093682802912380     
  0.13240423213527688     
  0.11199667751036602     
  0.15244127661440421     
  0.14232173868588666     
  0.12391300022758663     
  0.12224697179109144     
  0.13896430498172638     
  0.13292674254180886     
  0.14261770741744900     
  0.12676773297482782     
  0.13926562206493173     
  0.13462741438967227     
  0.12065862695379426     
  0.15024388376385375     
  0.12718906291665547     
  0.14738530222645949     
  0.13825756631250835     
  0.12389103752405155     
  0.15038214218041113     
  0.13287135775399819     
  0.12925099813311713     
  0.13003808113554130     
  0.14559174222954457     
  0.12420034463536209     
  0.10837201342754080     
  0.12329303501433315     
  0.12742059063027114     
  0.11772997552616467     
  0.13381547509642094     
  0.14951825287483025     
  0.13770938963062390     
  0.12354703341785628     
  0.12691344476816627     
  0.13282745448500055     
  0.13685177154251904     
  0.12715506243892918     
  0.13186760699816280     
  0.14010967287215254     
  0.12566692727617670     
  0.13809137617830250     
  0.14728197795099013     
  0.14772562820999358     
  0.12655892600034593     
  0.14197799055002872     
  0.14383118783453955     
  0.12872947514950148     
  0.12492590377142665     
  0.11367635840946419     
  0.14043716732600936     
  0.13196631966519051     
  0.12834900450336195     
  0.12671951938052789     
  0.13241537344088272     
  0.12226476295469824     
  0.12356584829581839     
  0.11096331747707411     
  0.12858893693014165     
  0.13407647068574099     
  0.15176842432304835     
  0.11366828535248850     
  0.12753051194017728     
  0.12497179056584001     
  0.12653766756353566     
  0.13914337856654466     
  0.11883490818567109     
  0.11634769867019799     
  0.13770648673595592     
  0.14082242000503714     
  0.14841858450718420     
  0.13851424729549808     
  0.15372674333543285     
  0.14649616652450584     
  0.12889979407299806     
  0.13544238235196418     
  0.11312996295836000     
  0.11906275257267064     
  0.13616632305541421     
  0.12428437785535845     
  0.13141435810554988     
  0.12347179884506491     
  0.16310083375254023     
  0.12192519667600316     
  0.15430605103569170     
  0.16230763601665640     
  0.12792150361896054     
  0.12132106557178192     
  0.12104968765534284     
  0.14491241965905979     
  0.14091967534297550     
  0.13350124175870029     
  0.12455278280594682     
  0.13254878819992894     
  0.12345187053775217     
  0.13474187426370951     
  0.13654028463941445     
  0.13330075184360649     
  0.10522872375968184     
  0.13517008502327224     
  0.14197679972353960     
  0.12693276609228657     
  0.13773823968822754     
  0.12677090832439558     
  0.11430672797003905     
  0.12450499096226146     
  0.13346406058070936     
  0.11575837264695779     
  0.13494099125930900     
  0.12886310785685232     
  0.13542760056139372     
  0.15407568224350857     
  0.13494513660259769     
  0.11335860184375271     
  0.12703820023912557     
  0.10510682802850992     
  0.13076442056326051     
  0.13121108456993727     
  0.14300821984734324     
  0.12317076810846660     
  0.13738929330099958     
  0.15472938428477678     
  0.13361282552320305     
  0.11902787681118518     
  0.12529171916668000     
  0.14067115212759412     
  0.13012198220904428     
  0.11789826626972512     
  0.13482117076930453     
  0.12472579714288168     
  0.13664565934247602     
  0.15197477068851303     
  0.12483749528495743     
  0.14568597552711282     
  0.14677473261514276     
  0.12020691702645020     
  0.14835832351256231     
  0.13567431450490672     
  0.13009091241352133     
  0.15024009546038855     
  0.14652183992316006     
  0.12542015872084578     
  0.12093922074975870     
  0.14240728845272468     
  0.11337938098892934     
  0.12679163797068940     
  0.13939040872067843     
  0.13664334965404701     
  0.13210677022665651     
  0.13876100650336359     
  0.15178313735177079     
  0.11337291650158660     
  0.12376232836975032     
  0.14742695575712914     
  0.13557001389648821     
  0.12461568643120652     
  0.14262719201573823     
  0.13428612681637292     
  0.12789507124374969     
  0.13165990514273124     
  0.13558957664480897     
  0.12393613326695888     
  0.14544738654139103     
  0.13280560501782679     
  0.13422034123649670     
  0.13940331032628084     
  0.12367326823774059     
  0.10533768476363783     
  0.14229566890383882     
  0.13897343966887096     
  0.11784434975591140     
  0.13237776488262670     
  0.13805035976909574     
  0.12235697378711242     
  0.12156378654600825     
  0.11483035210714589     
  0.12128358894934148     
  0.12291300465800097     
  0.12592441445461813     
  0.12744969087889149     
  0.13138131650183418     
  0.13621065794310558     
  0.12666890162554242     
  0.14239151855675911     
  0.12698738607743193     
  0.14099805526485862     
  0.12035473465628163     
  0.13978098856256196     
  0.11093200483521523     
  0.10758312726189628     
  0.12588653389156226     
  0.11836188070095327     
  0.14281136647102718     
  0.12467406734107299     
  0.13190547688628121     
  0.14387741243968685     
  0.16503675202724569     
  0.13081132989591140     
  0.12301676975286979     
  0.12544750178603561     
  0.14619317426395001     
  0.10709530319780540     
  0.12899608606746638     
  0.12736246676790416     
  0.12633780499859742     
  0.13047516962870009     
  0.12771737713725126     
  0.16155369147442772     
  0.14022449948211313     
  0.13458897656292867     
  0.12616590224685409     
  0.13279553601481259     
  0.11221467120275272     
  0.11990658788638177     
  0.15062182137457517     
  0.12323378529764398     
  0.13892722660695728     
  0.12941989794680187     
  0.12788216247089662     
  0.13307579773474823     
  0.13712376799594878     
  0.13004965516031239     
  0.14430624563376068     
  0.13724262256195718     
  0.13742043244918242     
  0.13882940768840471     
  0.13791102423368082     
  0.13989640271075335     
  0.14601295724438740     
  0.14312636587422123     
  0.14618069300309644     
  0.12174334848653431     
  0.14150372870820344     
  0.12842300838107767     
  0.12647875628337826     
  0.12708420309885829     
  0.12776058700682089     
  0.12808665348516263     
  0.12123461177903909     
  0.15711619921352662     
  0.12896695365232125     
  0.11437502568838330     
  0.15244144600431589     
  0.13502378448541372     
  0.14202689177652048     
  0.14559598392842940     
  0.14304488663736045     
  0.15149980241636138     
  0.13163861487252862     
  0.14092448606720981     
  0.12411427403580377     
  0.13404087653681809     
  0.14059013244340288     
  0.12729517200976537     
  0.12715843380343661     
  0.11052924917603738     
  0.13464305824397110     
  0.15417272228036913     
  0.13367996651200537     
  0.12238525901588974     
  0.13120550325291247     
  0.13607280505432634     
  0.14010826333128040     
  0.13736740570616710     
  0.14584908979028605     
  0.17143282955681124     
  0.13956332717834527     
  0.14417010093826835     
  0.13492930522883995     
  0.14030384630170561     
  0.12190586036510619     
  0.15038275016934249     
  0.13101149018320576     
  0.14358581601844989     
  0.11174557974387535     
  0.14622003679101966     
  0.14535831513609246     
  0.14790612124084829     
  0.13536798880944742     
  0.12558896566576655     
  0.11062703757251938     
  0.13042830933077271     
  0.12616910740853221     
  0.12701383894600246     
  0.13903537002014105     
  0.12794844646985726     
  0.12639976623918933     
  0.14600938756823145     
   9.9900038178958914E-002
  0.12321129700844942     
  0.13547739596773520     
  0.14012673789816074     
  0.13931073911818515     
  0.12181592344871828     
  0.14757379207175750     
  0.14485193881076544     
  0.12572079479418485     
  0.13371502263988166     
  0.13738510096368906     
  0.13598274478680500     
  0.11705647149924575     
  0.11856871688465102     
  0.14486831716736001     
  0.12602986963710061     
  0.12762383808857705     
  0.12338942555905608     
  0.14042018107129295     
  0.12527278551649049     
  0.12725492606783489     
  0.12171559001643119     
  0.12311664286860484     
  0.12486974177793334     
  0.15353880059319233     
  0.11392375283579435     
  0.13270832796904683     
  0.15696249346146041     
  0.10293887053010162     
  0.13196817564176680     
  0.10917782209301535     
  0.14804315456966349     
  0.13667165090305872     
  0.13887277023888045     
  0.12662921807200189     
  0.11344923127652271     
  0.12107020354810120     
  0.10488913640642107     
  0.11549835610277827     
  0.11394711625942940     
  0.13934198704357031     
  0.15174544976351254     
  0.11623753039857987     
  0.13680229742614358     
  0.13807723028879978     
  0.13207683472751974     
  0.13027018740278798     
  0.11882853008774821     
  0.13685778293159112     
  0.13835488684176020     
  0.11987555634323360     
  0.13745769622819748     
  0.12812552159436733     
  0.13261241622341724     
  0.15407904689129992     
  0.12362822673111841     
  0.12943108458819122     
  0.11727851410141678     
  0.15096155554765420     
  0.13215555368804460     
  0.14202881435065445     
  0.13638284328205252     
  0.13854970488048468     
  0.14859660361891652     
  0.12901350730125802     
  0.12776155678199680     
  0.12816959828521404     
  0.15501290536775225     
  0.13658416077163837     
  0.11903905584958578     
  0.14038707733231018     
  0.13792037941220797     
  0.12281634206616208     
  0.14246520643277036     
  0.12266116640339375     
  0.14151079436222017     
  0.16425638807464879     
  0.13189527690268871     
  0.13328928521312738     
  0.13374205073143230     
  0.13071798388537559     
  0.11750948930890111     
  0.11802998391779601     
  0.13901488924350386     
  0.12040355333200484     
  0.12947213633845284     
  0.11391791584054280     
  0.13323778717235538     
  0.12502892533793289     
  0.14459935809812208     
