  0.99899999999999223     
   3.9233241669238077E-002
  -4.2752715576742477E-002
  -1.7930272408031096E-002
  -3.8959140578676374E-002
   6.1648836131702259E-002
  -5.1204815326454404E-003
   2.7151053440467184E-003
   5.5823899701432672E-002
  -1.6177276194255161E-002
   3.9531252292715896E-003
   7.1208123521415950E-004
   3.1027885299363483E-003
   8.7819552169675880E-002
  -4.3031813127393376E-002
  -5.5761859810259926E-002
   1.9956490222104897E-002
  -1.4967803589796793E-002
  -1.1855260994399262E-002
  -1.1770863064388329E-002
  -6.1493132037372063E-002
  -9.0022713391248767E-003
  -3.1174289150819014E-002
   4.9039112152537888E-002
   2.9830908510070097E-002
  -5.3129144287693920E-002
  -3.3042129522681686E-002
  -8.1593706731569834E-002
   5.6997914076759078E-003
   5.2117312213548192E-002
   4.5864728182537715E-002
  -1.6230578124843350E-002
  -2.4585066650416144E-002
  -1.9002026584810164E-002
  -1.8028750927175007E-002
   5.3119035216499223E-002
   1.3018431991715590E-002
   5.7888587742894605E-002
   4.2609247501663415E-003
  -2.1428264863868500E-002
  -6.4284330488305506E-003
  -4.5146761173655160E-002
   2.0291584316158979E-002
   3.6700238076750706E-003
  -2.4304430175479584E-002
  -6.0178627065946124E-003
   3.6275170531670627E-002
   1.0121580929532781E-003
   5.4396661737964563E-002
  -3.9643972357899321E-002
  -1.9248855129118145E-002
   1.9708236380629490E-002
  -4.1742139577819869E-003
   2.6166828600145877E-002
  -3.9180853079877280E-002
  -2.9174292364661722E-002
   4.9864396798576488E-002
   1.0030098229714358E-002
  -3.3653813340674528E-002
  -6.2075997775023757E-004
  -4.9177961834827970E-002
   3.4320214160467800E-002
  -4.6388627997259131E-002
  -3.3088988340821364E-002
   3.3021930576027196E-003
   3.0889535325621265E-002
   2.0879646175758580E-002
   2.5893193823750580E-002
   1.5735901160278044E-002
   4.2653186611847610E-002
   1.1784738817690635E-002
  -1.7229600036307538E-002
   3.5498846906270687E-003
  -3.7341814383688408E-003
   8.5569630200841764E-003
  -3.0401794693508840E-002
   1.9667544757052145E-002
   7.6273164447079591E-003
  -2.0045077585214319E-002
  -1.6457466979962310E-002
   4.9069277286001932E-002
  -7.7470937239047417E-003
   2.8916708201638924E-002
  -3.7712969765615355E-002
  -8.5603782250329080E-002
  -3.1878726309185597E-002
  -7.1378966193137577E-002
  -1.7424906859009916E-002
   1.2293510477796980E-002
   2.3416204003451836E-002
   8.9806238602248151E-003
  -1.8984451944982422E-002
  -8.2528220009208508E-002
   1.7124887541411057E-002
   7.3499650161087731E-004
  -4.6089962880399453E-002
   2.4804655039516378E-002
  -2.1753013326564076E-002
   1.3481623112578296E-002
  -1.2286380245564332E-002
  -6.0039890922536344E-002
   8.2234923921973985E-003
  -4.2184108771270212E-002
   1.5430188307331430E-002
  -1.6719884874139893E-002
  -6.4557240698413561E-003
   4.8725918881971017E-003
   5.0257134681474976E-003
  -6.5157178676125763E-003
   4.5236454944442721E-002
   8.2173630211970902E-004
   1.3728595969839167E-002
   5.6802123921427701E-002
   1.5396615946398230E-003
   2.4252672315026709E-002
  -5.5563051847563605E-002
  -7.3293445651151966E-003
   7.5653348086525948E-002
   6.2976378141360277E-003
  -5.3434329860303095E-002
  -4.2495101723554869E-002
  -4.4242180071756246E-002
   2.4646729993136239E-002
  -2.6146915863175305E-002
   4.7126378755054571E-002
   6.6426910160167288E-002
  -3.7111015132885472E-003
  -1.6254146589526629E-002
  -2.0473526553340615E-002
  -7.1438866354948125E-003
   1.7488462201859043E-002
  -2.9424584774046286E-002
  -6.6915172179706758E-002
   4.7588900922539694E-002
   4.3356731167018762E-002
   5.4951062149099436E-002
   7.0658661749210556E-003
   3.9298394244901891E-002
   2.0515093278866539E-002
  -6.7181191684310665E-002
   1.1041258224944183E-002
   2.8554853031123494E-002
   3.6851824505472891E-002
  -8.4125386837924726E-002
   5.8949951973978707E-003
   2.3760662981532097E-002
  -2.4651431868679915E-003
  0.10048466235082124     
  -1.5826926193329486E-002
  -9.3277516800416779E-003
  -2.6336685767410075E-002
  -5.9915923730708342E-003
   5.2405294371320387E-003
  -4.1257301678414460E-002
   4.2041930087892854E-003
   5.3537524594182324E-003
  -4.8065516249711490E-002
  -5.5941094884053993E-003
   2.1421091135738302E-002
   2.8071599132110266E-002
   6.9147179306977669E-002
   5.0628192962790947E-002
  -3.9618211689071099E-002
   2.4890657319148107E-002
   2.3752320448209276E-002
  -3.3590660680007677E-002
  -1.5650433445684651E-002
  -6.8416501442852259E-002
   2.6987811445152828E-002
   1.2569497662511589E-003
   2.2362714351750277E-002
   1.0349055650509665E-002
  -9.3361531283329066E-003
   3.1713780444255567E-002
   1.6966381610958335E-002
   1.1258769143602410E-002
  -2.2724276690078045E-002
   2.4902345759552882E-002
  -2.1122415616670706E-002
  -4.1171213436523954E-002
  -2.8912288537126629E-002
   6.4507635659525261E-002
   6.7503728493903178E-003
  -5.6216764758683273E-003
   6.4928590939223750E-004
   1.7294604732695062E-002
   9.2614834931359965E-003
  -1.0582417625292981E-002
  -7.2890383516225413E-002
   4.9811928510042364E-003
  -2.1039148815861282E-002
  -1.2223544188778298E-002
   3.2574265712120312E-002
   1.6744508179899815E-002
   3.5683794983414056E-002
  -7.3070169972852164E-002
  -4.7011892120855797E-002
   1.1515089103528787E-002
   4.4801633343141724E-002
   2.6873349926171464E-002
  -4.3985168133240549E-002
  -3.0361285114643938E-002
  -1.3678235266895098E-002
   4.2679467726620346E-002
   1.4861012305664360E-002
   3.4528535775218284E-002
   3.0605720768961068E-003
  -2.2543868049539485E-002
  -3.3188717067458171E-002
  -5.5531068866702782E-002
   4.8794537438001918E-002
   1.8940905990854441E-002
  -3.8437408331501791E-002
  -2.1086067735147949E-002
   3.6029853423567307E-002
   5.6100600347387897E-002
  -5.2162691726268952E-002
   4.7005343880963408E-003
  -3.9595932420547729E-002
 -0.10370588748756467     
  -2.7326368197997976E-002
   2.0980509531834941E-003
   1.1573066749711248E-002
   5.2851091502144959E-003
  -1.8451090583181593E-002
  -4.0196097237244335E-002
  -4.1581464067067548E-003
  0.10776077403319331     
  -2.3483320825071351E-003
   1.7708096146933763E-002
   9.1552119548395389E-003
  -4.1213304162328004E-004
  -4.0977563910495202E-002
  -2.2078877799171316E-002
   2.2570340637389913E-002
  -4.1180283236948313E-002
   5.2243513818536775E-003
   1.5543034178275527E-002
   3.4137070866432445E-002
  -4.9715081121513419E-002
   6.1755935939850001E-002
   4.2056806759925028E-002
  -2.1534123506976167E-003
   7.2806460749832269E-002
  -5.6655250496847318E-002
  -4.3591534486406534E-002
   1.0823649852494165E-002
   2.7434454921565033E-002
   1.1046609695318307E-002
   3.9447133813919435E-005
   1.0226487488634172E-002
  -7.8877679578947622E-003
  -5.2241759448344187E-002
  -4.0083000640487788E-002
   1.3914720494586015E-002
  -4.3587415750908957E-002
  -2.7437749281807960E-002
  -2.6429928280564442E-002
  -8.4056646952560168E-002
   3.7493638312640576E-002
  -3.8816521693793467E-003
  -7.8978895191284980E-004
  -2.2769305376085257E-002
  -6.3867096096444073E-002
  -3.3930482358275967E-003
  -5.4230972930898132E-002
  -2.1563953066522652E-002
   4.0901388625047233E-002
  -2.7664571927929930E-002
   1.3860407922948886E-003
  -7.1243776738930857E-003
  -1.3134616164105694E-002
  0.11055270037738395     
  -6.8580872556636124E-003
  -4.4466173195530069E-002
   4.9548005138609283E-002
  -2.3806177954514712E-002
   1.3660593009565171E-003
  -1.4551371283165551E-003
  -1.4436760213065808E-002
   1.9131295719689082E-002
   2.1472485123410528E-002
   3.4779143570171894E-002
   7.3821964232117038E-002
  -3.4211615855245264E-002
   1.0816621456038620E-002
   1.6250874806297420E-002
  -5.0960522255993242E-002
  -1.1908290477497216E-002
  -2.5505056352974616E-002
  -3.9124323635567289E-002
   1.3884514486088453E-002
  -5.0583089864539521E-002
  -5.8875921400483693E-003
  -4.5178509429702031E-003
   3.2226576759439185E-002
   4.2847686253311139E-002
  -3.9841571974360966E-002
   4.4290260522663891E-003
   4.9625751170561956E-002
  -8.9322547371876199E-002
  -2.5363659824627346E-002
  -6.7344087865930805E-003
  -1.1027026163872376E-003
   5.4521854207070730E-002
   3.6702484688815569E-003
   4.5303794976989817E-002
   1.8343514144014837E-002
   2.7065363529967072E-003
  -1.8046245003145830E-002
   4.7631650065387901E-002
   5.2345470820002904E-002
  -3.0814295911746691E-002
  -6.5061446552858448E-002
  -3.1327617029313470E-002
   1.2326289277376595E-002
   3.0413345032962443E-002
  -3.5924196452232993E-002
   5.4728354902680520E-002
   1.2211596065780127E-003
   1.1095949447465423E-002
  -5.1854124478458795E-002
  -1.5372541561482081E-002
   4.9155395578714262E-002
  -2.5510381697573564E-002
 -0.10346946033985512     
  -6.9354805715328677E-002
  -8.1791064551658799E-002
   7.0152378121939210E-002
   1.8671537969013573E-002
  -8.0867507248940429E-002
  -5.6446073672177634E-003
   4.8826748117238278E-002
  -3.4629492149620134E-002
   5.2891438566480542E-002
  -4.2542164081763513E-002
   3.0873235324169586E-002
   6.1541671797439926E-002
   7.3297541579855491E-002
   5.7360821256609934E-002
   5.3103150301849356E-003
   2.8119068796824794E-002
   3.5484127557130041E-002
  -3.8824792344460714E-002
   1.7387858681652119E-003
   2.8965440743118388E-002
   1.0315166833507101E-002
   4.0342715664002056E-002
   1.9994493855231706E-003
  -4.7386279369627110E-002
  -1.0783236566891011E-002
   3.3503638751364112E-002
   4.0534699191623010E-002
  -1.8492964677447040E-002
  -4.0552682248725172E-003
   5.4089081432105515E-003
  -9.0142913679044603E-002
   4.5541786250292676E-002
  -5.3497026007040947E-002
  -4.7009166450590875E-002
   1.8859517692880117E-002
  -3.2152787986929054E-002
   1.3197047322876116E-002
  -7.1360722103462719E-003
  -4.0020818216471542E-002
   5.9034669183800114E-003
  -3.1738153412703106E-003
   2.0162292497298237E-003
  -1.3159325380634820E-002
  -6.2678739691309160E-002
  -4.4236390664107027E-002
  -2.2401312479503571E-003
   2.5413550176205148E-002
  -2.6500904405375648E-002
   2.1899045377294441E-002
   3.8482862539992439E-002
   3.0263739533333871E-002
   1.3115626056023627E-002
   5.3712617802617463E-002
  -1.6951262543205524E-002
   4.0245011334354944E-002
  -4.1954307607543748E-002
  -3.9658508784524420E-002
   1.9819591331787949E-002
  0.13174591865592900     
   7.3193235251554911E-002
  -3.8997265410564766E-002
   1.6796353546789631E-002
  0.10556190176811005     
   5.8278057767889010E-002
   5.0221650589454291E-002
  -3.6207296584738924E-002
   2.4175284092952082E-002
  -1.3864854757594986E-002
  -5.1262364092626873E-003
   2.7498622646221039E-002
  -2.8140927262199317E-003
   5.0933630498531390E-002
  -1.7097790021818587E-002
  -3.9860169062492595E-002
  -1.6006617333825791E-002
   2.7685062724218636E-002
  -3.1112114354410001E-003
   1.0757100417794656E-003
  -2.4167311395532676E-002
   1.4609687326170934E-002
   1.9356024043895730E-002
   2.8738660823167561E-002
  0.10030619427222527     
  -8.6566671378380429E-003
  -3.5297540837728902E-002
   1.6485522552238868E-002
  -1.4814042786559317E-002
   2.4972141367145172E-002
   6.4805630251488725E-003
  -6.0938646517856063E-002
  -1.3214438640300018E-002
  -3.7442454673060808E-003
   3.1710654010889586E-002
   5.8298115114462104E-002
  -2.8628781297399503E-002
  -1.4347782788676704E-002
  -4.7528084269882254E-002
  -9.0451738120670672E-002
  -4.1355764226185289E-002
   1.5366769046678974E-002
  -1.7574460335150345E-002
   4.7260116520776413E-002
  -9.0473385768410297E-002
  -4.6663062306647837E-002
   4.5751153091856699E-002
   4.4748141075399567E-002
   4.3674254758236533E-003
  -2.8952643966658753E-002
  -5.0017025540970268E-002
   1.5873048921724846E-002
  -2.7619852764455922E-002
  -1.0682156033004044E-002
  -6.9998988830032804E-002
  -5.2667457859360112E-002
   4.9068943217585106E-002
   4.0315654741675519E-002
  -9.6779446624750394E-004
   5.9274861215895404E-002
   6.3631589014018858E-002
   3.5241066843489086E-002
  -4.8053902427524595E-002
  -7.4397305845629799E-002
   2.5856441307169430E-002
   4.0922193879854733E-002
  -1.1763359186010528E-003
  -1.5432058509565623E-002
  -3.1809649308746163E-002
   9.9911304781812094E-002
   6.6996974174076351E-002
   4.4442738912595516E-002
   4.5283932154557102E-002
  -1.5288271718813433E-002
  -1.2980586200527996E-002
  -6.0584162252269841E-002
  -6.5563557134095826E-002
  -4.5875943276787498E-002
  -1.4551192301701335E-002
  -5.4602037137064151E-002
   1.7401761338402613E-002
   4.2317463441828435E-002
  -9.1911334173517710E-004
  -4.5967847073989628E-003
  -6.3872474594307158E-002
  -1.9454945189669712E-002
   3.4636777075154224E-002
  -5.9801993027635628E-002
  -1.3612353159206555E-002
   6.3269815362946760E-003
   3.5436312526399762E-002
   3.1760337694899686E-002
  -7.6450551807991443E-002
   1.2235275375826951E-002
   8.4113537554673504E-002
   3.5950587233215002E-002
  -8.0380608741853113E-002
  -3.8307979558990055E-002
   4.6062261092753637E-004
   2.7803258421230399E-002
  -4.2667093472854987E-002
  -4.7753571586272255E-002
  -6.0559478721587453E-003
   1.3080687010904487E-004
  -3.4714124132679889E-003
   2.8283281868452703E-002
   1.8254951016414989E-002
  -2.1661613921066324E-002
   1.7666494283170249E-002
 -0.10298672774557363     
  -3.4146512225499324E-002
   1.2024301557847476E-002
   1.6386978717313906E-003
   8.6511704425936170E-002
  -4.2179417386494528E-002
 -0.10946570331825962     
  -1.1667465640744152E-002
   4.5872822494934892E-002
   9.0974723659676959E-002
  -1.5779802932326573E-002
   3.5011790314748163E-003
  -6.0535512670457883E-002
  -7.3690645210431810E-002
  -7.1816324230746902E-003
  -1.1308829617572968E-002
   6.0998561867022287E-002
  -1.9927707968399704E-002
 -0.12004066043714698     
  -2.3579252883268984E-002
   8.0762723783669249E-002
  -1.0689923144315298E-003
   1.2679261281809849E-002
  -4.2450667440356533E-002
   3.6970806241867236E-002
   4.1067930349795348E-002
  -3.0013596644687900E-002
  0.12011808079475475     
   5.1785072872353871E-002
  -1.8344467517502305E-002
   3.9584850999421065E-002
  -1.4668003054456943E-002
  0.17809844534681304     
   7.9213533733006866E-002
 -0.10662743663591706     
   4.8098295332081346E-003
  -1.0286660761416492E-002
   6.1858332532754709E-003
   4.5466929549912168E-002
   5.2368855258057283E-002
   7.9750808712936647E-002
   2.0701130421868831E-003
  -5.0385800840492372E-002
  -3.8010341434062754E-002
  -4.0904782326882820E-002
   8.7218595481555056E-003
   3.9287523742622892E-002
  -8.3518212182814369E-002
  -5.5381225699109360E-002
   1.3695704878990236E-002
   4.2263867247693578E-002
  -2.0616364193119980E-002
   2.7436895036560976E-002
  -2.0788759946802036E-002
  -4.0325356994384033E-002
   2.2979339789276680E-002
   5.4677631743503340E-002
  -1.9645310380440515E-002
  -6.3189182099802222E-003
   2.2251521193874364E-002
   3.1256530715055232E-003
  -7.7371654653207528E-002
   8.9628962670819545E-002
 -0.10124802820454730     
  -7.8368719273644291E-002
  -3.1714447293533739E-002
  -1.4834386554762493E-002
   5.3110356789100185E-002
  -4.1102867607789887E-003
  -1.9669839737851139E-002
   9.6559904326643312E-002
  -7.5406847476521779E-002
   7.4780396926031972E-002
   5.9453616203977447E-002
  -3.4411150334401487E-002
   6.2601933459090668E-003
   4.1098220379042379E-003
  -1.2961189847004794E-002
   4.7382774161396836E-002
  -2.6454979197279762E-002
  -9.6075261682020394E-002
   4.6772630892832163E-003
  -9.3343657932022581E-002
  -3.0737390051955072E-002
   6.0739320122934204E-002
  0.10985387599013371     
   3.8551908677157833E-002
  -2.0757218462732287E-002
   1.0633733641545401E-002
   3.9135904604345441E-002
  -1.3624954246035144E-002
   5.0981934360958010E-003
  -3.7932628264469713E-002
  -7.1057068701745857E-002
   4.8112791345846992E-003
  -1.6239564803679968E-002
   5.6287717969845073E-002
  0.10599353428794460     
   3.8782688608804745E-002
  -5.4408879305379937E-002
  -8.2365648111865544E-002
  -7.4099398186755705E-002
   9.2556475510857328E-002
 -0.11290864791263366     
  -3.6891672833239311E-002
  -1.6424586927383505E-002
  -2.3156959818284362E-002
  0.11265197391182177     
  -3.8388781986696270E-002
  -9.5418226159716221E-002
  -3.4372569238345029E-004
  -9.0075556392648776E-002
  -5.9757756847461714E-002
   1.6542044120496209E-002
  -4.6290996892065450E-002
  -3.2591587843252980E-002
 -0.12092972214362963     
  -6.8409539827603616E-002
   6.1896729672325908E-002
   3.0408886295368517E-002
   1.2202667047428260E-002
   7.0545176102097026E-002
  -3.4226836801098566E-002
   1.5788781007388255E-002
  -5.5940722178034849E-002
  -7.8047792860909153E-003
   9.1974435234474822E-002
  -2.9964061159226819E-002
  -3.7361397769178878E-002
   2.1366693306734762E-002
  -3.8650896018815585E-002
  -3.4843409310109704E-003
  -5.2212150743349298E-002
   2.6637771144515893E-002
  -4.1656290961156819E-003
  -8.4144969402171976E-002
   1.1029815749626500E-003
   3.0547049454212879E-002
   5.9060552608067984E-003
  -1.8097719355109346E-002
   1.5473653509257010E-002
   4.6188563414078683E-002
   1.4113287225929149E-002
  -6.6301226442528519E-002
   3.5835129964839049E-002
  -2.3053966047845636E-002
   1.7644826094661236E-002
  -9.2859058465385141E-002
  -6.8710451212947748E-002
  0.15500824871869040     
   1.3477395165485642E-002
  -7.1404975794700301E-002
  -7.7907821244867434E-002
  -1.4313936396007330E-002
   1.7599644481382615E-002
   6.5841249162218993E-002
  -9.0166721665809968E-002
   1.2568588973876967E-002
   2.4616076639422521E-003
   6.6805063706429418E-003
  -4.8367385668307630E-002
  -4.4697989530534207E-002
   3.5550103702542683E-002
   9.8648722444741200E-003
  -2.4227678127127610E-003
   2.2395715218553606E-002
   4.5044235684987395E-002
  -3.6247199193810580E-003
  -2.3571423846316632E-002
  -2.7414600796633389E-002
   3.8394618925736116E-003
  -1.8751943981542743E-002
  -3.1747904387692240E-002
  -1.9281072707499212E-002
   4.8152761619567490E-002
  -6.1300526292793070E-003
  -7.5838861788677658E-002
  -6.2274155903740266E-003
   6.4999695587877729E-002
   5.8949888252050213E-002
   9.6723535517748008E-004
  -6.7282719094316698E-002
   3.6732557360968886E-002
   6.9175183860753275E-002
   7.5546869170654798E-002
  -5.3463785954632526E-002
   1.7901451470913900E-002
   6.0743229846876905E-002
   7.5384448076385169E-002
  -4.6329271024050774E-002
   3.3388951781775970E-002
   7.5465516985065038E-003
   7.3661357873639657E-002
   5.5321966418948390E-002
   2.8196920352733133E-003
   5.8022864855259523E-002
   2.0334214622839710E-002
   8.5612255671689605E-002
   3.8569458512808699E-002
   2.2786737631418715E-004
   1.4801035587007761E-002
  0.13106279693120126     
   2.5876710021178799E-002
   4.7729147247808371E-002
 -0.11621336321833367     
  -1.3865365817873909E-002
   6.4039774080325754E-002
   5.9527545509741181E-002
  -1.4660984068441870E-002
  -4.8225181840205397E-002
  -6.2589764009353581E-003
  -1.4643637434038532E-002
   4.8684491073432605E-003
   9.9157446954884019E-004
   8.9136623803640860E-002
  -8.0850748398431177E-002
  -4.6765027725445718E-002
  -5.4269996142086475E-002
  -2.5418320884500960E-002
  0.10744350326265242     
   2.3929707773354732E-002
   1.2712974321078133E-002
   1.5329429370817856E-002
   3.1627877260566852E-002
   2.4293938460131552E-002
   3.2340117079600460E-002
  -8.7201631219853918E-003
  -3.9286371627380696E-002
  -9.5867302317716049E-002
   3.2059781131038009E-002
   1.3261553113892984E-002
  0.14138238029784717     
   5.3107422306798276E-002
   7.2110231310427196E-003
  -6.4936915445426499E-002
  -2.5941698390893671E-002
   2.8276502905121566E-002
  -7.9488986874811339E-004
   2.9211802123828973E-002
  -1.7544848299507334E-002
  -9.7434006572272719E-002
 -0.10929276797718578     
   9.7805916319486763E-002
   2.7374138848212585E-003
   2.0945989345343249E-002
  -6.8798752239657660E-002
  -1.8515447323041445E-002
   5.7552472112556978E-002
  -3.0247208007246718E-002
  -3.4691627363736460E-002
  -2.3124082753054703E-002
  0.10705661705389782     
  -6.9693388957564939E-002
  -7.3512989091496866E-002
   2.6584731672288225E-002
  0.10887301850467959     
   3.0084082507354448E-002
  -1.3737241284566050E-002
   1.6759941485967478E-002
  -8.8485064057938732E-003
   7.5961158104864882E-002
  -3.6949897747150309E-002
   4.9360298447902691E-002
  -1.4952560853441158E-002
  -4.7691582411259037E-002
 -0.19114744213187307     
   1.8438585278554923E-002
   6.5213132505861165E-002
   8.5337126708993641E-002
 -0.11174364268234800     
   4.4968050187468495E-002
  0.10791535016975579     
  -6.6932560987075895E-002
  -2.7568018226069829E-002
 -0.10541733753943969     
   3.7559917318064441E-002
  -8.5843431650974868E-004
  -5.2305443841324767E-002
  -7.4027509008344802E-002
  0.24483830087111871     
   9.7698587246259683E-002
  -8.8975718734620429E-002
  -7.6810595317029134E-002
  -1.5887729666570955E-003
   1.7871035311883162E-002
  -8.2555665810052081E-002
   1.1215691288968575E-002
  -8.2371249103232139E-002
   9.2462325283127658E-002
  -1.7562816250645069E-002
  -8.2752188452052081E-002
  -9.4641537216996734E-003
  0.12378887176009069     
   9.5857158394496642E-003
   1.0983523824152292E-002
  -1.4400358123317705E-002
   3.0131785341292638E-002
  -5.6368174918546982E-002
 -0.14371608586597615     
  0.12932913588557302     
  0.13466077052525419     
   8.6718046768863397E-002
  -3.5188133147972617E-002
  -6.8285071700689010E-002
  -2.4390840334264221E-002
  -5.0997577939685082E-002
  -6.6745442947448830E-002
  -5.3245437797129515E-002
   6.6444579719868543E-002
   9.5106792972866616E-002
   5.4265747324139073E-002
  -2.1908643609781526E-002
   2.7415965551144607E-003
  -1.8125767625865447E-002
  -1.2736868303192612E-002
   5.2187926580209820E-002
  -7.5210652169098627E-002
   3.8828453721764522E-002
   1.4255432134346215E-002
  -7.0180223089706941E-003
  -8.8006224207559478E-002
   4.7250815068521752E-002
   7.2412236583534757E-003
   1.0280810628477597E-003
  -2.9379921665762785E-002
   1.2953695924084688E-002
  -1.9254347164764433E-002
   8.2203225004256142E-002
   8.5487701040425731E-002
 -0.15065028091844915     
  -2.4236221308751710E-002
   5.7407956620538735E-002
  -5.1651156600932471E-003
  -7.8895731128317395E-002
   1.4957598549117601E-002
  -9.7509477290112269E-004
   8.9842859933867869E-002
  -7.0931216926398366E-002
   2.1051653298950732E-002
  0.18325458398666483     
  -2.5436264023737439E-002
  -6.7516911419092052E-002
  -7.5302361667627356E-003
  0.10909374422045387     
  -2.1809328411229092E-002
  -9.1121942065106425E-003
 -0.12697690069316467     
  0.10989012503784512     
  0.12218508886007658     
   6.8995943384981264E-003
  -5.6745888544344224E-002
  -5.9752726409691391E-002
  -6.7395676183977862E-002
  -9.3576418544751516E-002
 -0.14015098144752769     
  -2.4084583093136177E-003
  0.16878798804998382     
  -7.1811800251740485E-002
  -4.8465059510667777E-002
   6.0292159643360946E-002
  -8.7612716761869353E-002
   1.5567705846016775E-003
  -6.7122737816991795E-002
  -8.8482726071150972E-002
   5.4777042706768295E-002
   2.7358380769425410E-002
  -4.2542041389780710E-002
   2.2913656146788575E-002
  -1.4837632511458893E-002
  0.13613727589670679     
   1.0382385668320776E-002
   1.8721168181366316E-003
   7.4034383358796696E-002
   6.6341668353442657E-002
  0.14831891044981924     
 -0.14398962248818542     
   1.1538546518357255E-002
  -5.8418545962179547E-002
   2.6775722972321992E-002
  -4.7212925943258245E-002
  0.19036109890331210     
  -6.0868638551464863E-002
  0.10368486398860254     
  -8.4037284473476859E-002
   4.4745847874851519E-003
  -8.8741949605282533E-002
   2.0656247198196333E-002
   8.7195539843754999E-002
   5.4035543835595596E-003
  0.11866228991200645     
 -0.17349162720499625     
   3.1321291712382966E-002
  0.13255407962818264     
   5.7886629222427065E-002
 -0.18947658359266181     
   5.5368667000034379E-002
  -4.1436484176857755E-003
  -2.4671810459103963E-003
  -3.3067197106307497E-002
 -0.16280165730093932     
  -4.9409201506643977E-002
   7.2767710480105705E-002
  0.18483186509697225     
 -0.13011932537821985     
  0.15152287775910059     
   2.7651576044263316E-002
  -8.9217212598902987E-002
 -0.12379193803678766     
   6.0957582936516284E-002
  0.10292579473330950     
   9.3299199985354159E-002
  -5.7148151395970084E-002
  -6.1637142609400612E-002
  -8.5079310222006779E-002
 -0.16028799872386454     
  0.17310523095256597     
   7.9948564285369297E-002
   4.3083750644924299E-002
  -5.7159497140503807E-002
   6.3188894532888784E-002
   1.5107368340000019E-002
  0.12264552641381732     
  -1.1566180123827251E-002
 -0.10532053642931259     
  0.10268581148869886     
  0.12916886287629722     
   6.4200912028664486E-002
 -0.14271180558907859     
   4.0173927942375523E-002
  -4.6300406568919490E-002
  0.14477807874809218     
  -3.5059177500720566E-002
  -5.5451810036614729E-002
 -0.15041763808270189     
   7.1661972784236028E-002
   8.3614892960183540E-002
  -1.8498530463711979E-004
   9.3558130766253550E-002
  -5.9718497173857459E-002
  0.28880836964281992     
   2.0760116617225807E-002
   2.2891580098327778E-002
 -0.22808582662967539     
   9.0573554394219283E-002
  -9.4673834015011782E-002
 -0.11108424770425217     
 -0.34608757284393327     
  -7.6314507948186380E-002
  -2.5875830893586950E-002
 -0.15358544643234301     
 -0.15396752653504478     
 -0.12059321001331490     
  0.19708708477247971     
   1.5960231228599592E-002
   2.9335700715020348E-002
 -0.10065759292511486     
  0.15418672060833666     
  -2.6159920821990909E-002
 -0.30993661584232857     
 -0.11038975974988978     
  0.23277322777428233     
   4.9959721331798629E-002
  -7.9341219944329841E-002
  -2.2953390635058704E-002
 -0.24371850993263011     
  0.25839278444325287     
 -0.22710974466444508     
 -0.47595409596676219     
  -4.2687322752208420E-002
  0.53022489557680252     
 -0.24790711216323288     
 -0.21103998207722913     
  0.15443997241183885     
   7.2161404396923270E-002
   8.8627524369237765E-002
 -0.16655064545888248     
   4.6818452380729826E-002
  0.10838505180557717     
  0.24988692384829081     
 -0.79164738486012654     
 -0.32428969598862956     
   2.0181834031891846E-002
  -5.6711338410517627E-002
 -0.35645690242592670     
 -0.17036957951974468     
  0.54090435403882398     
  0.20742480018957393     
  0.23016751710230726     
 -0.72038934529342935     
  0.17950900396058778     
  0.31909002041682671     
  0.14711055352781258     
 -0.78455678652745919     
  -6.8618380214343952E-002
 -0.18235198151721418     
 -0.60638812306360956     
 -0.29875766445550689     
 -0.11264625718462333     
  0.82520257717121570     
 -0.48040173250931273     
 -0.33849283161168447     
  -1.3133025376112346     
  0.14326667253740460     
  -1.2588861804587983     
  0.54539546619205648     
  0.30940192777178582     
   2.4140808541623584     
