   4.7544579326923304E-002
   3.5135070319830479E-002
   4.4020776526578403E-002
   4.6994671704809726E-002
   3.0027207634756335E-002
   4.5850522705021962E-002
   4.1000429548501041E-002
   4.3166190723694452E-002
   2.5156429463872032E-002
   2.2334863425431371E-002
   5.1595601710261743E-002
   3.0249212612229393E-002
   5.0911784031898964E-002
   5.5057668807491439E-002
   5.6894984737826095E-002
   6.1561454780255473E-002
   5.9567133451176583E-002
   7.4755073443851239E-002
   3.5182243164098001E-002
   5.2057257868901863E-002
   5.2045612226623926E-002
   3.3317346933253854E-002
   3.7189904913293818E-002
   5.4728998463875154E-002
   4.4353478464518585E-002
   4.7561181762207333E-002
   3.8901015224501401E-002
   6.3901305801319599E-002
   5.0046599442803048E-002
   4.0531990488620155E-002
   3.7845040437001355E-002
   5.4721222414890296E-002
   4.3165968869755940E-002
   5.9840972648824139E-002
   4.0835015832007965E-002
   3.3823888475835610E-002
   5.5358656622654899E-002
   3.4411243992053746E-002
   4.9692627046748657E-002
   5.2623792998085603E-002
   5.5759124165885951E-002
   4.6619175413304757E-002
   5.0741028343086296E-002
   3.7054395038092693E-002
   5.0416751081925837E-002
   5.3008121159599027E-002
   4.3903461639613721E-002
   6.3301643640435043E-002
   4.3034191843944691E-002
   5.3835696403485872E-002
   4.8903636223040801E-002
   6.5065883569532620E-002
   4.4676992515554848E-002
   4.6626742523084207E-002
   5.7644561952259588E-002
   5.6337676426468961E-002
   3.8988667988255760E-002
   6.0268306845007044E-002
   4.9302315697080018E-002
   2.9813819896644788E-002
   4.3999943860002597E-002
   3.2022258358334173E-002
   3.7857199972088480E-002
   4.2656368843231436E-002
   5.1407972613419832E-002
   3.2250675160257314E-002
   4.7759472538976118E-002
   4.2101818413585915E-002
   3.2894065922097003E-002
   5.1967413706352619E-002
   4.0525078436766955E-002
   5.0961850457864104E-002
   3.0818134552261324E-002
   4.0293184598540380E-002
   3.9092214684581336E-002
   3.6385665778552102E-002
   3.6878469381458487E-002
   4.6711841574226975E-002
   3.0047202369470890E-002
   4.5692508044092403E-002
   4.4510078630359190E-002
   4.4282759907228512E-002
   4.2673529638785138E-002
   5.1024889870963520E-002
   5.6650607774891039E-002
   4.4822360613856957E-002
   3.7719942392178886E-002
   5.5472812152922851E-002
   5.2907305148263591E-002
   2.7551466588746926E-002
   4.9844386954785845E-002
   3.4376484049456243E-002
   5.0547197893378089E-002
   4.3464333177695942E-002
   4.6360057989792300E-002
   9.6237118269527633E-003
   6.1266969949256109E-002
   6.3453582438434852E-002
   4.0177935412413011E-002
   5.7876369959836325E-002
