&INPUT_PARAMETERS
 LX=7          ,
 LT=3          ,
 N_THERMALIZATION=50         ,
 N_MEASUREMENTS=100        ,
 N_SKIP=1          ,
 ALGORITHM="heatbath            ",
 EQUILIBRIUM=T,
 /
  0.56084210904854659        1.0376676555056732        2.2021741692101911E-002   1179.9563526227398        1106.3058791190153     
  0.56098721852218925        1.0682085820497698       -1.3575346841147173E-002   1243.2958051784394        1172.4617542925271     
  0.56380139500112880       0.98921471870385269        4.0479679286171556E-002   1114.3959707891552        1048.4382058961737     
  0.55949302957723868        1.0230413616257144        1.4854334040973734E-003   1116.4024374793314        1097.8054779696879     
  0.55501931624051859       0.94364474350227456       -1.3627081640394195E-002   991.36091282459665        948.62080307777921     
  0.55480364586921960       0.83982297028292530       -2.8291331099129641E-002   819.50581181103632        761.81819717412191     
  0.55584437779036544       0.86515362999071854       -2.3583509848153984E-002   838.66303381824969        770.27660409367331     
  0.55850516677032658       0.92833911430151395       -9.3589693195455220E-003   962.16627519145686        877.45471117205409     
  0.54796864117680744       0.87465575685204622        1.8057104781131702E-002   900.79537751643807        800.32444585813994     
  0.55392992375685646       0.95291700093682530        2.8436034418501510E-002   1007.5076229819623        977.75814532329855     
  0.54869958060782853       0.99626885179800850       -8.1224563467247480E-004   1095.6175660864149        1041.6634354003813     
  0.55966440842742493        1.0930429725891422       -1.3678797382289562E-002   1292.6131379714425        1270.5058606529510     
  0.55809341111786059        1.0477021895645047        3.1331419635710501E-003   1177.5662432306565        1144.4795250146749     
  0.55135548553866065       0.99285676869123307       -6.2036982775663885E-002   1078.5974675158275        1075.3994942018219     
  0.55858703296806489        1.0225713548456721       -3.9823960011305261E-002   1191.9014992026960        1112.9895435054873     
  0.55637955935948824       0.97105494827011174        8.0701488544926534E-004   1040.8318884090593        966.98102067131970     
  0.55876743687177211       0.99948452275209254       -2.0790636299964298E-002   1098.2623280103087        1010.8224752039478     
  0.55696837304046454       0.93864742520034505       -2.6838166558148944E-002   1018.1864751683204        879.25422988891194     
  0.56204963856958312        1.0360006277683775       -8.9232820294830421E-003   1135.1395645103241        1097.2632770387329     
  0.56233643982651371        1.0308932953032386       -1.2247099748342172E-002   1137.2108493771739        1087.2098654666629     
  0.55692489286745950        1.0223224807647351        4.5813833992588730E-003   1125.2666172988368        1061.9630087014104     
  0.56223531300717777        1.0220517496590213       -3.1527153191128074E-002   1159.1756301572639        1078.9414650352894     
  0.56076859184122818        1.0319848368142699        2.7112354175534950E-003   1181.6207796599895        1128.7153343893367     
  0.56069121783395792        1.1569787189961291       -1.5882410493722444E-002   1415.4700230716510        1373.9803734638192     
  0.56358765499024455        1.1058882927392006       -2.6697733760629141E-002   1301.9575455061267        1272.5888611056664     
  0.55623036225530698        1.0830676458012038        1.4487235085487535E-002   1239.8302109085955        1195.8003821930893     
  0.55901076587070198        1.1779481609968141        4.3117525899154047E-002   1488.0225467111018        1450.1212330848607     
  0.56414620267435545        1.0756470719435112        3.7493694793457747E-003   1256.1871725723379        1165.5030522136356     
  0.55752895366883948        1.1506390528837771       -5.3889977613035493E-003   1440.4671970356897        1346.4273735862093     
  0.55977662496897940        1.1244781981282437       -3.4495037669172034E-003   1351.8120622728397        1328.2152670494331     
  0.56535803730527412        1.0671662303043816        5.2792239961250969E-003   1205.3394449507452        1178.5625263359675     
  0.55467017540381014        1.0650796865103753        2.2214546554574260E-002   1237.3844656254932        1162.6535905182245     
  0.56692574501329029        1.0561574330028545       -3.8495619745701338E-003   1212.1667419485564        1162.4594304665827     
  0.56289731599210990        1.0117608370324500       -2.9918297048251562E-002   1113.6252991125359        1069.3087103223343     
  0.55972811001450251        1.0011709484032849        4.0002063408460131E-002   1108.2171127285176        1052.3917540214907     
  0.55790286735215278        1.0291307292698946       -1.3037358447166178E-002   1157.3510634621084        1099.1745853916018     
  0.55563933970402168        1.0421454443456517        6.7335204914900871E-003   1178.3477857620460        1119.0957036634156     
  0.56018765647829505       0.98772480079892055       -2.9197430881083262E-002   1110.8242297446664        1041.5861817779114     
  0.56601694559260429       0.98423747124292849       -3.3082211671748366E-002   1019.7770510710560        995.51213084180665     
  0.55838697648618862        1.0227025271774211        2.8225826822212509E-002   1165.5758541166888        1098.8919561822577     
  0.56650346723395095       0.98598174651319270        1.4584588663307352E-003   1082.9816281184712        1036.3068473599405     
  0.56197730857759198       0.97192888240809894        2.8698556512143366E-002   1053.4713476973025        998.34070459667396     
  0.56400068836212847       0.97136491394572522        6.7927965092834646E-003   1080.7068350925003        980.25012627637250     
  0.56268145669576464       0.94698328381490215        3.6301045497639073E-002   1012.6113450382180        945.39990529582235     
  0.56765103276471773       0.96727473198137415        3.5531089038135989E-002   1013.4200532714962        935.16424964889131     
  0.56779739363892634       0.94335371810647561        2.6823786438050265E-002   980.78589247878915        950.50676310971562     
  0.56037359000172215       0.92723416483766630        6.0623951425167960E-004   965.03801062658590        920.49713471660857     
  0.56041061213458088       0.91488939955529147        7.5877717130281418E-003   1000.8928063178803        930.08340242571569     
  0.56017286510085285       0.90799583551954710        8.8839426327905271E-003   972.20968578826364        897.07649569135697     
  0.55627272861304322       0.82195524370195250       -4.1684002616183574E-002   815.13401814277586        731.06395202870510     
  0.55819778423040900       0.84469759745130435        1.2302814919183558E-002   801.39677638867056        760.36362700134475     
  0.56089564286336779       0.89327049439761264        2.8898920341640269E-003   928.35573849948798        818.80536144062967     
  0.55760088680108011       0.92099747693677092       -1.0496364410681457E-002   974.29401427185883        897.32007078347249     
  0.55570885934719316       0.83855842965250615        3.2732262207631926E-003   829.75151336564704        720.11111754132855     
  0.55934844846118559       0.82701326187228408        4.1069205938426868E-002   860.41551026850368        721.03165115357592     
  0.55226226728978844       0.72336286156635843        9.0819755806678393E-003   653.94331350240088        547.20194233334462     
  0.55576128045995909       0.73581006987455944        1.4092003347525943E-002   625.92365266071829        541.68278537870776     
  0.55385835232071745       0.88549117141228728       -1.1556725675525244E-002   926.46372662705539        836.25609547446743     
  0.55653194795965100       0.90602908477796107        1.9884169016040176E-002   913.04472246315254        880.51982468832443     
  0.56022319155124445       0.92158415367592295        1.0896702320383886E-002   948.80525118692879        866.03345008779945     
  0.55580151449253612       0.87705777429652809       -1.4784367546447760E-002   858.74225237197584        796.40979485558455     
  0.55567017045540856       0.94922920055439497        1.2604613477814998E-002   1002.5218606820589        952.43923516133225     
  0.55596218372502082       0.93262443438599030        4.5790315021915625E-003   973.66657875320334        908.48706523801684     
  0.55596846249393927       0.92594707827337586       -6.2346693002864058E-002   997.91175194486345        903.62117997445466     
  0.55915841979459791       0.88008318244174477       -1.1542349340341302E-002   907.37795999874663        813.24130261268181     
  0.56137083156822032       0.99433623395722825        2.4589509505156610E-002   1104.2659006223237        1031.2724385083311     
  0.54663422875278289       0.86373697736258415       -8.0314424795132816E-002   841.84555848878881        760.40602139185285     
  0.55346434906673525       0.98626099231755759       -2.1743019516712803E-002   1059.7596755486923        1011.3597786047378     
  0.55615277126324580       0.97687815812207990        3.8488734197154838E-003   1049.1604018937126        983.62138116280812     
  0.55902470657684022       0.98127479951362584       -5.2053990205992384E-002   1064.9311722574134        981.38411479224408     
  0.56546631952394433        1.0778270684913005        9.1406952252026045E-004   1221.6894079425631        1168.8955913853813     
  0.56186322197023653        1.0773072187059900        9.0161084210103794E-003   1275.0550464916546        1208.6939914493953     
  0.56642534717993420        1.0856489675937180        8.9357580316247204E-003   1264.5375181970508        1212.1808616861908     
  0.56706994755904139        1.0255619779687122       -2.1499825906358204E-002   1155.0070137736514        1109.3954077878420     
  0.56795478557405432        1.0570457904363482       -2.1997797529042511E-002   1230.9145416669810        1167.1044045117137     
  0.56392084945408372       0.99805392181264330       -4.0022015118342878E-002   1057.3080732456244        1029.8913149448795     
  0.56311665928215571        1.0459385976904347       -8.1966211837020894E-003   1174.2996404756841        1115.4185439079351     
  0.55861118266356369        1.0121004163566851       -1.4082601662221417E-002   1107.6438701588863        1057.6433716347469     
  0.54609721028073521       0.98152907226397412       -1.7564975256050771E-002   1091.0653980473396        991.28946781199397     
  0.55616416646505185       0.97534828328573797        3.2982636149652730E-002   1065.2096120366273        979.50995736924506     
  0.56241788853949415       0.97514174866842074       -1.6124404936983257E-002   1092.6215236753694        984.41041123215336     
  0.55899983463031910        1.0597794940936740       -8.8247034593506111E-003   1290.1556077946714        1210.6757316619239     
  0.55140350927415849        1.0098951214396978       -9.7040728817560200E-003   1114.5577285418437        1064.9146645916908     
  0.55472381983091956       0.99398464601156122       -2.2323935064378794E-002   1097.1551859751110        1015.7001080056257     
  0.56060325758652152       0.91694286108979217       -5.5301116558510860E-003   962.73084514561344        869.81243367955915     
  0.55401398239831368       0.95973092363781354        2.7770849306320969E-002   1030.6650598888912        950.26641193467901     
  0.56073491580069568        1.0445110604613401       -8.4925543539990656E-003   1179.3817411413179        1138.7958357998439     
  0.55760384371388294        1.0498670624532389       -2.1280706841539980E-002   1230.8805392443969        1173.0291238070677     
  0.55930468796390465       0.99524905375804995       -1.8596372331082259E-002   1068.3585404902844        999.22244737883159     
  0.55706504625264497        1.0616031781074609       -2.1503525320896413E-002   1277.7229011696820        1223.2868341012927     
  0.55593545331508110       0.99728257737861625       -3.8344308735790568E-002   1073.0878523951967        979.05476303166529     
  0.56061602637277463        1.0233132609845121        1.1490834771400352E-002   1143.6861307126264        1063.8307711584951     
  0.55627500792050366        1.0156208342700630        3.0157150744910863E-002   1145.3382125916910        1049.6897569107318     
  0.56318249059651437        1.0797081690149575       -1.2287801414053919E-002   1248.8171816423771        1222.3102348526531     
  0.55617935897495485        1.1453912146370948        2.0100456102179566E-002   1411.0779141053301        1365.1167675774745     
  0.56486883949140587        1.1094997970102918        2.1141012139792706E-002   1297.9070004163239        1256.3838440294360     
  0.55848103274868288        1.0952626535782335       -2.5828339946436529E-002   1298.5467116151635        1220.2237941407643     
  0.56320404062746288        1.1394514234005026       -1.0338888680241205E-002   1371.5973388151410        1324.7575911198048     
  0.56383834863554882        1.0721471553280910       -6.8768519354298428E-003   1254.9093464207253        1192.9437373949293     
  0.56181930679810577        1.0238228516899659       -1.0909157914716304E-002   1132.0351352988073        1081.8481301040651     
