   1.0000000000000000     
  0.27914099464329106     
   4.5489428474381217E-003
 -0.15877689749928217     
   8.2155900776513260E-002
   1.0558452602927896E-002
  -1.3887869711086484E-002
  -5.7880879039760962E-002
   8.1504277145908674E-002
 -0.11875792755022113     
 -0.12389142895934577     
   3.1334345629973649E-002
  0.15529118438112269     
  0.23990513963933513     
  -6.0715183283191247E-002
  -8.9941292099597947E-002
  -8.6357808884072629E-002
   2.3718706901064610E-003
  -7.5234028254257027E-002
   3.9979874535815550E-002
  -3.1886081418748491E-002
   1.4743470513432963E-002
 -0.22251219077570492     
 -0.16490177348208004     
  -5.1241903575981219E-002
  -6.5122304865340873E-003
  -4.6843348338201661E-002
 -0.12938363816582840     
  -6.2213195672198227E-002
   3.1923748779527257E-002
  -2.3273931622814718E-002
  -9.3604981469176188E-002
   1.8012517349723773E-003
  -7.4477642676568909E-002
  -5.6118009139762941E-002
 -0.22532872004988286     
 -0.14097368190917225     
  -4.0778635575024084E-002
   8.5585418354431425E-002
   9.3911485240106007E-002
   7.2048247551825595E-002
  -2.0280439209196335E-002
  0.10941961362092095     
  0.13447946474793210     
   7.2395854690880973E-002
  0.11645570895103090     
   4.4409376828833814E-002
   1.6379945131752598E-002
  -3.0068854950525296E-002
  -2.5112608348382755E-002
   2.1221226217039264E-002
  -2.5112608348382727E-002
  -3.0068854950525272E-002
   1.6379945131752581E-002
   4.4409376828833794E-002
  0.11645570895103093     
   7.2395854690880890E-002
  0.13447946474793213     
  0.10941961362092102     
  -2.0280439209196331E-002
   7.2048247551825609E-002
   9.3911485240106007E-002
   8.5585418354431467E-002
  -4.0778635575024098E-002
 -0.14097368190917231     
 -0.22532872004988277     
  -5.6118009139762920E-002
  -7.4477642676568936E-002
   1.8012517349723701E-003
  -9.3604981469176216E-002
  -2.3273931622814725E-002
   3.1923748779527243E-002
  -6.2213195672198213E-002
 -0.12938363816582846     
  -4.6843348338201675E-002
  -6.5122304865341133E-003
  -5.1241903575981192E-002
 -0.16490177348208007     
 -0.22251219077570494     
   1.4743470513432973E-002
  -3.1886081418748505E-002
   3.9979874535815522E-002
  -7.5234028254256957E-002
   2.3718706901064372E-003
  -8.6357808884072615E-002
  -8.9941292099597947E-002
  -6.0715183283191268E-002
  0.23990513963933519     
  0.15529118438112277     
   3.1334345629973614E-002
 -0.12389142895934578     
 -0.11875792755022109     
   8.1504277145908632E-002
  -5.7880879039760934E-002
  -1.3887869711086513E-002
   1.0558452602927936E-002
   8.2155900776513260E-002
 -0.15877689749928220     
   4.5489428474381269E-003
  0.27914099464329106     
