  0.70250572625887908     
  0.67694123806783280     
  0.69433161480017391     
  0.68552544510389357     
  0.69069920566608267     
  0.69190563213083678     
  0.68603926088553735     
  0.68659705465268028     
  0.67354665864148977     
  0.67226421264119918     
  0.68275016284483669     
  0.67511707630995843     
  0.65879255895151634     
  0.66217644434020240     
  0.67079808646259520     
  0.68017104649444649     
  0.68220120338867751     
  0.67678170741365618     
  0.68405316984427345     
  0.68283816756740079     
  0.70788071713079703     
  0.69522438551814525     
  0.67847171482264257     
  0.68375043330477114     
  0.67986759857108137     
  0.68482851494096153     
  0.68191593349404878     
  0.68264727299229289     
  0.69302033829137832     
  0.69036213730257423     
  0.69000688532129495     
  0.68168209975121075     
  0.68519542882176987     
  0.68341809773504092     
  0.69925224511469697     
  0.68697076045295413     
  0.70004700399752806     
  0.69136304232985857     
  0.69727300225778155     
  0.69878696756781578     
  0.70092700403570962     
  0.70064676930449454     
  0.70381932283764381     
  0.69988307259308469     
  0.68319769621486093     
  0.68151724859824880     
  0.68017365697912169     
  0.68124194971517782     
  0.67544030388671816     
  0.68200711958128923     
  0.69405046935691395     
  0.70182524829128556     
  0.68612999482583092     
  0.68632197698439301     
  0.67870199367054018     
  0.67790073194514366     
  0.68404516127248449     
  0.67964450828234835     
  0.68283958597528260     
  0.68110090248595401     
  0.67752212904483600     
  0.69901946233570011     
  0.68196056849714604     
  0.68095419030302262     
  0.69310441814083656     
  0.67780058601765969     
  0.68150545875592150     
  0.69078337205053508     
  0.68273484777548976     
  0.67327821490934137     
  0.68248474668030146     
  0.68716594905218453     
  0.67400925465145667     
  0.69379583712254378     
  0.68170883381168534     
  0.68265771857056456     
  0.67346331586388364     
  0.68591097640575771     
  0.67854174925192723     
  0.68113697410583773     
  0.66504799525415859     
  0.68262987505786443     
  0.69755868056745740     
  0.69238772632479595     
  0.69315235940740549     
  0.69421445904977597     
  0.68567557556265291     
  0.68081639591962839     
  0.67188112387982735     
  0.67519788706404904     
  0.66171981886741504     
  0.67952134049719604     
  0.69316801341554113     
  0.68764826059610629     
  0.68687076698971405     
  0.67111500922781275     
  0.67552247439856483     
  0.68447303794282532     
  0.69342557253203108     
  0.69007009945438380     
  0.68785408717658791     
  0.70274338649447066     
  0.67803053927735601     
  0.69480832703922779     
  0.68220954426543345     
  0.67750774872657171     
  0.67940893802316349     
  0.68099705690284684     
  0.67563518646604237     
  0.68180023925751865     
  0.67230385270195847     
  0.67904672435699631     
  0.68349276606389575     
  0.68800039123575063     
  0.67800411497523372     
  0.66508916236948090     
  0.68032158091246497     
  0.69315774803394725     
  0.66807297768481977     
  0.67352848707207891     
  0.69456919626472780     
  0.67739051509111892     
  0.68069858557971052     
  0.68195143134849767     
  0.66974319034086682     
  0.69312899158878682     
  0.66523817670300645     
  0.67532848742173968     
  0.68364658857539340     
  0.69068286768717690     
  0.67759607160716961     
  0.66250340505637673     
  0.67424525356935694     
  0.69026188122355658     
  0.67109877235137505     
  0.67322886456265618     
  0.68668564773984764     
  0.67052531118479741     
  0.67217824963766115     
  0.68576439358637786     
  0.68338526635555619     
  0.68719674232033168     
  0.67863881024925143     
  0.67474711455089864     
  0.69896458666767758     
  0.70129731480422686     
  0.69787191295061435     
  0.68899359961295381     
  0.68916844085671092     
  0.69583623496057323     
  0.68877176303102539     
  0.68809272875848204     
  0.67597983450208077     
  0.68362949470050027     
  0.68508447118572890     
  0.70160584604500664     
  0.67075421650972344     
  0.67558931680507883     
  0.69817611833880588     
  0.68156007054234702     
  0.68476128036007677     
  0.67870712784756648     
  0.68954364364610932     
  0.69191140214132574     
  0.66450518542293202     
  0.67512295569048664     
  0.66431760060162914     
  0.67200412119581798     
  0.68917550125388827     
  0.69406829856212626     
  0.69948583561284638     
  0.69026685954986644     
  0.70339862882460324     
  0.68887632064862725     
  0.69082632296312263     
  0.68768193485897489     
  0.69196018163503836     
  0.68167529725917131     
  0.68461951662870857     
  0.67735254998657624     
  0.68085220084044662     
  0.69334017709121076     
  0.68760186033490900     
  0.67748557342790627     
  0.68761392132552523     
  0.69196564400024607     
  0.70116181586309911     
  0.71313837516792400     
  0.68770377354875323     
  0.68945232033324555     
  0.69056754145288934     
  0.68501469818932526     
  0.68147212762470011     
  0.68162659457301955     
  0.69090006298895335     
  0.67562498203957844     
  0.67465229458613196     
  0.69005197918257066     
  0.68708449740972011     
  0.67882774716537875     
  0.69152644096775384     
  0.68770994943089758     
  0.68245463797527794     
  0.68789614427575052     
  0.67642013762929920     
  0.68418566904550648     
  0.68096776079049581     
  0.69053790844010887     
  0.68731480096724606     
  0.68411694621622166     
  0.68375258832790065     
  0.69275831086550965     
  0.66708573892138479     
  0.69206640768816741     
  0.68852461674469689     
  0.68982611694327634     
  0.68689532323774150     
  0.69941669766234471     
  0.67955110209838610     
  0.68764192356871501     
  0.69530149677726605     
  0.68255972594100434     
  0.69557958019553856     
  0.67562735744223235     
  0.69168361650591903     
  0.68594744950055331     
  0.69201656646615461     
  0.69725486199697306     
  0.70371267682957006     
  0.67558785094438301     
  0.69344033832548391     
  0.68587050662295723     
  0.67442811427925820     
  0.69059111845248600     
  0.68286501427315927     
  0.69234709003543760     
  0.69438654965567626     
  0.68611187609355362     
  0.68762533736584142     
  0.67525438349812084     
  0.67747376370008561     
  0.69552956527222520     
  0.67198207575529634     
  0.67929889264900778     
  0.67506227930762863     
  0.67671734204971146     
  0.67670172233110959     
  0.67914420409573018     
  0.70640713761137641     
  0.70517711127046856     
  0.69573570788980210     
  0.70423848437012659     
  0.67101588414527047     
  0.69757838174257047     
  0.69154000254460246     
  0.67275271545890813     
  0.66576195190302190     
  0.69503466735587249     
  0.67268480533496489     
  0.68225362122638433     
  0.67514266832877379     
  0.68216285983307556     
  0.68818864235879817     
  0.67092120156244872     
  0.68254589611891758     
  0.66761133751883406     
  0.68957578790619123     
  0.66954195130330352     
  0.68265066068878943     
  0.67369957247817847     
  0.68243081010008810     
  0.68643278689424103     
  0.69836325418038769     
  0.68606134925733464     
  0.67159409254565627     
  0.69134390883472907     
  0.68897964007980805     
  0.67897860610867189     
  0.69561113223997573     
  0.68911259343000175     
  0.69392876924156710     
  0.69467636662857812     
  0.69736278370453697     
  0.68461377351377417     
  0.68801536066903868     
  0.67954567647960196     
  0.66629437270304570     
  0.67158346317513451     
  0.68792110959838837     
  0.69501526814952452     
  0.67927513839810039     
  0.67474476623863910     
  0.68632702439491511     
  0.69687026788315065     
  0.66420632886480679     
  0.67258127614591268     
  0.68807710716922610     
  0.68702603927781758     
  0.65860570439679222     
  0.68166154109524491     
  0.66775553582193348     
  0.67933419328276845     
  0.67575963192056343     
  0.68145734219607823     
  0.68741810437327333     
  0.67927391498862499     
  0.66102851368204074     
  0.67616893298634151     
  0.68332211765807882     
  0.68983795965042616     
  0.67869422165778492     
  0.68236130233876391     
  0.69971492700263960     
  0.68518284596032997     
  0.68307773236509517     
  0.68358992770931148     
  0.69075486080981607     
  0.68920280796410682     
  0.68878784861144460     
  0.67617610613474199     
  0.67336819384741031     
  0.68644471664854190     
  0.68911740892856854     
  0.70280973545200365     
  0.68941854736079788     
  0.70074838522727656     
  0.69936411195797143     
  0.69238642145586504     
  0.70916747912947975     
  0.68689762399304544     
  0.69027611691084045     
  0.66705676059022645     
  0.67908361040533216     
  0.68864323110630432     
  0.67924170696456554     
  0.68974539997915951     
  0.66988284345981730     
  0.68677653465181121     
  0.64648744989537166     
  0.67402014818051370     
  0.69660438698838556     
  0.68772798811367541     
  0.69071086595745634     
  0.69091318972071514     
  0.67932140810137198     
  0.65859142421970795     
  0.67833319177163132     
  0.68570493654047515     
  0.69404542274803016     
  0.68891821075516302     
  0.68231926148591726     
  0.67402575476925319     
  0.68218974244472419     
  0.68438422647454822     
  0.69587608600710904     
  0.68811982013790418     
  0.68524089063657545     
  0.67488208907080405     
  0.68344967325647565     
  0.67712750896096152     
  0.69324583750360802     
  0.69282127144331329     
  0.68806647972923074     
  0.66884443896140788     
  0.67030255792165272     
  0.68520396305326114     
  0.67523952197777182     
  0.68163408826204075     
  0.68156821503911924     
  0.68038611503634161     
  0.67024770710503534     
  0.66578053552931971     
  0.66363152265215430     
  0.68856222768519537     
  0.67250927996845111     
  0.67751457574525975     
  0.67648455636391613     
  0.67976790331125359     
  0.67460971298143302     
  0.65483550412614733     
  0.68096863838938526     
  0.69618067664495720     
  0.67789825541205884     
  0.68515350899619321     
  0.69806238842559332     
  0.67055286993120300     
  0.68091912991077974     
  0.68856550817898710     
  0.69000627735887488     
  0.67728504777412890     
  0.67484073391822641     
  0.66859812503578153     
  0.68443903626707203     
  0.70251944379972520     
  0.70128931593484256     
  0.68919577859939329     
  0.68053461170003771     
  0.69224456038941817     
  0.68401797507212725     
  0.68035316132403034     
  0.68761666494754548     
  0.68706070734354296     
  0.68135975515313540     
  0.70865904813975933     
  0.68478266363110563     
  0.70072779599475798     
  0.69608237311129217     
  0.69512754655789555     
  0.69850430931321783     
  0.68647671996434534     
  0.68445594387316222     
  0.68029384214063249     
  0.68230844855667083     
  0.69486413650643797     
  0.67722719514298690     
  0.68742689028561510     
  0.67901942718979413     
  0.67280164569301582     
  0.69445719525450900     
  0.69305636188930619     
  0.69807025359260022     
  0.70042988430308717     
  0.70003005826637188     
  0.67459016064475397     
  0.67655331921028772     
  0.67916529171823559     
  0.68191317508566107     
  0.69893517944984973     
  0.69158971403471303     
  0.67760647484518777     
  0.68930032082560488     
  0.68876309010290682     
  0.68633804604443516     
  0.69384548510652966     
  0.69681423805234821     
  0.69582864629811836     
  0.69432110153884152     
  0.69148746722450960     
  0.68714244586686046     
  0.70400168312364730     
  0.69073677244885157     
  0.69555256671262444     
  0.69505945111816103     
  0.68565831363121676     
  0.68678199570121623     
  0.69746082313765756     
  0.69775729891079463     
  0.69394488847776414     
  0.70027981138326156     
  0.68961058161188993     
  0.69879687958005055     
  0.69232610769905201     
  0.68344227604958030     
  0.69128517217680063     
  0.69964502523852212     
  0.69010343975510102     
  0.69362358581377925     
  0.69256034236289044     
  0.69379397045912650     
  0.67225751821510538     
  0.66708999997358254     
  0.67062242338082856     
  0.68877127537455363     
  0.68241628481913585     
  0.68181354409051653     
  0.68432366038246872     
  0.67225804831364855     
  0.69329935263474207     
  0.68144605093463340     
  0.69142098989354628     
  0.70204816587386698     
  0.69172099569329526     
  0.70305897304602494     
  0.69522810352956044     
  0.68346770605159690     
  0.67429722713973350     
  0.67765629346559131     
  0.67504161694076026     
  0.67063271336432861     
  0.66802474682367896     
  0.67462117987269987     
  0.69930539995044683     
  0.68179959931660361     
  0.69894481508087269     
  0.69159100459396394     
  0.68568202090475860     
  0.68475406700585539     
  0.68850868142438226     
  0.67639185314447570     
  0.68075510745804424     
  0.69746293341142795     
  0.68185257085381845     
  0.67525053561832649     
  0.70140897160359472     
  0.68386083731686220     
  0.69629850502938684     
  0.69206659113313673     
  0.68089183630370631     
  0.67208504039611061     
  0.68239694603241319     
  0.67848234278479580     
  0.68473407120010688     
  0.67382644372915346     
  0.68792020361441220     
  0.68430037596217796     
  0.68851579739246394     
  0.68154254133869974     
  0.66154572985105953     
  0.67489843379281733     
  0.66568461244921540     
  0.67899980233786483     
  0.68576119937979685     
  0.68549774434254374     
  0.67675538322030204     
  0.69179344330240744     
  0.68315212632583255     
  0.68989067377899205     
  0.69141817430505204     
  0.68147620053299340     
  0.67153637341501982     
  0.69621962092797940     
  0.69682408243179228     
  0.70530256245194634     
  0.68948492821902785     
  0.67499792572119599     
  0.67941445281747825     
  0.68149010871811044     
  0.66854492746342498     
  0.68746406439441587     
  0.66901402879096949     
  0.66958511298196477     
  0.69960082553456182     
  0.69150837498044615     
  0.69950074060324041     
  0.67291343669313719     
  0.68509860524692912     
  0.67168922758801008     
  0.67146217474366021     
  0.66410315321511415     
  0.67820773921434252     
  0.65752467945933735     
  0.67495630615631441     
  0.68691076448999167     
  0.67811970717931236     
  0.70080234532234920     
  0.68869243244790546     
  0.69155437041976520     
  0.69814224717873585     
  0.68052446316024418     
  0.66327665887523368     
  0.68517353839038819     
  0.69248087236424172     
  0.69295359632263787     
  0.70748711193027991     
  0.69550195078140387     
  0.68145551084772382     
  0.69361544558922528     
  0.68836192021062093     
  0.69233509793723180     
  0.69813814214981396     
  0.67303615458269961     
  0.68638773415098564     
  0.67168758915469107     
  0.67313896369054793     
  0.69301150996000971     
  0.66542176270708053     
  0.69109854217246913     
  0.68500740756738243     
  0.70117031840467670     
  0.69952374659945249     
  0.66262061280101914     
  0.67237212597837370     
  0.67001211734363597     
  0.67068478004625720     
  0.67284181235974216     
  0.69899207146684150     
  0.69045350070738276     
  0.68440621859008155     
  0.68531886871606296     
  0.69514203105610040     
  0.68774183046506021     
  0.68524413715209453     
  0.69022880358049432     
  0.70274692477766443     
  0.69341833753919124     
  0.69214230726277060     
  0.71075367540767187     
  0.68376054842697076     
  0.66668356209403490     
  0.69034268487507944     
  0.68377862661494027     
  0.67189131159675175     
  0.69779439247435704     
  0.69499849146582715     
  0.68721298173257062     
  0.69516789132849244     
  0.68879347438443905     
  0.67893844181119989     
  0.66674237917458301     
  0.66114255792832899     
  0.66550393544766140     
  0.67744532996514939     
  0.68170671366333624     
  0.66831038372029772     
  0.67582215767297271     
  0.68811652871103968     
  0.67712729510199732     
  0.69871576733348617     
  0.69716020905633702     
  0.69633419755853831     
  0.68219913186879011     
  0.67460965644590976     
  0.69003918217810734     
  0.67805238066463158     
  0.68753159972267663     
  0.69890415387821969     
  0.68795070040673945     
  0.68607263433014432     
  0.69229137284485431     
  0.69920924483875424     
  0.69537158338373506     
  0.68957076124645234     
  0.68369671847740821     
  0.66264321646267355     
  0.67842710627710567     
  0.67110102446892661     
  0.68204474631483092     
  0.70625247375679534     
  0.70092096983491181     
  0.67610808948528722     
  0.67365630917850983     
  0.66984955918546185     
  0.68344075838560281     
  0.69645584112837844     
  0.67961344517996347     
  0.68783560675274702     
  0.69500069108506890     
  0.69178734103454975     
  0.68403352450575328     
  0.68456891791218744     
  0.66656781109533347     
  0.68697028381035452     
  0.67701646310468144     
  0.67433861427454300     
  0.66607673018562452     
  0.68406994137701338     
  0.68922427787228913     
  0.69291444855163131     
  0.67155524368155350     
  0.69324772016144298     
  0.69293023408855703     
  0.68578379376772058     
  0.68159184054274047     
  0.67385940471915984     
  0.69080443666286306     
  0.67916606947012670     
  0.68487481803589412     
  0.68669882194973297     
  0.68339724636250654     
  0.69429445232238263     
  0.66724877781115810     
  0.67465209055034903     
  0.68639091161649424     
  0.68643296528549125     
  0.69394158629005054     
  0.69469845300818533     
  0.67940806144980492     
  0.69014995714729921     
  0.68493044508455225     
  0.67824800675216690     
  0.69098477777521228     
  0.69765471915544730     
  0.68905268311227152     
  0.69049575128431673     
  0.68529535247033890     
  0.68498437531473921     
  0.68599880249699063     
  0.69170663789055842     
  0.68491432444194711     
  0.68991823753349224     
  0.69920591263167564     
  0.68558161225550429     
  0.68995075222968805     
  0.67191851745478859     
  0.67054837348438967     
  0.68588950748978827     
  0.68353906290545308     
  0.67927682313418680     
  0.68673491179403456     
  0.69179447816535911     
  0.67287868799444917     
  0.69626547154234286     
  0.70548917360169394     
  0.68364765170411257     
  0.68501068214177729     
  0.70480364317589617     
  0.68213784588993620     
  0.68828480083568777     
  0.67163810366060372     
  0.67681096254437811     
  0.66144927411503063     
  0.66192512264089076     
  0.67010064414081250     
  0.67319269062427278     
  0.67938318102137774     
  0.68570567304643260     
  0.69666210725387079     
  0.68068753777511271     
  0.68498716500630652     
  0.68523079136127019     
  0.68607718570104792     
  0.69988079145061965     
  0.70075042357464190     
  0.70221787172978323     
  0.68831752155884618     
  0.69061075349069723     
  0.68191246985037945     
  0.68763219073600645     
  0.67736399901078914     
  0.69408107904412408     
  0.69003499780875588     
  0.68161128940440030     
  0.67093637706952680     
  0.68311346366870951     
  0.70692950165762092     
  0.67547345116588176     
  0.69348475060613790     
  0.69566090210330200     
  0.70544657604346950     
  0.71271113053629520     
  0.69888916055895189     
  0.68580425544085888     
  0.68240713749300430     
  0.68006489402179948     
  0.69312356864333580     
  0.67690014132097032     
  0.68571831416113393     
  0.69570723704353565     
  0.68404068146599883     
  0.68581420840018026     
  0.69330571070726921     
  0.67042444386575573     
  0.69195644633039166     
  0.68185433860641964     
  0.68036238145165595     
  0.69277298803471288     
  0.68642176390023879     
  0.67709934725126053     
  0.67400822076390809     
  0.66460754241977182     
  0.68922632065807699     
  0.68783175189330925     
  0.68754182338574843     
  0.69468097720691335     
  0.67905748541399980     
  0.68980602846616601     
  0.69293571004622978     
  0.67614495329188085     
  0.67904375931723493     
  0.67960268985905448     
  0.68184054263788019     
  0.68431801200350362     
  0.67424900153305189     
  0.69413874797043851     
  0.69623232657048184     
  0.70605561005089446     
  0.69812764223816581     
  0.69513029470662246     
  0.69432066619495525     
  0.70205767209045167     
  0.69882684197844447     
  0.71005602180368788     
  0.69595908704161003     
  0.69714073876400329     
  0.68109349572747124     
  0.67321090834059660     
  0.68102975988880909     
  0.68112109453088654     
  0.68838511239732159     
  0.66290534688684510     
  0.68173740530798144     
  0.67340425994753894     
  0.68604614575235767     
  0.69228392000236838     
  0.68089093633484143     
  0.68059705758259714     
  0.66037851929838864     
  0.65770509371757435     
  0.68164656471386720     
  0.68278804887574696     
  0.68422806488522792     
  0.70235493455610332     
  0.68958993958737735     
  0.70274158303042555     
  0.69327869447001289     
  0.69301360283361002     
  0.67798542566433528     
  0.67372647817918596     
  0.68081502824030071     
  0.70216755822770127     
  0.67926862058000648     
  0.68317458009184551     
  0.68661509083307337     
  0.68919232500271121     
  0.69018733693937839     
  0.68436819975155960     
  0.68396893159764161     
  0.69112382010738171     
  0.70207734460443683     
  0.66132902261407511     
  0.68310713437073167     
  0.68105536447241644     
  0.67554254608014486     
  0.67893789429492635     
  0.68056550883332800     
  0.67493603872620112     
  0.67428894772740222     
  0.69410726968747460     
  0.68083773779243151     
  0.67982895988108905     
  0.69163592457345713     
  0.67669268656078929     
  0.67879008567880372     
  0.67855778907896180     
  0.67949028337105255     
  0.68186860160037277     
  0.69740426396587718     
  0.69482693994635591     
  0.68170957886279260     
  0.69494759913911985     
  0.67948303020521972     
  0.68698205436514514     
  0.69522677246402254     
  0.69863875070347115     
  0.69737375446701333     
  0.68456574930077685     
  0.68199792585180585     
  0.70043994230981343     
  0.67947879238369091     
  0.68809066905511296     
  0.68707760627764547     
  0.69593232369885494     
  0.69698464486542744     
  0.68163197608061421     
  0.68710776387047290     
  0.69461920691865431     
  0.67355576928438743     
  0.67184723882510733     
  0.69050097612198236     
  0.69533576842153499     
  0.68124395603442944     
  0.68300086609041943     
  0.68905239321338208     
  0.69095844799419004     
  0.68362665189164207     
  0.69007612022948939     
  0.69979488616660546     
  0.67574152369826901     
  0.67564767410144666     
  0.68145658060092296     
  0.69382904400386158     
  0.70160931841389262     
  0.68788623456778897     
  0.67615101398866317     
  0.69097761896692000     
  0.66635406513876727     
  0.66091147357660107     
  0.67519852466076924     
  0.65807518383742314     
  0.68535888749808338     
  0.66894446427563481     
  0.67619511808606958     
  0.68585600580169159     
  0.68860634638908513     
  0.67699427813038293     
  0.67590249392053348     
  0.68079302624424864     
  0.65745342360767223     
  0.67882752790493051     
  0.67614781115189360     
  0.69342298661650192     
  0.68761755542055991     
  0.68083835060863340     
  0.68267334869401497     
  0.68523521051110103     
  0.69074176514731567     
  0.69828405143346728     
  0.71062627725981475     
  0.67011826786609807     
  0.69252032397490337     
  0.68872277593918008     
  0.68176714929421289     
  0.68981990980856123     
  0.68540069389798608     
  0.68340785299211515     
  0.69894326863984813     
  0.68956915759069259     
  0.67638474997429965     
  0.67612220081197794     
  0.68583896712249093     
  0.68995731270186855     
  0.68690563460013154     
  0.68158598336946297     
  0.66723863705004993     
  0.66865183115562321     
  0.67860429677210410     
  0.68521452495433499     
  0.68761611783317012     
  0.68201285402311473     
  0.67258817625382450     
  0.67159359616399794     
  0.65998699869292632     
  0.67039826186441576     
  0.68961813746241629     
  0.66359237334253174     
  0.67841574693407014     
  0.68282397699557706     
  0.68622916928935618     
  0.67745391567373237     
  0.68893223789201719     
  0.67578640710693660     
  0.68704192496088112     
  0.67490852167133308     
  0.71079192843268257     
  0.69405128869169352     
  0.68948809193627947     
  0.67640846284879264     
  0.66386581582309701     
  0.66888549246382256     
  0.69041513498726770     
  0.69756527874309449     
  0.68105995908025241     
  0.68247701642085368     
  0.68243130573585076     
  0.68799620882349211     
  0.70065854918114101     
  0.70063021700922090     
  0.68723479229322448     
  0.68914128512790873     
  0.67861803024681766     
  0.66489864047351455     
  0.68362982648445525     
  0.70162171926524297     
  0.70622811578164957     
  0.70651173518573740     
  0.69282763557381288     
  0.69364893668888694     
  0.68024991943321023     
  0.68084880077237653     
  0.70064598698022706     
  0.70058212852989787     
  0.69536606618540764     
  0.69709232316387382     
  0.68542993121177698     
  0.67079174694967281     
  0.68886218950107025     
  0.68533956639132110     
  0.68297191195862794     
  0.67424753504878221     
  0.66594329281452402     
  0.67009611469548691     
  0.69159370903340622     
  0.71509640237501537     
  0.68845192346591444     
  0.67776248595028232     
  0.68478076378737662     
  0.68302185575098018     
  0.68959964458058409     
  0.69642366773161046     
  0.68496514892615779     
  0.67835061057354551     
  0.68572275211722777     
  0.69569316421437388     
  0.69935313595622828     
  0.68638266910230428     
  0.69487223708036194     
  0.68571297142512100     
  0.69154315508769415     
  0.68053657357741060     
  0.67711757099971615     
  0.69650824939439171     
  0.68124499671542205     
  0.67892190782734763     
  0.67232670561694896     
  0.68907650952409016     
  0.68520330411191510     
  0.72184198940825528     
  0.68162471084272935     
  0.68507296990367295     
  0.69595830446435214     
  0.69190836681544399     
  0.68794429530618639     
  0.68240790646910210     
  0.68320636239190402     
  0.67173408310578386     
  0.68540768249498307     
  0.67794281068870210     
  0.69126170787901253     
  0.67225299887875867     
  0.67609289289931906     
