  0.55191988107828860       0.22340527787573347       -3.3215391788021943E-002   42.344731179558252       -10.618600751991321     
  0.55455079695729403       0.14127421864393688        6.0811542199540262E-002   54.389721766169330        8.1865472465316831     
  0.55354179039945717        8.4659888474325096E-002  -1.3503700525748789E-002   9.9411378721673902       -9.2560561132803443     
  0.55097729371009363        1.2588702527081023E-003   5.1133126998475831E-002   43.247184207644821        29.116100287900647     
  0.55900998612750719       0.12086735727475872        4.6655468385076823E-002   33.196733306553725        3.2648204657242155     
  0.54203220344622438        6.1877422360707833E-002  -9.2221384678987953E-002   27.626237307198014        23.438552932027282     
  0.55067722352744930        3.2787193232548965E-002 -0.10136812358050308        40.163288218038950       -9.8282441926630426     
  0.55635122609164411       0.11497929104970875        4.1304390481963667E-002   14.698073219249229        40.729834686735181     
  0.55049917095589240        2.7233860960438821E-002  -2.2768870114719810E-002   8.5273957462191792        12.807650752046390     
  0.55287921106715987        6.8222125966236835E-002  -6.3501735065629367E-002   30.498076030380563        19.157372834688651     
  0.55125745838953466        5.7586358644771490E-002  -5.3042890963591750E-002  -23.238544930896623        21.029360164082224     
  0.55129209507904897        3.2911752194600567E-002   8.7028975487967453E-002   37.718794374193351       -10.874757148767346     
  0.54796526612039465        4.8893683470550640E-002   6.4439703977653043E-002   34.066439457038769        27.510648017245032     
  0.55597178259507229       -1.4402696757827646E-002  -8.2127197024080764E-002   37.827504736206329       -16.454671068638323     
  0.55630101208945237        4.0098770294671245E-002   2.0786514953765288E-002   74.278618732857979       -44.667090805123848     
  0.55473851408198416       -3.6322717519714796E-002  0.11291404192497813        50.874469945613093        24.681292759861311     
  0.55206621906278286       -6.3362776387072314E-002  -1.1336210988857100E-002   7.3440249961625925       -11.143036524084931     
  0.55510714771488723       -4.9984258480324463E-003  -7.4829860746623469E-002   16.511778040770643       -5.5855861572500842     
  0.55418472760369308       -5.7194895573871744E-002  -1.4696377905965690E-002   19.785135108845896        1.2315349037194139     
  0.55053218342516608      -0.12698927205542884       0.11450631052931749        35.546825530835086        30.513807747338600     
  0.55981753304430404      -0.14670904300907905       0.14120805367240161        80.872226720147268        42.929703009412904     
  0.55924151024896673       -2.4034882363202125E-002   8.6132338578999920E-002   15.856982056720792        34.935645250213888     
  0.54731255795386213       -5.3202830362914760E-002   8.2105209160163797E-002   38.115376324805368       -15.858684974686998     
  0.55881276032337446      -0.14150704884519269       0.21160411695597092        72.995895091064128        53.753974239326233     
  0.55724194607868160       -5.1421204023702101E-002   6.1029998678172596E-002   28.360807942792164       -22.688227781472932     
  0.54957919015331225       -5.6036235558871259E-002  0.17006350707198128        54.028276393223798        46.332694860584120     
  0.54080687510482250       -3.4945129814347245E-005  -1.3006765329623275E-002   17.878595062461834        27.786132232930004     
  0.54653251057498675       -4.5206533703026464E-002 -0.11937317856392006        41.417534488637429        27.518869471040752     
  0.54775871826211520       -3.4023586096355814E-002 -0.14798328664414132        43.837918716516064        38.208269552063939     
  0.54814564437091651       -2.6186419473367951E-003 -0.13118199720420720        51.688936945533214        18.561132796939049     
  0.55216978081060353       -9.4753246800905105E-002  -1.9938088852886845E-003   23.006121860229342        46.622467508271917     
  0.54287708173272542       -1.3937212652229181E-002 -0.13070931889080070        23.792052270500733       -28.587712831242488     
  0.55395616355031618        5.1086719367587644E-002   1.5098779564576868E-002   21.378366048909413       -6.0598578190167940     
  0.55754546535216687        4.3251757207723146E-002   4.1502789359970697E-002   18.635362753904406        9.5341834818839200     
  0.55183421204123906        4.3787564584089562E-002   2.0488741058700490E-002   39.648598757050806        16.967314292030338     
  0.55067328352169731       0.14377743854925390       -3.2016559184891429E-002   74.116365772287239        25.391959313780578     
  0.55869428307114188        2.9567202753882460E-003   3.7503595528685138E-002   1.3170930268428982       -6.4431802775359612     
  0.56159183404546076        6.0216692020166565E-002   4.9812237973885946E-002   34.095992678112253      -0.43096397206804149     
  0.55668127363022946        6.3530141436834719E-002   2.3240151028812155E-002   31.075829191567102        17.081936280107840     
  0.55796292374524459       -8.1140518459908273E-002   4.0952997909105927E-002   44.452875158808972       -17.507211817732280     
  0.55894790396769811       -9.3466402772415885E-002  -9.3886616952779892E-003   62.910425309290900        2.7087589678763395     
  0.55656576437391125      -0.11461586641678770       -3.4358487667605429E-002   50.229053830961675        4.4933372663880844     
  0.54917560098026041      -0.12318581853300688      -0.10006280927006958        46.525188556829107        23.290231091701621     
  0.54638912355562119       -2.2885077186087493E-002  -9.8004479384214319E-002   48.083459459685010       -7.8840731894326588     
  0.54777515246776098       -8.3135549080413873E-002 -0.13763112320694132        41.837596995275263        8.7084587037364845     
  0.55270613394997092       -7.3306366895145220E-002  -8.9037793138401402E-003   14.859962715481464        25.619927435315329     
  0.55691692554271766       -1.9333123050075736E-002  -8.2537805943280168E-002   26.803389773256786       -8.1393915386649880     
  0.55645329455865378       -2.2110101629646040E-002  -6.7585120538125584E-002   42.843860864671704        24.633745510953819     
  0.54207889270239007       -5.8567026104126702E-002  -8.8053454572612228E-003   13.889284180012218        10.295268083044066     
  0.54486781409763396        7.8231585935241196E-002   4.1304949662540523E-002   30.626167509105294        18.510227695330723     
  0.55019146912936823       -7.2635019516990876E-002  -1.3111033014546036E-002   52.873680531633504       -10.989309685812524     
  0.55157565156588995       -7.8162040885182953E-003  -4.0004142266990970E-002   22.121226945334008        12.555012636775178     
  0.55206552756321603        1.9391942748036588E-003  -4.1671308953830477E-002   32.670450811648557        28.076294674848917     
  0.55547125020214749       0.10465088403733888        2.2615110804176117E-003   19.087155171060580        22.373420719397210     
  0.54833726665180882       0.10808662109529667      -0.10536257019874672        77.036488986512836        34.141539003084524     
  0.55910304214850803        4.5603256838928949E-002  -5.1341650827324191E-002   8.3061662556326858       -5.3060340164424886     
  0.56034673352238562        1.0153487041842190E-002  -3.8524795684325402E-002   41.953184983069846       -20.087151663473971     
  0.56633372295933393        1.0129840152075438E-002   2.8739480532849273E-002   2.0700831969932656        9.8187771086642002     
  0.55027361177965850        2.9239206173570585E-002  -1.3403044980568057E-002   50.589873561623591       -11.808364108196336     
  0.55459710032028264        2.3725377670743074E-003   3.0554921095906348E-002   3.8990663321507153       -17.610067856038611     
  0.54280373141706673        4.7499234441308248E-002  -6.1255211679479178E-002   53.647840067418407        8.0186665443515963     
  0.55019604737436445        2.0761691248505711E-002   8.0912142821448610E-002   42.518216910550116        29.899815172621935     
  0.54492794035341918        8.8704199451366997E-002   8.2476059261070451E-003   17.265934241734598        18.784506387174911     
  0.55551579675293161       -5.4718042758827752E-002   3.6752111696325050E-002   12.651176661616397       -46.068462889844369     
  0.54947658712587211       -9.6326517358204300E-002   5.8559437056365432E-002   23.925094589735956        27.972427533345439     
  0.55427257280779629       -1.9755329783685653E-002  -2.2270543155305807E-002   15.264862025491038        1.9294377806430121     
  0.55480644036363991       -2.3170027498425672E-002   9.8362738099966554E-002   15.239325458410974       -22.172608699867158     
  0.54810407568898933       -8.7597317178831874E-002   5.4550343793487742E-002   9.2618171946940748       -35.816040722806271     
  0.55328380451488879       -3.2540105137746161E-003   7.1356267797697591E-003   28.328274302848733        18.772239005856314     
  0.55387112080720391        6.9368313419472916E-002  -1.5767765249762439E-002   3.2603961107971742       -27.458567350783095     
  0.55926453300849988        6.4389685789027762E-002   6.5535559880873151E-003   46.980305598899101       -2.1553407905293938     
  0.55377502487428942        4.7033493393952436E-002   4.7689909070822108E-002   34.081824678990401        4.0072779960645457     
  0.55145188891195152       -2.1657007820651240E-003  0.10836842623399688        15.632853944300541        15.764439926065791     
  0.54977005266340140       -4.7966268197183873E-002   9.8998556312329386E-002   50.736759064889569       -17.968981783613859     
  0.54948771682256103      -0.11254068229219182       0.12083952346307213        53.546498049409323        8.9342303545731028     
  0.54976141146511559       -9.1590011491001933E-002  -2.8585943533330258E-002   30.853468822623778       -23.520709301661832     
  0.54200289241496225        1.5729302512561345E-002  -5.4510866511460365E-002   37.983358786036256        12.769443141679874     
  0.54790055740776100       -2.4205059075430260E-002   1.0116452068974399E-002   12.581947931257863       -1.9958581574321768     
  0.55641563862524546       -4.5247112428091450E-002  -2.1387483630487761E-003   54.589168561215573       -19.728382258440121     
  0.54634061321032046       0.16026718673733420        5.8918597947826869E-003   40.977839067047420        10.476624773705957     
  0.55179031311339466        1.7982064003215750E-002   2.3284975537351590E-002   25.062794846281317       -16.239350403854516     
  0.55173461207592711       -2.7147516111815408E-002   1.9098817180111301E-002   11.519691657941364        1.2600488603317339     
  0.55458125276482950        6.2253099395681896E-002   7.5187477229751262E-002   73.083497312343056       -23.782240541114959     
  0.55939515538286499        3.1798696888009008E-002  -3.5723094344584073E-002   37.632457410995386       -12.267823040514141     
  0.55808209056553382        4.7663559488615045E-002  -6.8623210731679540E-002   31.881044660471733       -5.8071263556569406     
  0.54314982126536515        2.9622590123860017E-002   3.6515026123666645E-002   33.488246770760341        15.811778367091081     
  0.53986728172685772       -4.1863096885624236E-002  0.14684118596814436      -0.14980979788867307        21.937945007166714     
  0.54929950155160467       -6.5527261017415239E-002   6.7091365729650326E-002  -1.6433084345777265       -19.904963716386671     
  0.54646594580831853      -0.12001413154444868        8.8344250686815756E-002   44.441497636126968        11.241731226419489     
  0.55171190640458934       -9.0183008447332642E-003  -1.7108233401793089E-002   22.181506039253438       -10.880393217986102     
  0.54243870350841394       -2.4602561807239697E-002   5.0530402870629577E-002   15.414190467763952       0.15637133549236260     
  0.54959100551661977       -2.8946528259217990E-002   5.2189616906540191E-002   18.722500991322743       -27.442209963870191     
  0.54636116202721019       0.14220196229893634        4.2636433931825306E-002   35.215937699641920       -11.032046745673910     
  0.54753377992126329        4.2633679986217400E-002   3.8272759876581561E-002   26.977213684829341       -15.283636899624284     
  0.55947499294082181        5.8995818067136725E-002   8.5992970318325118E-002   57.817415228400812      -0.47259825086254192     
  0.55259657492154157       -2.7724821454263943E-002  0.10922690630322206        41.480470475209017        9.0038446838664239     
  0.54083131045948485       -5.7558474259393949E-002   6.0777633221725295E-002  -5.4947322725110785        14.697369065148091     
  0.54678885581618353       -7.7431308384764932E-002  0.11201965146049424        7.1887068614238228        26.824310451879139     
  0.54997188494373705        8.5886171955498556E-003   4.9272686941768576E-002   27.924801800867730       -2.3531745466648268E-002
  0.54719121353887890      -0.10592955152851247       0.21617468193262551        66.603333526553016        54.731813646774810     
