   1.0000000000000000     
  -4.8070951908779920E-002
  -2.0686809843058408E-002
   2.6236802694587110E-002
  -3.2810257928849514E-002
  -4.7950865430876163E-002
  -8.2899915353016676E-002
  0.20828787795461495     
  -5.9408271761835331E-003
   4.9802973575976107E-002
  -2.8395645037231364E-002
  -6.6890999102446572E-002
  -1.0261265148164032E-002
 -0.11220785233094237     
  0.23552828117932559     
 -0.11111460029248085     
  -4.3722180896466498E-002
  0.10751205648726207     
 -0.28874515941776874     
  -9.8820902891948365E-002
   1.4187101362498712E-002
   6.9420210103275426E-002
   1.6654698172511462E-002
 -0.11285013221714868     
   6.9297755640276414E-003
 -0.22155587285535708     
 -0.11598183455594574     
 -0.14434851776874988     
   7.9480011668292480E-003
  -2.5907457238073105E-002
  -2.5360638650688817E-002
  0.22656990556607698     
 -0.13651133129468077     
  -1.5752466937471750E-004
  -2.9058016734569286E-002
  -3.5627508329337108E-002
  -2.1553794912271353E-002
  -1.3459597692355498E-002
   7.7704743425232037E-002
  -2.5843243407652601E-002
  -5.6121783698658556E-002
   6.4325401486684058E-002
   1.6759395229518300E-002
   5.6591760548809392E-002
 -0.12102639353585863     
  0.13449211410764048     
   5.7607935279545608E-002
   6.6240411961242404E-002
   6.9663660288140389E-002
   2.8951349746880743E-002
   8.4934848836512575E-002
   2.8951349746880749E-002
   6.9663660288140361E-002
   6.6240411961242460E-002
   5.7607935279545566E-002
  0.13449211410764045     
 -0.12102639353585863     
   5.6591760548809412E-002
   1.6759395229518297E-002
   6.4325401486684100E-002
  -5.6121783698658556E-002
  -2.5843243407652573E-002
   7.7704743425232148E-002
  -1.3459597692355505E-002
  -2.1553794912271378E-002
  -3.5627508329337081E-002
  -2.9058016734569325E-002
  -1.5752466937470335E-004
 -0.13651133129468079     
  0.22656990556607698     
  -2.5360638650688789E-002
  -2.5907457238073108E-002
   7.9480011668291925E-003
 -0.14434851776874982     
 -0.11598183455594570     
 -0.22155587285535702     
   6.9297755640276319E-003
 -0.11285013221714867     
   1.6654698172511445E-002
   6.9420210103275454E-002
   1.4187101362498726E-002
  -9.8820902891948406E-002
 -0.28874515941776868     
  0.10751205648726203     
  -4.3722180896466463E-002
 -0.11111460029248087     
  0.23552828117932559     
 -0.11220785233094241     
  -1.0261265148164073E-002
  -6.6890999102446572E-002
  -2.8395645037231357E-002
   4.9802973575976094E-002
  -5.9408271761835175E-003
  0.20828787795461493     
  -8.2899915353016704E-002
  -4.7950865430876184E-002
  -3.2810257928849500E-002
   2.6236802694587110E-002
  -2.0686809843058415E-002
  -4.8070951908779892E-002
