   4.4464919848004610E-002
   3.6004552870115315E-002
   3.9339098343745500E-002
   4.8604250938725481E-002
   5.0102624554149641E-002
   3.9329746836564497E-002
   3.8900712945496185E-002
   4.7210537993868547E-002
   1.0034286960673253E-002
   3.8656891924415515E-002
   4.4602538721258481E-002
   3.4639867570220147E-002
   2.6015620146673850E-002
   4.4671753211566537E-002
   3.4719989988784582E-002
   3.0797802708877123E-002
   3.4351448450359388E-002
   4.2421389522051149E-002
   2.8855362148769950E-002
   3.7792874689889962E-002
   2.5038495658201258E-002
   4.4072547789390952E-002
   5.4102654636692428E-002
   2.1194921712050539E-002
   3.7549815518853669E-002
   3.1401575422436795E-002
   2.7720401751939343E-002
   2.7853162840324429E-002
   5.0150214937618121E-002
   5.8591192876366952E-002
   3.8689399202115927E-002
   3.9463730427064657E-002
   2.9224677442748932E-002
   2.0997986251129242E-002
   5.1584630183277934E-002
   3.1588879416216908E-002
   4.6552382769924509E-002
   5.1473293231457724E-002
   3.4220027905732482E-002
   4.5168897261940615E-002
   4.5117518970549983E-002
   4.5281260515118112E-002
   2.8073597570962127E-002
   5.0522891425590563E-002
   4.1870858386881385E-002
   3.5858181623947619E-002
   5.2342492636250258E-002
   4.5264859473195244E-002
   5.3310126669870707E-002
   3.6533499983747615E-002
   3.9869108071175330E-002
   3.5808835129516527E-002
   3.7253422912191365E-002
   3.2106446903505344E-002
   2.8918960751015112E-002
   4.1196452945291145E-002
   4.1127245277264676E-002
   3.8574590439427042E-002
   4.2721057226226253E-002
   4.3021100186738243E-002
   5.4175491334505520E-002
   3.2762166873794935E-002
   3.5381999130157139E-002
   2.6973337502624872E-002
   3.8326679557574773E-002
   3.8633389632908181E-002
   3.9688505129367356E-002
   1.0493985943642259E-002
   5.5736086742974693E-002
   3.8638164473579012E-002
   4.5292896063221177E-002
   4.5900161431630900E-002
   2.8093256454660522E-002
   4.4731427863424947E-002
   5.1317301807533293E-002
   2.7797391828139586E-002
   3.4486713326725961E-002
   3.2041645863647258E-002
   1.9313113901414661E-002
   5.1669263665955659E-002
   3.2262418198512943E-002
   4.4343796165904587E-002
   3.2495064896586622E-002
   3.6926702251317847E-002
   4.6508645944431715E-002
   5.5073181936349205E-002
   4.2218533149498368E-002
   3.0068090259028922E-002
   2.9241062670261209E-002
   5.2766947205277900E-002
   4.7213383313115045E-002
   4.2041543403883504E-002
   6.3734494320353802E-002
   5.3689907830030366E-002
   4.4708668076921199E-002
   3.8915621086446840E-002
   3.1566509378853136E-002
   2.7044726450124835E-002
   2.6345081119576095E-002
   6.3818509336787774E-002
   6.1605675103807121E-002
   3.3037008039868192E-002
   4.6452481611622715E-002
   4.9841309985880829E-002
   1.1332959039414959E-002
   4.1692502095150547E-002
   4.0330745867547001E-002
   3.3804078100955842E-002
   5.2179200611110553E-002
   3.4410408586398322E-002
   2.7733116023755566E-002
   4.2184779392559692E-002
   2.9011307750223921E-002
   3.9169504430593083E-002
   3.6018396107153225E-002
   3.9932695099246372E-002
   5.3929039669655662E-002
   2.1726395413381415E-002
   5.0021089558948267E-002
   5.3291900259662114E-002
   3.2634978369563097E-002
   2.7670234616293466E-002
   4.0387694486042937E-002
   3.7076521952648607E-002
   5.2196593223128425E-002
   2.5436984236631103E-002
   5.1689516721701162E-002
   5.1734423598660061E-002
   5.7083610063098554E-002
   5.5154530334651126E-002
   3.7935756451314126E-002
   4.0269884462910098E-002
   3.1914264179582520E-002
   4.9288993767620720E-002
   3.0935829661895543E-002
   2.8669091605403891E-002
   4.4216653342209693E-002
   3.4835715466334502E-002
   4.7640784973807672E-002
   5.3777984795371228E-002
   3.8202452482887395E-002
   4.2622774354356525E-002
   4.7483940477602980E-002
   2.3219145107601546E-002
   4.1317804478546889E-002
   2.1310402377726290E-002
   3.1972008662193005E-002
   5.1048901575767150E-002
   4.8843620028855332E-002
   5.0971189863037343E-002
   1.8045375199587099E-002
   2.9657745751153899E-002
   5.2057798030138526E-002
   4.0107637443726016E-002
   3.2476344434479137E-002
   5.8289111385091026E-002
   2.5535158084713946E-002
   2.7482947843794771E-002
   4.9356662781157974E-002
   4.0120034957125461E-002
   3.2853648915252207E-002
   4.0340277061860053E-002
   4.7452374768934345E-002
   5.8944753449495554E-002
   2.4615001751676309E-002
   2.5603478954488314E-002
   2.6942791093693401E-002
   2.5462387599937471E-002
   2.5681561673250045E-002
   2.9588848025982006E-002
   4.8389156908975064E-002
   2.3947221879568426E-002
   2.5060086327138072E-002
   2.0704661269787233E-002
   5.6687342676537494E-002
   3.7027752964438693E-002
   3.4273370131035423E-002
   6.1817592837939063E-002
   1.7018903548332964E-002
   2.8930591894060376E-002
   4.8786894871528645E-002
   3.7431700442413396E-002
   5.6449913780523039E-002
   3.7749563088285740E-002
   4.9675086951876939E-002
   5.2756661542349599E-002
   2.7655980255167335E-002
   5.2841457364871836E-002
   4.1088899372482328E-002
   5.2857717193077601E-002
   5.5741066551374126E-002
   3.4665866253253637E-002
   2.7377268187248678E-002
   3.3010139016887090E-002
   4.3422109122940179E-002
   3.6986768691347191E-002
   1.2428338938560582E-002
   3.0767953404705350E-002
   4.3397049967042016E-002
   5.1280408862993364E-002
   4.7157213906079867E-002
   4.9268377853644421E-002
   1.3169436648452841E-002
   4.0594535709577828E-002
   6.0343525990543517E-002
   4.0932832798881276E-002
   3.9137152903952518E-002
   3.9752093992173464E-002
   2.8285158368865651E-002
   4.9807570447073506E-002
   2.9638729103700898E-002
   4.6918392682701475E-002
   4.8380784706598033E-002
   4.9176935131081040E-002
   5.9351233718790718E-002
   3.6096492300991614E-002
   4.3745282094549025E-002
   2.8671698055791943E-002
   4.4162353314549867E-002
   4.4742489324054197E-002
   5.0912112866756024E-002
   3.0887999993229723E-002
   3.7612826819107707E-002
   2.3822582999919333E-002
   3.1528910371605205E-002
   4.7128587719048799E-002
   3.4239101087513511E-002
   4.3808003961170495E-002
   4.8258295511223209E-002
   1.6172067407432711E-002
   3.8467823257906618E-002
   2.3223348680319996E-002
   5.0846808738437943E-002
   4.7747999543186412E-002
   5.4804139917669380E-002
   4.7899559770806510E-002
   4.4948065001312459E-002
   4.5427322313124775E-002
   4.4527057888222449E-002
   2.8137537419606416E-002
   4.5537621392338315E-002
   3.0227294389859188E-002
   4.0805176448103719E-002
   4.7368468054548696E-002
   5.7165496362436084E-002
   2.6524892770904206E-002
   6.0832207548202968E-002
   4.3563372594883125E-002
   3.6610939542338634E-002
   3.9819078329055964E-002
   2.8955805293531360E-002
   5.9966783606212666E-002
   4.7328587405238501E-002
   5.8382093171052203E-002
   3.8797212569589193E-002
   3.1798322294018286E-002
   3.8728871528038604E-002
   3.0740180153073279E-002
   2.9753872523217557E-002
   2.3488199077583236E-002
   3.0086896245987566E-002
   4.0701177510758038E-002
   3.6530151698093219E-002
   5.6967897233674382E-002
   2.8087003967997955E-002
   4.0699870242428021E-002
   4.8906250253566687E-002
   3.7261591736998827E-002
   4.1203878103250061E-002
   4.4871417204608660E-002
   4.8629141471726665E-002
   3.4159575374410805E-002
   5.4870585315334133E-002
   6.0797896917647393E-002
   4.3074452555877038E-002
   3.0081535479774466E-002
   5.6920738268950305E-002
   4.5567941002582768E-002
   3.6309750317578035E-002
   2.2179238040698396E-002
   4.0279115608368936E-002
   5.0867987647023126E-002
   5.6790470411214454E-002
   4.3055270832578568E-002
   6.5768927422973092E-002
   4.7990216079985881E-002
   6.5370387687998452E-002
   5.4445725847008818E-002
   1.9013577197874418E-002
   3.4341307108015758E-002
   4.8402962815280101E-002
   3.0449714580858232E-002
   5.1038028839309635E-002
   3.8036103819863845E-002
   6.2475295374860955E-002
   3.3133502762543850E-002
   3.9680096981611304E-002
   3.7250014112157795E-002
   3.3767532047512247E-002
   2.5438432897103392E-002
   3.6178038975689698E-002
   3.2371919519069474E-002
   2.9264260127584235E-002
   3.8115062372883889E-002
   5.0705132586070602E-002
   3.5422531481651399E-002
   3.6034330183423051E-002
   4.3118019660573097E-002
   3.2690109852489838E-002
   3.3420935513316270E-002
   5.0027139499182145E-002
   5.2310586609345046E-002
   4.5164882875745119E-002
   6.0867902622942067E-002
   4.8561804900439084E-002
   3.2178122275857819E-002
   2.9367076900692020E-002
   4.7871805542289127E-002
   3.7974269343666357E-002
   5.5754002629900157E-002
   2.0381766744958913E-002
   2.1945794972349063E-002
   5.8491048105724662E-002
   4.0844525525771024E-002
   3.2105646420810589E-002
   5.5030531525296932E-002
   2.9385456837094117E-002
   3.5968135006047612E-002
   3.2298450089915665E-002
   3.1875835833694452E-002
   4.1417102872676893E-002
   2.0457902303859486E-002
   3.5124893057308225E-002
   5.2389713190535508E-002
   1.8529658182189258E-002
   3.0104874852931073E-002
   2.3892795643268957E-002
   3.8066944179320349E-002
   4.1141196979839062E-002
   1.8953323129143926E-002
   3.2107234290582473E-002
   4.7901638435911005E-002
   4.6664053074882791E-002
   3.7013302045333228E-002
   3.9748194487449380E-002
   3.5607277397808619E-002
   1.8766000053752011E-002
   4.3827925915561894E-002
   2.0121524707520804E-002
   6.7598020327346853E-002
   5.4722471914443023E-002
   4.2996789952436984E-002
   3.0286223838973551E-002
   4.2957291474771439E-002
   3.6179268760088236E-002
   2.1483210849556879E-002
   6.0963343959683093E-002
   2.2400968019996980E-002
   6.5358589427279679E-002
   3.4775062795051506E-002
   4.6602123165490554E-002
   4.8038747825082280E-002
   2.6989353849264004E-002
   5.2991156985620215E-002
   4.5574420211950052E-002
   3.9078672516775381E-002
   3.6887058922895739E-002
   4.2735864330167919E-002
   3.2935836502006932E-002
   3.4028602832331674E-002
   4.4767019657827367E-002
   2.9631479602879676E-002
   4.0782425333512881E-002
   4.6853211555251344E-002
   3.3399031906572521E-002
   4.3054628350669102E-002
   4.4015976620877494E-002
   2.7822626719694803E-002
   4.1558147191770811E-002
   4.3537200863527983E-002
   4.8077342237930143E-002
   4.2622043709689743E-002
   6.1786803317224089E-002
   2.7999240977045523E-002
   2.7954999039246631E-002
   3.6351756349593298E-002
   4.8499603460562403E-002
   2.5459327605803588E-002
   3.9196853388458179E-002
   1.9070006863775114E-002
   3.8388568326978845E-002
   3.4476132142833946E-002
   4.9239466675985902E-002
   4.5596913797523210E-002
   4.1488521752687982E-002
   1.1131289998440482E-002
   5.9505881562814771E-002
   3.8703102257219291E-002
   3.0089722054072929E-002
   4.3025569325474085E-002
   3.5497769357619113E-002
   3.3588482687049802E-002
   6.2872993597928639E-002
   2.2496637156680689E-002
   3.2399598013032480E-002
   6.3788993930083887E-002
   1.7794343555766562E-002
   5.5728528467635145E-002
   2.7281537532822801E-002
   4.4131452256510696E-002
   5.2093364607929890E-002
   4.1935974757538880E-002
   5.9149046371571708E-002
   4.2594699650384711E-002
   5.7942786702440498E-002
   4.6286487513105337E-002
   4.6969258875979386E-002
   1.9900712123465197E-002
   4.7464454514341704E-002
   2.8788889192293280E-002
   2.7170389801641322E-002
   2.4385379215528798E-002
   3.7186496061800765E-002
   4.1953704730474724E-002
   2.1086351253070647E-002
   3.0056688805668339E-002
   2.8744133940599565E-002
   3.3553434847297933E-002
   4.9516084839616503E-002
   3.2284891297073688E-002
   4.0038835211956843E-002
   3.1067348142583259E-002
   2.7972938194247229E-002
   6.0432857415574581E-002
   2.9187791156610299E-002
   2.4869826531603356E-002
   3.9373593057661263E-002
   4.6249996194259589E-002
   6.1132609425987236E-002
   4.5408922224904232E-002
   4.3089234143992440E-002
   3.8044283284704446E-002
   3.4057353695209173E-002
   5.3623376915278499E-002
   5.9753559970333221E-002
   4.8056341382799878E-002
   4.4310308384505698E-002
   2.0486293172704371E-002
   4.5950815930625624E-002
   2.8613529339804586E-002
   5.2478516715001498E-002
   2.1052402271102479E-002
   4.0667523044166105E-002
   2.9313423203828889E-002
   5.1578969320087299E-002
   4.2281355050722107E-002
   6.5724007166945153E-002
   3.6425060027762114E-002
   2.6297267754335312E-002
   4.3280812338013584E-002
   2.8807619845380713E-002
   8.0466218017087691E-003
   3.2444083475391496E-002
   5.8825848242554768E-002
   1.6206581330457676E-002
   4.0247128221414019E-002
   4.8198575993247429E-002
   3.4838545871209478E-002
   2.6866303103019344E-002
   3.7568600853167801E-002
   1.6989002338024067E-002
   1.3015009546213208E-002
   4.0304358286348228E-002
   4.1961381761980124E-002
   4.6979793140588096E-002
   3.5133912477547498E-002
   4.0050653460448546E-002
   5.0223010028773142E-002
   2.9205741169963911E-002
   3.3677689771764344E-002
   3.3427958993583584E-002
   3.6404354980563755E-002
   3.6699325911671708E-002
   3.9866822299742311E-002
   4.7575683541515007E-002
   2.2623450792178999E-002
   3.2748138398729837E-002
   4.5722367603880799E-002
   6.4257310140501456E-002
   3.6032074847018203E-002
   4.4706320643277606E-002
   5.9482623208870024E-002
   4.1100507183285978E-002
   3.0658210185608398E-002
   1.4055117350086266E-002
   1.4520280786741767E-002
   3.8081121777055055E-002
   3.9973000461114884E-002
   2.1569627515225339E-002
   3.1426896322448737E-002
   2.1605622877427490E-002
   4.9706710621772135E-002
   3.1728761871711218E-002
   2.3476642392011179E-002
   2.4117055017872997E-002
   3.2442568077765223E-002
   4.0875497950443804E-002
   1.9866473657925043E-002
   3.9971028881904902E-002
   4.3273553353167286E-002
   4.9659549221257114E-002
   3.1233400109931704E-002
   3.4743871825119753E-002
   4.1453278267641079E-002
   3.5807724092256001E-002
   6.6571431404992623E-002
   4.2653628389367558E-002
   4.4625419122250508E-002
   3.5366497880972847E-002
   1.5014115441886699E-002
   4.5066990203938284E-002
   4.1930966979682766E-002
   3.2143303912997301E-002
   4.3490659756078187E-002
   2.4513312585319889E-002
   1.6165818637676174E-002
   5.2829597529924395E-002
   4.3485461043234974E-002
   5.3430792882560953E-002
   4.0098331050144050E-002
   3.8328333666769639E-002
   3.6051950444001397E-002
   5.5757706732627227E-002
   3.3139697530714128E-002
   2.8759318035498738E-002
   5.8646166419981265E-002
   2.7732944407511478E-002
   3.7353617356734370E-002
   4.4276640598146393E-002
   3.5265159146064429E-002
   2.5863954435285604E-002
   3.9746025856342210E-002
   3.7785606975931488E-002
   3.2606450164019432E-002
   5.8856992275272045E-002
   3.3179745046719535E-002
   4.7982014051555125E-002
   4.0285403242878409E-002
   5.7672066092544751E-002
   3.4772848360302686E-002
   5.3263106662402256E-002
   4.7360501476587109E-002
   5.1200058884538865E-002
   6.9666894255640988E-002
   3.6045415523752969E-002
   2.9156547225784233E-002
   2.1460857281248046E-002
   2.5472556712287601E-002
   2.0076252926702353E-002
   4.5749372097654402E-002
   5.1792354434226529E-002
   4.3345913379157545E-002
   3.3938786730737650E-002
   4.6243194031121967E-002
   3.9845913532632428E-002
   3.9936394616786969E-002
   5.5646342736264467E-002
   3.5229889486900770E-002
   5.9587895409741347E-002
   2.0663816036702198E-002
   3.7598753060445710E-002
   4.7694980687221278E-002
   4.0090490220585702E-002
   3.9130623636576933E-002
   4.0029512673087429E-002
   4.0128020583282707E-002
   5.9617634603153620E-002
   3.9503680858019641E-002
   4.5007413300363217E-002
   4.9673573095063012E-002
   3.3457132392450524E-002
   3.0483682044677479E-002
   3.5416507670378017E-002
   4.6913698387304331E-002
   3.0431697814175970E-002
   4.7562740541274691E-002
   3.9364268247225331E-002
   5.6792088759510848E-002
   2.9491364244328556E-002
   3.4181041125761771E-002
   4.8985734929905142E-002
   4.5518210569018912E-002
   3.5007610733125402E-002
   6.7948160390350940E-002
   4.3903052368700880E-002
   2.9145006908293174E-002
   5.3318175045452193E-002
   3.7023445948114325E-002
   5.9070521218113424E-002
   2.8922136898211472E-002
   5.6966265198187212E-002
   4.5142361983096360E-002
   4.0328504278967905E-002
   3.2010412691778609E-002
   3.5039107642531632E-002
   4.1327557068281034E-002
   2.9473529376038296E-002
   5.3255245019399974E-002
   3.6176298356979553E-002
   3.8181827634664621E-002
   2.5401255996762077E-002
   6.0999182546250634E-002
   3.7048840288146569E-002
   2.7899104087455589E-002
   4.2550605998526947E-002
   3.6483508986130370E-002
   2.2821775012387566E-002
   4.7143144117215673E-002
   3.4472208947819487E-002
   3.5790572856178336E-002
   3.5930715220248328E-002
   4.4813215193381273E-002
   4.7836022713157518E-002
   5.9805688765717457E-002
   5.0395344478866094E-002
   4.5172173345579776E-002
   3.1711310725436884E-002
   3.7517380650050010E-002
   4.7197861298146959E-002
   2.9811104889627134E-002
   2.9797290654565243E-002
   2.1577419495861012E-002
   3.7096264533735934E-002
   4.2076056389288428E-002
   3.8674222653988129E-002
   4.0344858258097742E-002
   5.8573657104186334E-002
   3.3855837342955629E-002
   5.2045729547609366E-002
   3.7164789041508287E-002
   3.7014575572813214E-002
   4.4228712457563810E-002
   3.0970419418471378E-002
   5.0431543076476286E-002
   3.1466092495407577E-002
   4.8258208149959146E-002
   2.5046124181173402E-002
   3.6654130007229405E-002
   4.4503971734196533E-002
   2.1667717403355470E-002
   3.0032543422808235E-002
   4.6629679944231207E-002
   2.9822134200343596E-002
   4.1722915352726327E-002
   4.5684351151862146E-002
   4.3819776705708427E-002
   3.2533687894620612E-002
   3.7340245222673221E-002
   3.2426341248269749E-002
   2.8497233381927431E-002
   3.8917381284357705E-002
   4.6012835683270296E-002
   5.5686603223521126E-002
   2.8604947313431571E-002
   5.2072302869374983E-002
   4.0634455749085995E-002
   3.8639695194811592E-002
   3.2161169220896582E-002
   2.8343383058074410E-002
   3.5017782504930692E-002
   3.7271774815077235E-002
   4.4357513076611871E-002
   5.5235736315904692E-002
   3.2048657034825720E-002
   2.9576978790255937E-002
   3.3891818647823563E-002
   5.7058198356635143E-002
   4.6606686717093615E-002
   4.0716517663280133E-002
   3.8711564960202595E-002
   5.1406444281618995E-002
   4.5524907951941557E-002
   4.3784434430718625E-002
   3.1498230648368264E-002
   5.1768943724674665E-002
   7.1895558437082771E-002
   5.8889569386207957E-002
   4.3597928876448123E-002
   3.5504364671379858E-002
   4.4936212979190711E-002
   2.7458562552481549E-002
   2.6473865333728447E-002
   4.6939043800597817E-002
   2.8480502618755236E-002
   3.0250953161829981E-002
   3.0457517328611208E-002
   3.0298643553717718E-002
   3.1163425454162692E-002
   2.9484862148430491E-002
   4.8380683575325177E-002
   4.9116357632964354E-002
   4.6412888229168052E-002
   5.2232213571551854E-002
   3.8781323496728380E-002
   6.3588799602084009E-002
   4.6854387866229384E-002
   5.0990814716229065E-002
   3.4254531498139361E-002
   3.6483039806073814E-002
   5.7153968130502636E-002
   2.5539702332834424E-002
   4.4676434703917856E-002
   5.3745446237255905E-002
   5.1922330443270263E-002
   2.9686210045513365E-002
   4.0457155123355612E-002
   3.3037635176355828E-002
   1.6408114461530395E-002
   4.8608781830865547E-002
   2.3902743731175329E-002
   6.5360267824707496E-002
   5.2261377073823508E-002
   2.9432869103462045E-002
   3.5375720357636434E-002
   4.3910278047506537E-002
   3.1638605723218728E-002
   4.5659138953993150E-002
   8.6528405018819199E-003
   3.0136005544512352E-002
   6.6404195661503518E-002
   3.2692275799324988E-002
   4.0184082086622955E-002
   4.2291249354621176E-002
   4.2377479052887274E-002
   5.0937976131560002E-002
   3.6213061896859834E-002
   2.4605436136710832E-002
   3.7823851060661690E-002
   5.1540910738571567E-002
   4.6871288820703461E-002
   5.0791987397422252E-002
   4.8084866537992162E-002
   4.9666968871730763E-002
   4.9842821830083775E-002
   2.4705804173549051E-002
   3.1947974940576912E-002
   3.9645200902682261E-002
   4.3583527449981931E-002
   2.9800762349030077E-002
   3.4048610520719565E-002
   5.2754285020020011E-002
   4.7616140656954534E-002
   4.4306264127033215E-002
   4.7526562645449105E-002
   3.1021211226327231E-002
   4.5543140355982191E-002
   5.4446804780151632E-002
   3.8768342594150088E-002
   4.7810440591591327E-002
   2.2035591492030930E-002
   3.8729646972668175E-002
   3.3162595954085099E-002
   2.9327388191492089E-002
   4.2362065023233239E-002
   4.5539266955154215E-002
   4.4169979389330399E-002
   4.0966668878812007E-002
   3.0675249235446688E-002
   4.9091259683972439E-002
   4.4080621869376072E-002
   4.1271567971662010E-002
   3.9830278960965942E-002
   4.4903782542308021E-002
   4.7026587699509355E-002
   5.9368201802025823E-002
   6.6417539738557296E-002
   5.1292766490377312E-002
   2.6623449346764440E-002
   5.8779347036294873E-002
   3.1611556241065632E-002
   4.8192562462243710E-002
   5.4980282729528429E-002
   4.1478617773068625E-002
   2.7776424087744288E-002
   5.3732266368071123E-002
   5.8685597040619222E-002
   4.6705223353407571E-002
   3.1164773066893268E-002
   4.0491461825865480E-002
   3.5356157228007550E-002
   4.3330272102770302E-002
   1.6645475154810120E-003
   4.0088532348399181E-002
   2.8989446609592726E-002
   5.3256774699152985E-002
   5.5415331697997589E-002
   4.7457236615869938E-002
   3.7737993014237733E-002
   3.5849464576944032E-002
   4.0661881671756661E-002
   5.1535440252465280E-002
   3.8058919686287433E-002
   2.5185041907365938E-002
   3.8385238320634112E-002
   5.6759800602964074E-002
   5.0159318950594625E-002
   3.2331646020663476E-002
   2.6461142942907061E-002
   5.1954312184693659E-002
   3.7677145923597367E-002
   3.3592078008977386E-002
   3.9726679757215069E-002
   3.5897336145567157E-002
   5.1180587757245877E-002
   2.7422159775615303E-002
   3.5665583696707179E-002
   5.1672136413182836E-002
   4.3631133676997599E-002
   3.5494549829362697E-002
   1.6891849539152234E-002
   3.7374838648131001E-002
   4.9812094513585710E-002
   3.8176241845783138E-002
   4.4681518843972957E-002
   3.7785438536389680E-002
   4.4239089672994926E-002
   3.2098050489937587E-002
   2.7947088352030861E-002
   3.6172091131975649E-002
   3.4022596412388750E-002
   3.9794612024562991E-002
   3.2778515494418618E-002
   3.8288676214946867E-002
   2.0257522585649685E-002
   4.1540247331001479E-002
   6.1124551468597993E-002
   3.2958564022806190E-002
   3.3678489630652717E-002
   3.1226707106142292E-002
   1.9828271855661141E-002
   2.5629009434555913E-002
   3.7633006059194805E-002
   2.7091260833185540E-002
   4.4994888189708281E-002
   5.5886941763846683E-002
   3.0638411155447538E-002
   2.1600237621467303E-002
   5.8369962308997769E-002
   4.2897266886408159E-002
   5.8219245786315502E-002
   4.0296811880058285E-002
   4.4896733476212300E-002
   2.5476916047272997E-002
   2.6565457182090611E-002
   2.7763629207065380E-002
   4.1552921348619813E-002
   3.4958524676355282E-002
   3.7373914937299912E-002
   2.8751833079726258E-002
   2.7721746237660331E-002
   5.6090337914149024E-002
   4.8432449810196454E-002
   3.7971166867288304E-002
   4.1572174354229940E-002
   3.5939120336716063E-002
   6.1800679262372045E-002
   4.9483476201499572E-002
   4.5231291466324798E-002
   5.5365407961430253E-002
   3.2459956241457498E-002
   4.1353395965897426E-002
   3.0641713117444250E-002
   4.6990858316394192E-002
   3.7226834840611331E-002
   2.4526333717458257E-002
   5.2814581615331133E-002
   5.7862004395053387E-002
   3.8462182957058076E-002
   4.4111235822695383E-002
   4.1593728226196579E-002
   3.1111387577537050E-002
   1.5943400809378627E-002
   4.3804424051481140E-002
   1.1310989499922347E-002
   4.5348310622374613E-002
   3.7937426303159306E-002
   4.8175028358355070E-002
   2.6959396270036025E-002
   2.8137794815526460E-002
   2.9077568311986768E-002
   3.2163913205533905E-002
   3.3944735420387208E-002
   4.1727911145261753E-002
   4.1160507488392659E-002
   4.0284725543346028E-002
   3.9654876814599276E-002
   2.6778824226814036E-002
   4.1428198260066378E-002
   5.5170650854036302E-002
   3.3938858277319683E-002
   3.0074756741207520E-002
   4.4206765160979870E-002
   3.3597508055462341E-002
   3.3915393883699498E-002
   3.9239442736524882E-002
   6.2284894773718728E-002
   5.5561720344287850E-002
   3.6370442394713709E-002
   3.5352588206752730E-002
   4.3980684296440031E-002
   3.9565942355891948E-002
   6.4474073205736129E-002
   5.5838254873575618E-002
   4.9187788895038928E-002
   5.5736503759164967E-002
   4.2151073508419699E-002
   4.5311097532127836E-002
   2.4623519824771050E-002
   4.0056368701124702E-002
   4.1994648043194860E-002
   4.7578284487103495E-002
   6.0702850381221682E-002
   4.7569081682328040E-002
   4.3595327433186781E-002
   5.0578311149444548E-002
   4.0375734293057762E-002
   4.0328726561424763E-002
   2.2460778240046091E-002
   4.0652525299910897E-002
   3.7637748563172965E-002
   2.7307199122382272E-002
   3.5124932612145665E-002
   6.4806384501124359E-002
   4.0147905282064897E-002
   5.4893458289362949E-002
   4.4296445353170739E-002
   4.9160851747564273E-002
   3.5839324387331360E-002
   4.2208350771085472E-002
   5.3640460043380744E-002
   3.3264414448642421E-002
   4.8009884005737413E-002
   3.8169827790198028E-002
   3.4718381263123863E-002
   3.0227953849867571E-002
   3.1470018965221183E-002
   2.6575878757361244E-002
   3.4377922863430582E-002
   5.1666169446194239E-002
   2.3749846445098040E-002
   3.6220692168056047E-002
   2.5215372989052128E-002
   3.8208763319271019E-002
   3.8813361103003916E-002
   4.2165211485709488E-002
   1.9926652797537959E-002
   4.8595541884485227E-002
   3.7311175674118797E-002
   2.7800141793159643E-002
   4.6403939792943098E-002
   5.3620323111236573E-002
   3.7875380385247938E-002
   1.9650300344995167E-002
   7.4463837620327045E-002
   4.7842596938499897E-002
   2.7634963784218224E-002
   4.4047572730099967E-002
   5.3770370133395196E-002
   5.7767652716829591E-002
   5.4184147098056128E-002
   3.8315578443497852E-002
   4.0358951838593851E-002
   4.3227750328035615E-002
   4.1997959246434249E-002
   3.0830612002352636E-002
   4.6723254865662700E-002
   4.8476284239007454E-002
   5.7559304785756216E-002
   3.9654686481756747E-002
   3.3075612328392005E-002
   4.2843036185132147E-002
   6.9401316103371413E-002
   4.7215936032286313E-002
   3.7879401277383512E-002
   3.4492464297379018E-002
   4.0293238222291895E-002
   4.4006251983182948E-002
   3.7517398439373739E-002
   5.9467107353374050E-002
   3.2784425132150130E-002
   3.9475979878786704E-002
   4.3607692632555831E-002
   2.0037095418329966E-002
   3.4215178776882751E-002
   4.1662739936705391E-002
   4.9866026269615234E-002
   5.0912297472093457E-002
   4.3362106480720655E-002
   2.7798511162487320E-002
   3.3091759101373679E-002
